# els,n0s['EB'],n0s[q'EE'],n0s['TT'],n0s['TB'],n0s['TE'], mv
2.000000000000000000e+00 2.364631148753147945e-09 3.205043578936578416e-09 4.921179967927719656e-09 2.334718392132936952e-08 4.551334710708266297e-09 8.328766675499530391e-10
1.200000000000000000e+01 1.824603979889612824e-12 2.480203554640044507e-12 3.800708769654706747e-12 1.801378399031509908e-11 3.523576278818647882e-12 6.436326499136449188e-13
2.200000000000000000e+01 1.615286429700701806e-13 2.210927519939512714e-13 3.371282024130797367e-13 1.594425892780198945e-12 3.144452688304884331e-13 5.718383214100043673e-14
3.200000000000000000e+01 3.609530158238690608e-14 4.994703683640869627e-14 7.555586539379328189e-14 3.561606757499271788e-13 7.116476299228864226e-14 1.285008382897955719e-14
4.200000000000000000e+01 1.216878742968045527e-14 1.709007672154004425e-14 2.556976510575806600e-14 1.200078658645401411e-13 2.441369100668264419e-14 4.365038681046101216e-15
5.200000000000000000e+01 5.182232967291668597e-15 7.415495280242674086e-15 1.094017274770288984e-14 5.107719631235657054e-14 1.063069791957360978e-14 1.876625343800269507e-15
6.200000000000000000e+01 2.566492660777936299e-15 3.756396000922191800e-15 5.447753942665812155e-15 2.528474672251679239e-14 5.409761819444307680e-15 9.400158362236106292e-16
7.200000000000000000e+01 1.412651347611910513e-15 2.123016393858568157e-15 3.017217954849054741e-15 1.391545014069254347e-14 3.075088137394016123e-15 5.242726935059739111e-16
8.200000000000000000e+01 8.406892503650284199e-16 1.302321460580849686e-15 1.808046706972928567e-15 8.283652977891635786e-15 1.899743021151598703e-15 3.167012936271148105e-16
9.200000000000000000e+01 5.312718442307106508e-16 8.516028897761269408e-16 1.151275543625855044e-15 5.238585946855384019e-15 1.252927025852727648e-15 2.034937493558212331e-16
1.020000000000000000e+02 3.521107166178829023e-16 5.862734541057247245e-16 7.692997869090477653e-16 3.475725973133665256e-15 8.713799812620406549e-16 1.373456103582844070e-16
1.120000000000000000e+02 2.425712393554519666e-16 4.211186227569512540e-16 5.346191780985022095e-16 2.397623694953642415e-15 6.334412119664741146e-16 9.649364745895385386e-17
1.220000000000000000e+02 1.725485919562943059e-16 3.134955855586364572e-16 3.838019363308384138e-16 1.707948398531272110e-15 4.781633716869705145e-16 7.008862576384205545e-17
1.320000000000000000e+02 1.260940797848726257e-16 2.406196644196672908e-16 2.831655274518330316e-16 1.249887934808832832e-15 3.729445752251790796e-16 5.235749742980732551e-17
1.420000000000000000e+02 9.429188630965096758e-17 1.896356079383162274e-16 2.138366186240609767e-16 9.358725714023829698e-16 2.993700533587741582e-16 4.005772455356992652e-17
1.520000000000000000e+02 7.192675568450399718e-17 1.529488045167554142e-16 1.647459036662398710e-16 7.147197550931805957e-16 2.465493402171820387e-16 3.128298951136066360e-17
1.620000000000000000e+02 5.582756479111422406e-17 1.258917360097991203e-16 1.291472517252901648e-16 5.553177241847693822e-16 2.077832860693324584e-16 2.486806964106964727e-17
1.720000000000000000e+02 4.400041613152184870e-17 1.054954109387662957e-16 1.027869713127084445e-16 4.380975225382718449e-16 1.788071892717627138e-16 2.007620297960389459e-17
1.820000000000000000e+02 3.515435994505969540e-17 8.981298452724953009e-17 8.290281968787548425e-17 3.503747187415466160e-16 1.568223123565834407e-16 1.642757211682327901e-17
1.920000000000000000e+02 2.843171787610395595e-17 7.753272535126334496e-17 6.765516311133956154e-17 2.837055167806794985e-16 1.399402530809496036e-16 1.360150190997277625e-17
2.020000000000000000e+02 2.324945790551286457e-17 6.774875603651345111e-17 5.578919115970593359e-17 2.323344786025771837e-16 1.268523133234758586e-16 1.137862049253991390e-17
2.120000000000000000e+02 1.920304692691732379e-17 5.982131521862690923e-17 4.643208175704906582e-17 1.922552497783971235e-16 1.166261046587370666e-16 9.605762207474740070e-18
2.220000000000000000e+02 1.600659128142293453e-17 5.328925840896128984e-17 3.896476128150887499e-17 1.606264352424732709e-16 1.085760976628956293e-16 8.173958740760714231e-18
2.320000000000000000e+02 1.345466081434064794e-17 4.781418898402966826e-17 3.294099602196642302e-17 1.353992930964239281e-16 1.021785409556862092e-16 7.004388203613238723e-18
2.420000000000000000e+02 1.139740626198003878e-17 4.314418673149277955e-17 2.803435743857913046e-17 1.150749262996719727e-16 9.701385492529106972e-17 6.039170046430129016e-18
2.520000000000000000e+02 9.724016531908134459e-18 3.908990824884093965e-17 2.400203005547235358e-17 9.854261072619555089e-17 9.272720513929267347e-17 5.235175274165043439e-18
2.620000000000000000e+02 8.351520592722039632e-18 3.550880253190016343e-17 2.066176339844554821e-17 8.497003969237165584e-17 8.900276131112605816e-17 4.559885650780632460e-18
2.720000000000000000e+02 7.217080660984073855e-18 3.229444107242816059e-17 1.787455029957648478e-17 7.372749425147252917e-17 8.555008711915680261e-17 3.988461453280841020e-18
2.820000000000000000e+02 6.272606629813972911e-18 2.936912026410095658e-17 1.553346132221668974e-17 6.433460221353978010e-17 8.210309295134007716e-17 3.501726449607973464e-18
2.920000000000000000e+02 5.480939185845803251e-18 2.667832371061954859e-17 1.355537574452281259e-17 5.642238429247277641e-17 7.843168125320449348e-17 3.084715737173819887e-18
3.020000000000000000e+02 4.813108900699438472e-18 2.418622659814087421e-17 1.187488846142740430e-17 4.970582394631517119e-17 7.436476459482091756e-17 2.725622394346744386e-18
3.120000000000000000e+02 4.246344612146684311e-18 2.187136632571127562e-17 1.044024242803201717e-17 4.396373743119214594e-17 6.981418827148880001e-17 2.415041740926848014e-18
3.220000000000000000e+02 3.762610101932772073e-18 1.972264341414880355e-17 9.209919100034498222e-18 3.902377687666115757e-17 6.479186479920917353e-17 2.145397345224102405e-18
3.320000000000000000e+02 3.347517495584089957e-18 1.773549021622633153e-17 8.150553906036960759e-18 3.475104079484609300e-17 5.940669380054630359e-17 1.910536315447089638e-18
3.420000000000000000e+02 2.989512770953854036e-18 1.590848110740313777e-17 7.234838734401750255e-18 3.103931158762707681e-17 5.383824833793991548e-17 1.705397181770089284e-18
3.520000000000000000e+02 2.679259651779927933e-18 1.424067475151892205e-17 6.440592636466721278e-18 2.780420058673276907e-17 4.829500313159296371e-17 1.525795310490160444e-18
3.620000000000000000e+02 2.409169436148628932e-18 1.272981386069230787e-17 5.749524561385919012e-18 2.497772547278643873e-17 4.297169029123327386e-17 1.368230912452535145e-18
3.720000000000000000e+02 2.173039514431469055e-18 1.137140411712790611e-17 5.146346053318431422e-18 2.250402539870319900e-17 3.801908343035636961e-17 1.229745328222314292e-18
3.820000000000000000e+02 1.965772956865499448e-18 1.015851821146447552e-17 4.618434066729708130e-18 2.033602761815858306e-17 3.353167496392804084e-17 1.107830373105669165e-18
3.920000000000000000e+02 1.783159749105759026e-18 9.082108869147591648e-18 4.155093206830604013e-18 1.843301778303382068e-17 2.955044547476493558e-17 1.000331871812615626e-18
4.020000000000000000e+02 1.621705098112673686e-18 8.131608138044184088e-18 3.747395973391041637e-18 1.675906248054988815e-17 2.607438353488710396e-17 9.053994917588684096e-19
4.120000000000000000e+02 1.478493221865785120e-18 7.295543997002018390e-18 3.387726351176221664e-18 1.528219517473256530e-17 2.307434999296925948e-17 8.214285965384978941e-19
4.220000000000000000e+02 1.351079358928143055e-18 6.562192345105313358e-18 3.069623544866635304e-18 1.397417696015430096e-17 2.050554455147875450e-17 7.470280726187771153e-19
4.320000000000000000e+02 1.237403308560934272e-18 5.920086091023688999e-18 2.787677654794052026e-18 1.281052971290910247e-17 1.831686870102038849e-17 6.809960884651684099e-19
4.420000000000000000e+02 1.135720245509600336e-18 5.358344887555263334e-18 2.537183140276311289e-18 1.177053704716235691e-17 1.645691664895527942e-17 6.222838022941948150e-19
4.520000000000000000e+02 1.044544904625477122e-18 4.866903035444323163e-18 2.314089205885649914e-18 1.083703592946397553e-17 1.487753252750210542e-17 5.699787871941959172e-19
4.620000000000000000e+02 9.626067302266336108e-19 4.436626875670761074e-18 2.114958519739722430e-18 9.996001796954444869e-18 1.353551684209078317e-17 5.232904764005511326e-19
4.720000000000000000e+02 8.888135825636834071e-19 4.059345704043901136e-18 1.936796231077034437e-18 9.236010143067335115e-18 1.239312749596455469e-17 4.815288527185971164e-19
4.820000000000000000e+02 8.222222707272620877e-19 3.727828337059117048e-18 1.777013141597295067e-18 8.547681486227645843e-18 1.141792833582320429e-17 4.440924802729198216e-19
4.920000000000000000e+02 7.620146356254427045e-19 3.435741513480057753e-18 1.633417991099259859e-18 7.923190560267221682e-18 1.058235979468634411e-17 4.104600713947008908e-19
5.020000000000000000e+02 7.074780306797121889e-19 3.177548314897434813e-18 1.504054149385853409e-18 7.355872633571653943e-18 9.863030640620342342e-18 3.801726739149881731e-19
5.120000000000000000e+02 6.579893911372128050e-19 2.948440105697056963e-18 1.387267978865242253e-18 6.839931043782752820e-18 9.240138680416281881e-18 3.528321574362407370e-19
5.220000000000000000e+02 6.130020994588145023e-19 2.744250581371760037e-18 1.281592702231505349e-18 6.370231863897908127e-18 8.696844270723454734e-18 3.280885656124535514e-19
5.320000000000000000e+02 5.720351262375487642e-19 2.561378393370368052e-18 1.185762943772730688e-18 5.942167748748021316e-18 8.218771299648110766e-18 3.056365950186665164e-19
5.420000000000000000e+02 5.346640368932732738e-19 2.396716638209435699e-18 1.098672185351747614e-18 5.551573509698749413e-18 7.793573224793634808e-18 2.852090234677032952e-19
5.520000000000000000e+02 5.005134456040353348e-19 2.247591217931847324e-18 1.019362092346504852e-18 5.194676516487421428e-18 7.410604958159904139e-18 2.665727418347659761e-19
5.620000000000000000e+02 4.692506793903234436e-19 2.111708040730540641e-18 9.469883517115745514e-19 4.868068237592389716e-18 7.060677627026295600e-18 2.495236354174420965e-19
5.720000000000000000e+02 4.405804432008093607e-19 1.987108583117775087e-18 8.808181073937379527e-19 4.568688360557412343e-18 6.735900741659069868e-18 2.338839650693805041e-19
5.820000000000000000e+02 4.142402924387176568e-19 1.872132263372135558e-18 8.202076215358600560e-19 4.293813012346024490e-18 6.429596049955440817e-18 2.194987032978221194e-19
5.920000000000000000e+02 3.899968068392978587e-19 1.765385265489717727e-18 7.645851261071042657e-19 4.041041235366351139e-18 6.136255854352332340e-18 2.062324352986672388e-19
6.020000000000000000e+02 3.676423001271459642e-19 1.665710655510855215e-18 7.134547120152893439e-19 3.808276182500184908e-18 5.851541197582994993e-18 1.939679318767409284e-19
6.120000000000000000e+02 3.469919732067138689e-19 1.572164745341835357e-18 6.663641337316704034e-19 3.593697275159309354e-18 5.572278546821604605e-18 1.826022939304790320e-19
6.220000000000000000e+02 3.278814435167339088e-19 1.483995967595620080e-18 6.229455184714677625e-19 3.395722493018069228e-18 5.296454502718705264e-18 1.720486447167361442e-19
6.320000000000000000e+02 3.101645620514035954e-19 1.400619404080835019e-18 5.828643642397215060e-19 3.212961151004112640e-18 5.023142917311175891e-18 1.622310606654771166e-19
6.420000000000000000e+02 2.937114520317006017e-19 1.321593090240895179e-18 5.458085879564832245e-19 3.044161669014178741e-18 4.752389430156262231e-18 1.530824626404856250e-19
6.520000000000000000e+02 2.784067609233581830e-19 1.246595321253006136e-18 5.115095823902008576e-19 2.888161272443372989e-18 4.485047991841969606e-18 1.445451527928977686e-19
6.620000000000000000e+02 2.641480695204330928e-19 1.175400388865624716e-18 4.797349558662771456e-19 2.743844766149433826e-18 4.222566621142301935e-18 1.365693229857669336e-19
6.720000000000000000e+02 2.508444276724409157e-19 1.107855032355093731e-18 4.502611190486886282e-19 2.610119954861231421e-18 3.966742189459656022e-18 1.291099988975407221e-19
6.820000000000000000e+02 2.384150281360489011e-19 1.043855685927267554e-18 4.229087443233198935e-19 2.485913280567865578e-18 3.719491222614998129e-18 1.221291969465689795e-19
6.920000000000000000e+02 2.267879906040289938e-19 9.833348074281245914e-19 3.974895578424370883e-19 2.370184013134965887e-18 3.482621529585554714e-18 1.155910378609894803e-19
7.020000000000000000e+02 2.158992886402931270e-19 9.262362413157306938e-19 3.738635613105687895e-19 2.261950966277651556e-18 3.257696295084761892e-18 1.094659402999729192e-19
7.120000000000000000e+02 2.056917676109789868e-19 8.725055097197994120e-19 3.518836159011479174e-19 2.160322815332668268e-18 3.045903789553972089e-18 1.037256154018464515e-19
7.220000000000000000e+02 1.961142523642015788e-19 8.220805810216644189e-19 3.314245264912589781e-19 2.064523978374551854e-18 2.848020256157550012e-18 9.834517821844452245e-20
7.320000000000000000e+02 1.871207793765648775e-19 7.748850156697079943e-19 3.123625076981531958e-19 1.973910517728104852e-18 2.664400225071942361e-18 9.330105800394848185e-20
7.420000000000000000e+02 1.786698860195100980e-19 7.308254493706893440e-19 2.945977748611194142e-19 1.887973117097567116e-18 2.495026520598324173e-18 8.857274690731152487e-20
7.520000000000000000e+02 1.707240052330652172e-19 6.897902500427792598e-19 2.780331154413432246e-19 1.806328466909272318e-18 2.339558903134284018e-18 8.414068293782161156e-20
7.620000000000000000e+02 1.632489242772436433e-19 6.516505212602089819e-19 2.625741956039065353e-19 1.728701126363345706e-18 2.197400918992405052e-18 7.998605717608508397e-20
7.720000000000000000e+02 1.562133099922419595e-19 6.162630855649230246e-19 2.481435863139719205e-19 1.654899086521470850e-18 2.067780605085906628e-18 7.609198645999488149e-20
7.820000000000000000e+02 1.495883053489542828e-19 5.834726200106355172e-19 2.346590275959203677e-19 1.584787300169015677e-18 1.949797592228070250e-18 7.244137083252812034e-20
7.920000000000000000e+02 1.433471811768825183e-19 5.531161085844949051e-19 2.220536672067551331e-19 1.518262844745310609e-18 1.842491727933717945e-18 6.901875466765707709e-20
8.020000000000000000e+02 1.374650463765890570e-19 5.250248849027935694e-19 2.102587352176372461e-19 1.455233101250856126e-18 1.744872693433880293e-18 6.580862758918808630e-20
8.120000000000000000e+02 1.319186066272345217e-19 4.990286945897510867e-19 1.992160267012469734e-19 1.395599781922156554e-18 1.655959658770908438e-18 6.279664236174864392e-20
8.220000000000000000e+02 1.266859854846129803e-19 4.749586878328810243e-19 1.888746119697994527e-19 1.339248480619920463e-18 1.574805778800879254e-18 5.996935538128154235e-20
8.320000000000000000e+02 1.217465795377508471e-19 4.526485889534717794e-19 1.791774832290408369e-19 1.286043132135203045e-18 1.500501670069904399e-18 5.731288479342313506e-20
8.420000000000000000e+02 1.170809636704074241e-19 4.319376872820832736e-19 1.700787839006121195e-19 1.235825899516951726e-18 1.432199682307805761e-18 5.481471298739901555e-20
8.520000000000000000e+02 1.126708140822696844e-19 4.126724436306883295e-19 1.615395329356170297e-19 1.188420148255941662e-18 1.369113655665205264e-18 5.246333656220796522e-20
8.620000000000000000e+02 1.084988541394575422e-19 3.947061806035325262e-19 1.535107433551536574e-19 1.143636211645222107e-18 1.310516528150333956e-18 5.024650629116925848e-20
8.720000000000000000e+02 1.045488194605362070e-19 3.779025848646789769e-19 1.459622298665735045e-19 1.101278719510425325e-18 1.255756307005472612e-18 4.815436416476911413e-20
8.820000000000000000e+02 1.008054198417785219e-19 3.621345793703599182e-19 1.388548618341838331e-19 1.061154201475001146e-18 1.204243342134266197e-18 4.617649963921305801e-20
8.920000000000000000e+02 9.725432370461478402e-20 3.472860797510314094e-19 1.321608678471333979e-19 1.023078594687262255e-18 1.155462005961227534e-18 4.430420175908941551e-20
9.020000000000000000e+02 9.388213378398451126e-20 3.332515224004000656e-19 1.258486094153059279e-19 9.868838053502766954e-19 1.108963520700559427e-18 4.252879792770486108e-20
9.120000000000000000e+02 9.067637174410662974e-20 3.199372200760351798e-19 1.198953215844609976e-19 9.524229365599301987e-19 1.064372917493414425e-18 4.084312035443104442e-20
9.220000000000000000e+02 8.762545737896186548e-20 3.072602742334811852e-19 1.142711234031864981e-19 9.195732841385556621e-19 1.021381887654611975e-18 3.923965742299739786e-20
9.320000000000000000e+02 8.471868972836450958e-20 2.951499925640012645e-19 1.089569571090085406e-19 8.882374925428140935e-19 9.797533863404009209e-19 3.771264524288067687e-20
9.420000000000000000e+02 8.194622148398100059e-20 2.835468560649815233e-19 1.039339031415552617e-19 8.583417486032432120e-19 9.393151801171107636e-19 3.625681561197638327e-20
9.520000000000000000e+02 7.929903531986528802e-20 2.724020159548858417e-19 9.918163911270512562e-20 8.298314942193184190e-19 8.999551420944264750e-19 3.486716257029187431e-20
9.620000000000000000e+02 7.676891581755580120e-20 2.616769265898940827e-19 9.468283564370518047e-20 8.026650318409652965e-19 8.616165718065567799e-19 3.353943663327977667e-20
9.720000000000000000e+02 7.434841324951349247e-20 2.513423230480216279e-19 9.042121966688986372e-20 7.768053000650753747e-19 8.242894132475111553e-19 3.226986421495303472e-20
9.820000000000000000e+02 7.203080584020778554e-20 2.413775561926161183e-19 8.638372189588302308e-20 7.522113531667994407e-19 7.880019716671742296e-19 3.105538248211435342e-20
9.920000000000000000e+02 6.981004658800064044e-20 2.317683439089562811e-19 8.255328331952335202e-20 7.288310415439999718e-19 7.528078543665742504e-19 2.989264257886410101e-20
1.002000000000000000e+03 6.768071374784792242e-20 2.225064334876614275e-19 7.891997228921903128e-20 7.065971021765433211e-19 7.187809548670789975e-19 2.877942007017575068e-20
1.012000000000000000e+03 6.563795506772569833e-20 2.135881424555780205e-19 7.547434569677524439e-20 6.854270756349389110e-19 6.860018763667721025e-19 2.771373051003888090e-20
1.022000000000000000e+03 6.367742408076683571e-20 2.050124280650484216e-19 7.220348047711155083e-20 6.652277511906807312e-19 6.545470327640385970e-19 2.669323716314551023e-20
1.032000000000000000e+03 6.179520981835109705e-20 1.967800499871561306e-19 6.909761310516484773e-20 6.459023389475305851e-19 6.244836511460780946e-19 2.571611364642580388e-20
1.042000000000000000e+03 5.998777434366972367e-20 1.888924053862630427e-19 6.614816616609227404e-20 6.273586264738292576e-19 5.958632797167320311e-19 2.478076366634086822e-20
1.052000000000000000e+03 5.825188641444694951e-20 1.813503828986982643e-19 6.334578257017563475e-20 6.095155599977700155e-19 5.687175961526948999e-19 2.388551774574231864e-20
1.062000000000000000e+03 5.658456899997603318e-20 1.741536920209950309e-19 6.068255333903260793e-20 5.923076210034197201e-19 5.430568843666023447e-19 2.302892127504965930e-20
1.072000000000000000e+03 5.498304269164780046e-20 1.673006880274332188e-19 5.815047252133288624e-20 5.756860464733469207e-19 5.188701498977129378e-19 2.220950133505998109e-20
1.082000000000000000e+03 5.344468137436999833e-20 1.607873325714876465e-19 5.574168062753671848e-20 5.596177045593954925e-19 4.961257994649542850e-19 2.142576464952202067e-20
1.092000000000000000e+03 5.196697455721185650e-20 1.546076440169734630e-19 5.345117352844238093e-20 5.440823745173944009e-19 4.747779718006801458e-19 2.067660302541532771e-20
1.102000000000000000e+03 5.054749910501031963e-20 1.487531983179746538e-19 5.127156076346041909e-20 5.290691579005673441e-19 4.547638094438212397e-19 1.996049318126763654e-20
1.112000000000000000e+03 4.918389369707752894e-20 1.432134175427169177e-19 4.919617936943373054e-20 5.145727804842223180e-19 4.360092261369893384e-19 1.927595057304574482e-20
1.122000000000000000e+03 4.787384351590586258e-20 1.379758355375289313e-19 4.721891003368785354e-20 5.005902620983216513e-19 4.184333202357849567e-19 1.862150795945346218e-20
1.132000000000000000e+03 4.661507149798937726e-20 1.330265801280166250e-19 4.533637233812792946e-20 4.871182301569077028e-19 4.019518320544236889e-19 1.799607291509196413e-20
1.142000000000000000e+03 4.540532894182308025e-20 1.283498620274496491e-19 4.354146129016829796e-20 4.741508550917752674e-19 3.864747735011165483e-19 1.739790318563329810e-20
1.152000000000000000e+03 4.424239920875310078e-20 1.239292519870152833e-19 4.183060839005646996e-20 4.616789007215658640e-19 3.719150918009111996e-19 1.682578093676717775e-20
1.162000000000000000e+03 4.312409574620564980e-20 1.197474048945561376e-19 4.019871376797471038e-20 4.496891980351993373e-19 3.581860759256863045e-19 1.627820769271767587e-20
1.172000000000000000e+03 4.204826910950218901e-20 1.157865542996590406e-19 3.864128180850897935e-20 4.381650771617202691e-19 3.452041264611167761e-19 1.575375904504633945e-20
1.182000000000000000e+03 4.101281350416569257e-20 1.120288625353802901e-19 3.715430695513424145e-20 4.270871841313691938e-19 3.328910267019001847e-19 1.525108549908116622e-20
1.192000000000000000e+03 4.001567169741895793e-20 1.084564604107437165e-19 3.573228678824381285e-20 4.164344827826143975e-19 3.211718760158294684e-19 1.476857737190406165e-20
1.202000000000000000e+03 3.905484764416160086e-20 1.050526819405133236e-19 3.437427340279440262e-20 4.061857486549130276e-19 3.099808051309664643e-19 1.430543379727448935e-20
1.212000000000000000e+03 3.812841368940007834e-20 1.018011065215500397e-19 3.307683922866645903e-20 3.963206889120704327e-19 2.992566370112140134e-19 1.386045701676688451e-20
1.222000000000000000e+03 3.723451814152525406e-20 9.868621317784103459e-20 3.183549892105221541e-20 3.868207022345115887e-19 2.889441917127275051e-19 1.343229240375234986e-20
1.232000000000000000e+03 3.637140245202490555e-20 9.569397369930737962e-20 3.064798753922278932e-20 3.776696974558647839e-19 2.789971089391040915e-19 1.302002642267930010e-20
1.242000000000000000e+03 3.553740504252257093e-20 9.281165047505126489e-20 2.951165334057604983e-20 3.688538921974644728e-19 2.693755237790187857e-19 1.262272698994220869e-20
1.252000000000000000e+03 3.473096927909254193e-20 9.002782857330111555e-20 2.842290120758539523e-20 3.603613916507656218e-19 2.600469384999197811e-19 1.223933705028082114e-20
1.262000000000000000e+03 3.395065077464996613e-20 8.733298113862975394e-20 2.738045872483437376e-20 3.521813326799082244e-19 2.509867009229817091e-19 1.186928643674166122e-20
1.272000000000000000e+03 3.319511517354202820e-20 8.471897919253269451e-20 2.638068085437869284e-20 3.443025899312122809e-19 2.421764925024757841e-19 1.151161105400831839e-20
1.282000000000000000e+03 3.246314041357014739e-20 8.217967472112023106e-20 2.542329414121433463e-20 3.367128063793344630e-19 2.336053443859323360e-19 1.116604235287045404e-20
1.292000000000000000e+03 3.175360953985788409e-20 7.971004016280072122e-20 2.450502463428173674e-20 3.293973781671080027e-19 2.252670377935838091e-19 1.083177951347717765e-20
1.302000000000000000e+03 3.106551126678515307e-20 7.730676088203269019e-20 2.362446088307809501e-20 3.223392995440150712e-19 2.171611452171727350e-19 1.050842687658213138e-20
1.312000000000000000e+03 3.039792993208584829e-20 7.496772927207716186e-20 2.277945615812620865e-20 3.155192031172490144e-19 2.092906806548873436e-19 1.019548030020599866e-20
1.322000000000000000e+03 2.975004172800391255e-20 7.269200584668622088e-20 2.196868176064185360e-20 3.089163610407833495e-19 2.016616315843081776e-19 9.892631552334972053e-21
1.332000000000000000e+03 2.912110398515958374e-20 7.047957466396419610e-20 2.119062361110927638e-20 3.025096774657545431e-19 1.942813165544102514e-19 9.599563520305363581e-21
1.342000000000000000e+03 2.851044574366986500e-20 6.833108549832376227e-20 2.044390127969957583e-20 2.962791755279250467e-19 1.871573551216394696e-19 9.316006932506900960e-21
1.352000000000000000e+03 2.791745957262955694e-20 6.624762746401341755e-20 1.972727408399752327e-20 2.902074268692574145e-19 1.802971083273705275e-19 9.041737578211816594e-21
1.362000000000000000e+03 2.734158906651181745e-20 6.423049582512654821e-20 1.903898040750484049e-20 2.842802863449795841e-19 1.737056725499401391e-19 8.776426736787999524e-21
1.372000000000000000e+03 2.678232264174568325e-20 6.228098994265438595e-20 1.837773759664970196e-20 2.784876395569084710e-19 1.673860959594310654e-19 8.519845367641564107e-21
1.382000000000000000e+03 2.623917912209175508e-20 6.040019912632637938e-20 1.774197964046340941e-20 2.728232953647396337e-19 1.613388987517483586e-19 8.271696054217844299e-21
1.392000000000000000e+03 2.571169884673994355e-20 5.858915563576883720e-20 1.713109210314615281e-20 2.672845160383658010e-19 1.555626619252584711e-19 8.031882688238447603e-21
1.402000000000000000e+03 2.519944240049683702e-20 5.684857460326829442e-20 1.654485227231611447e-20 2.618714388146238035e-19 1.500533835423031739e-19 7.800389195095182077e-21
1.412000000000000000e+03 2.470196890907203659e-20 5.517827802218253291e-20 1.598125948801827316e-20 2.565857768891868388e-19 1.448028655841285831e-19 7.576776968194261882e-21
1.422000000000000000e+03 2.421884114943555876e-20 5.357765807327435783e-20 1.543932062176749458e-20 2.514301750319300014e-19 1.398013372189450820e-19 7.360810340113997619e-21
1.432000000000000000e+03 2.374961990436497417e-20 5.204601459914101269e-20 1.491903196011940977e-20 2.464073260992654330e-19 1.350391399168217275e-19 7.152474000539734063e-21
1.442000000000000000e+03 2.329385578730040429e-20 5.058130648163666585e-20 1.441816893710708398e-20 2.415189860577467918e-19 1.305022384380871136e-19 6.951201357400941378e-21
1.452000000000000000e+03 2.285110290631096633e-20 4.918180848748892161e-20 1.393698904375850441e-20 2.367659831195693089e-19 1.261785875569061031e-19 6.757001053088819138e-21
1.462000000000000000e+03 2.242090342004476442e-20 4.784454824556197423e-20 1.347381897758951550e-20 2.321475771852653117e-19 1.220533456917112671e-19 6.569395386428651231e-21
1.472000000000000000e+03 2.200280471203152273e-20 4.656680101320743755e-20 1.302843464257660241e-20 2.276616708601735437e-19 1.181134014746808732e-19 6.388250023891989392e-21
1.482000000000000000e+03 2.159635153567404129e-20 4.534518671168833695e-20 1.259991225125456440e-20 2.233048565166985380e-19 1.143451610520467951e-19 6.213247058315791612e-21
1.492000000000000000e+03 2.120109491379420434e-20 4.417621709331531947e-20 1.218786252157300768e-20 2.190727470762637763e-19 1.107355252584961036e-19 6.044193301863444983e-21
1.502000000000000000e+03 2.081658020862638525e-20 4.305586901008453481e-20 1.179085582611156494e-20 2.149600766136722179e-19 1.072714000937932874e-19 5.880625795798845984e-21
1.512000000000000000e+03 2.044237089060497752e-20 4.198044439531368946e-20 1.140867385153414317e-20 2.109615097414238755e-19 1.039410961994745948e-19 5.722386611012138605e-21
1.522000000000000000e+03 2.007803713505443433e-20 4.094634868214493856e-20 1.104105538623502612e-20 2.070717891557113299e-19 1.007339491202665893e-19 5.569314788348153487e-21
1.532000000000000000e+03 1.972315344890495463e-20 3.994949479683622780e-20 1.068686507816797221e-20 2.032860518309424014e-19 9.763944217991462030e-20 5.421018324254829338e-21
1.542000000000000000e+03 1.937731570660419421e-20 3.898657813948471345e-20 1.034601462596300411e-20 1.996001609401689990e-19 9.464855600797829272e-20 5.277390698722420658e-21
1.552000000000000000e+03 1.904012261656342074e-20 3.805406390231114656e-20 1.001752642055263402e-20 1.960105564240224560e-19 9.175264744477270104e-20 5.138092689091591463e-21
1.562000000000000000e+03 1.871120879754878411e-20 3.714894087645388077e-20 9.701116962863320759e-21 1.925149422842153712e-19 8.894507916235886647e-20 5.002982330255820227e-21
1.572000000000000000e+03 1.839021553915594737e-20 3.626849939439004904e-20 9.396105678913104376e-21 1.891112693992363010e-19 8.621964816823774284e-20 4.871819395309180670e-21
1.582000000000000000e+03 1.807681097790953773e-20 3.541029206367028682e-20 9.101930289129685718e-21 1.857980616004439000e-19 8.357147869003776425e-20 4.744403194044447300e-21
1.592000000000000000e+03 1.777069719241295524e-20 3.457264358671820426e-20 8.818775331101962883e-21 1.825739873535763828e-19 8.099722893251094170e-20 4.620756529785232860e-21
1.602000000000000000e+03 1.747158490418983666e-20 3.375377856811592313e-20 8.545671044122709101e-21 1.794371153391551372e-19 7.849425986284050954e-20 4.500588084237514856e-21
1.612000000000000000e+03 1.717922727717487761e-20 3.295281760776388884e-20 8.282653006503383331e-21 1.763851032875757907e-19 7.606143494980092741e-20 4.383903768656069681e-21
1.622000000000000000e+03 1.689338382924097749e-20 3.216884662400782619e-20 8.029040576423944944e-21 1.734145807377582707e-19 7.369812801912742254e-20 4.270510834633519933e-21
1.632000000000000000e+03 1.661384460741003101e-20 3.140147030628063136e-20 7.784382399587956838e-21 1.705215008952743154e-19 7.140475581756963053e-20 4.160291334255987661e-21
1.642000000000000000e+03 1.634042054129274681e-20 3.065068912631902519e-20 7.548516002788070960e-21 1.677012106255819280e-19 6.918231024717756307e-20 4.053217979792847254e-21
1.652000000000000000e+03 1.607293489243108988e-20 2.991662584445861713e-20 7.320891110270544944e-21 1.649486810360832778e-19 6.703193007664149753e-20 3.949154341232082667e-21
1.662000000000000000e+03 1.581123303396003499e-20 2.919972712694447779e-20 7.101350867521159141e-21 1.622590743091205667e-19 6.495482383654935867e-20 3.848083119858621755e-21
1.672000000000000000e+03 1.555516244919439730e-20 2.850045681606772588e-20 6.889405041487413623e-21 1.596277234435012649e-19 6.295180653509587858e-20 3.749887677586806047e-21
1.682000000000000000e+03 1.530459046178921022e-20 2.781951859454171237e-20 6.685021303982877420e-21 1.570507517015179477e-19 6.102355414259447322e-20 3.654590123724326317e-21
1.692000000000000000e+03 1.505938567983109109e-20 2.715735222895671496e-20 6.487323417812234595e-21 1.545250913549554387e-19 5.916968822111898758e-20 3.561951541465959492e-21
1.702000000000000000e+03 1.481942582547562538e-20 2.651464505912260916e-20 6.296338261282213784e-21 1.520484614170256783e-19 5.738956743538184778e-20 3.472004078529689625e-21
1.712000000000000000e+03 1.458459468187974790e-20 2.589202260431186636e-20 6.112053318022851554e-21 1.496194423625149099e-19 5.568188021220238022e-20 3.384766463684815092e-21
1.722000000000000000e+03 1.435477462754641241e-20 2.528967757322671093e-20 5.933740600451860643e-21 1.472370880205072844e-19 5.404382152094014139e-20 3.300024155315616987e-21
1.732000000000000000e+03 1.412985460544193311e-20 2.470800917740361270e-20 5.761493677510442564e-21 1.449011239432316469e-19 5.247287531839613359e-20 3.217817254293113696e-21
1.742000000000000000e+03 1.390971296634608234e-20 2.414693249089299342e-20 5.594814937298309723e-21 1.426114185444642865e-19 5.096547562769147757e-20 3.137988861328101756e-21
1.752000000000000000e+03 1.369424093179640030e-20 2.360645545354984373e-20 5.433637062063995291e-21 1.403680202138442148e-19 4.951809328397604700e-20 3.060516337646698938e-21
1.762000000000000000e+03 1.348332051424451357e-20 2.308609972251555376e-20 5.277592365330148634e-21 1.381708332402630264e-19 4.812663547007703213e-20 2.985269885934776209e-21
1.772000000000000000e+03 1.327682878861943194e-20 2.258530327232652737e-20 5.126279495836398522e-21 1.360195468295372478e-19 4.678721083803111412e-20 2.912104523214237928e-21
1.782000000000000000e+03 1.307466084454852395e-20 2.210372346835199525e-20 4.980051675291991117e-21 1.339139085192232892e-19 4.549657483417157209e-20 2.841124145180375592e-21
1.792000000000000000e+03 1.287670553455574447e-20 2.164047604975379626e-20 4.838570643394806848e-21 1.318531377982440847e-19 4.425087263085430553e-20 2.772198381879930604e-21
1.802000000000000000e+03 1.268284001104527712e-20 2.119452452878729904e-20 4.701535300403801919e-21 1.298361581458409433e-19 4.304664137831053122e-20 2.705204652834252809e-21
1.812000000000000000e+03 1.249295834324832189e-20 2.076490726918138275e-20 4.568925295514714173e-21 1.278619695019794092e-19 4.188094650793775098e-20 2.640115855262302205e-21
1.822000000000000000e+03 1.230694918066801944e-20 2.035046023060732839e-20 4.440516166208749145e-21 1.259293729621504852e-19 4.075107811344358569e-20 2.576834265426980330e-21
1.832000000000000000e+03 1.212468927346439234e-20 1.994983933941082127e-20 4.315986164938643165e-21 1.240368863776401633e-19 3.965424666338252405e-20 2.515223941126354553e-21
1.842000000000000000e+03 1.194608424945025240e-20 1.956214324987024612e-20 4.195528669626537584e-21 1.221836253816080341e-19 3.858859459232352354e-20 2.455335231207966624e-21
1.852000000000000000e+03 1.177101678788246864e-20 1.918586771415134083e-20 4.078722382492072070e-21 1.203684525904191620e-19 3.755192892834972749e-20 2.396997684820307648e-21
1.862000000000000000e+03 1.159939242293135932e-20 1.882020518993860208e-20 3.965697649795777110e-21 1.185905845989114003e-19 3.654282603971234280e-20 2.340244597396249068e-21
1.872000000000000000e+03 1.143109870639594465e-20 1.846397646339118805e-20 3.856210924357470997e-21 1.168491229021297920e-19 3.555966754270607467e-20 2.284973295580972692e-21
1.882000000000000000e+03 1.126603925078915974e-20 1.811613031549879880e-20 3.750117888810761124e-21 1.151433649745934167e-19 3.460120740614118881e-20 2.231118931701086642e-21
1.892000000000000000e+03 1.110411337399003333e-20 1.777590315242779660e-20 3.647363748439330229e-21 1.134725984613735165e-19 3.366651132500225507e-20 2.178653592479286606e-21
1.902000000000000000e+03 1.094522770012425524e-20 1.744256188881262639e-20 3.547802362789871584e-21 1.118359981367127119e-19 3.275475077382150096e-20 2.127518051042832808e-21
1.912000000000000000e+03 1.078929571646584116e-20 1.711551412206531002e-20 3.451344210270503027e-21 1.102329634191791554e-19 3.186558426742254485e-20 2.077677389826962332e-21
1.922000000000000000e+03 1.063623539380701203e-20 1.679438520359067857e-20 3.357943852582042609e-21 1.086625828735133779e-19 3.099886593628033397e-20 2.029116734869039579e-21
1.932000000000000000e+03 1.048596546969539056e-20 1.647887403238005847e-20 3.267477934808376651e-21 1.071236059165703664e-19 3.015464734045124491e-20 1.981794605878259024e-21
1.942000000000000000e+03 1.033839654459597388e-20 1.616876136048525111e-20 3.179842304062310847e-21 1.056146305915517105e-19 2.933322724781285721e-20 1.935677901189629767e-21
1.952000000000000000e+03 1.019347320776284363e-20 1.586406890767483761e-20 3.094899735628553379e-21 1.041344522644003202e-19 2.853518024285244165e-20 1.890726609847258876e-21
1.962000000000000000e+03 1.005110212291184433e-20 1.556458514409543870e-20 3.012273617476070856e-21 1.026813682196768149e-19 2.776085166463782376e-20 1.846804036664488997e-21
1.972000000000000000e+03 9.911232506557831176e-21 1.527078590946097381e-20 2.932241348089311588e-21 1.012540168418148212e-19 2.701109530153332240e-20 1.804031122709697998e-21
1.982000000000000000e+03 9.773819603172868665e-21 1.498290700862972305e-20 2.854772352755577772e-21 9.985149970604203303e-20 2.628640235511774152e-20 1.762410032102583644e-21
1.992000000000000000e+03 9.638788309743419194e-21 1.470115146964017476e-20 2.779640636442306832e-21 9.847240506484108937e-20 2.558693834809387832e-20 1.721864867107763130e-21
2.002000000000000000e+03 9.506096551142857872e-21 1.442579826859707236e-20 2.706688052720744935e-21 9.711608248779590693e-20 2.491256998402840017e-20 1.682344867531203185e-21
2.012000000000000000e+03 9.375685886247521689e-21 1.415726668771045306e-20 2.636023949249971192e-21 9.578169627877845761e-20 2.426295909705468871e-20 1.643902217116455109e-21
2.022000000000000000e+03 9.247503553647110537e-21 1.389571939924113717e-20 2.567316159508656975e-21 9.446883475181147995e-20 2.363726355444698006e-20 1.606412005021937165e-21
2.032000000000000000e+03 9.121517381475893624e-21 1.364160205496596843e-20 2.500751383860028877e-21 9.317743930539098591e-20 2.303458004330508890e-20 1.569954654371312291e-21
2.042000000000000000e+03 8.997664090259670341e-21 1.339484937822064010e-20 2.435868160780639003e-21 9.190687393153483186e-20 2.245323261995158424e-20 1.534343916809899008e-21
2.052000000000000000e+03 8.875919141607012407e-21 1.315587979855031802e-20 2.372968087670308721e-21 9.065732182864251298e-20 2.189199496821881611e-20 1.499703338106455579e-21
2.062000000000000000e+03 8.756231139950504271e-21 1.292467092824973840e-20 2.311850774554618925e-21 8.942850959476420547e-20 2.134920697742024051e-20 1.465949091120525218e-21
2.072000000000000000e+03 8.638567329591555423e-21 1.270127838931227971e-20 2.252494360652060614e-21 8.822039626736230654e-20 2.082331687783011827e-20 1.433069668075555293e-21
2.082000000000000000e+03 8.522873459608344571e-21 1.248546381043065473e-20 2.194707455007221528e-21 8.703261341012524813e-20 2.031267287269075960e-20 1.400979440298612767e-21
2.092000000000000000e+03 8.409129296861397309e-21 1.227716004320569265e-20 2.138565375781639772e-21 8.586521491771167059e-20 1.981604937055481164e-20 1.369705521891830825e-21
2.102000000000000000e+03 8.297302775182734057e-21 1.207617990339259046e-20 2.084056209321726030e-21 8.471774466192770300e-20 1.933225242786891515e-20 1.339238166287721924e-21
2.112000000000000000e+03 8.187346491315991116e-21 1.188201578236695144e-20 2.031018086822624185e-21 8.358950775017430818e-20 1.886010342177729522e-20 1.309501098111199541e-21
2.122000000000000000e+03 8.079249471476252536e-21 1.169446167154770571e-20 1.979546205446179128e-21 8.248061251081178593e-20 1.839908431900824258e-20 1.280532190101549477e-21
2.132000000000000000e+03 7.972950992707580020e-21 1.151299608934668776e-20 1.929466872271436268e-21 8.139000721257440823e-20 1.794845258879755588e-20 1.252251002378785335e-21
2.142000000000000000e+03 7.868440871943108499e-21 1.133701472897343784e-20 1.880819898829530827e-21 8.031767807805118309e-20 1.750787125658557165e-20 1.224668697587786172e-21
2.152000000000000000e+03 7.765678430284131757e-21 1.116602454701138016e-20 1.833481721723994080e-21 7.926304284234600667e-20 1.707711053414913435e-20 1.197728615750557938e-21
2.162000000000000000e+03 7.664613410091827982e-21 1.099966802847474181e-20 1.787481209505927255e-21 7.822544883886009002e-20 1.665591045473897012e-20 1.171439859803167372e-21
2.172000000000000000e+03 7.565255231378903577e-21 1.083767423008131684e-20 1.742910513157328870e-21 7.720529428816766009e-20 1.624421080053357821e-20 1.145843195545855915e-21
2.182000000000000000e+03 7.467529834557368995e-21 1.067928306110898546e-20 1.699586713973039599e-21 7.620164192076520455e-20 1.584168879337546830e-20 1.120852151064325955e-21
2.192000000000000000e+03 7.371420131285615402e-21 1.052400607840956027e-20 1.657513111824999141e-21 7.521473734899004650e-20 1.544828352773737439e-20 1.096466250872076491e-21
2.202000000000000000e+03 7.276928614667715620e-21 1.037210338848450556e-20 1.616861817260450300e-21 7.424467186075329280e-20 1.506390365378350530e-20 1.072768053889165249e-21
2.212000000000000000e+03 7.183959968545984311e-21 1.022237647547053389e-20 1.577261431231901805e-21 7.329079579374876094e-20 1.468828205294502413e-20 1.049582631526064257e-21
2.222000000000000000e+03 7.092525953809514672e-21 1.007521979466501385e-20 1.538961499310834137e-21 7.235311498632802990e-20 1.432141833381102647e-20 1.027029004105236952e-21
2.232000000000000000e+03 7.002547133189575656e-21 9.929950828644491480e-21 1.501741631986826990e-21 7.143144050474678764e-20 1.396331113478149657e-20 1.005005119032395778e-21
2.242000000000000000e+03 6.914028114050181126e-21 9.786766574884870350e-21 1.465709848243678900e-21 7.052577624605520799e-20 1.361414774310060430e-20 9.835667936094483262e-22
2.252000000000000000e+03 6.826914055051382510e-21 9.645436799377384130e-21 1.430718586884750739e-21 6.963568188406433914e-20 1.327421557735570826e-20 9.626501569892156550e-22
2.262000000000000000e+03 6.741211874300425637e-21 9.506203065633811243e-21 1.396885790872670734e-21 6.876125351152496053e-20 1.294402205222988223e-20 9.423181579228629777e-22
2.272000000000000000e+03 6.656828944025124372e-21 9.368675140186457008e-21 1.363936352145078736e-21 6.790148967576754879e-20 1.262404339817538372e-20 9.224466485742600039e-22
2.282000000000000000e+03 6.573753659161969733e-21 9.233168850873584867e-21 1.331978366713994041e-21 6.705618049981227152e-20 1.231491126679058146e-20 9.030948088485027355e-22
2.292000000000000000e+03 6.491985318089359589e-21 9.099966965861729000e-21 1.301019251862446734e-21 6.622511191715307988e-20 1.201719330190924713e-20 8.842758411054417014e-22
2.302000000000000000e+03 6.411482538030104149e-21 8.969096367907729701e-21 1.270957629402011416e-21 6.540793163861774687e-20 1.173131808845048755e-20 8.659485730465103317e-22
2.312000000000000000e+03 6.332221051780928061e-21 8.840734801911547857e-21 1.241727015234192014e-21 6.460415434553014647e-20 1.145747832993748029e-20 8.480876928245280136e-22
2.322000000000000000e+03 6.254155301861147780e-21 8.715062945838457729e-21 1.213293963788501956e-21 6.381314532777339025e-20 1.119564087814996386e-20 8.306811363049459892e-22
2.332000000000000000e+03 6.177290121802286395e-21 8.592350195963377935e-21 1.185672408431827308e-21 6.303508052919668213e-20 1.094551415013927856e-20 8.137391933536425147e-22
2.342000000000000000e+03 6.101582079263291002e-21 8.472498673410823933e-21 1.158658794586322319e-21 6.226922925163153938e-20 1.070634926567667161e-20 7.971624049194941347e-22
2.352000000000000000e+03 6.026990523634707582e-21 8.355861066502006691e-21 1.132361253839864340e-21 6.151550697256480078e-20 1.047753184529985538e-20 7.810025493724636211e-22
2.362000000000000000e+03 5.953549236299295445e-21 8.242752994932399342e-21 1.106808540198516251e-21 6.077375695739353241e-20 1.025809798851196033e-20 7.652732569447605364e-22
2.372000000000000000e+03 5.881220715545312833e-21 8.133111797036770546e-21 1.081882165182068721e-21 6.004373500623937681e-20 1.004687470806822013e-20 7.499119173640138822e-22
2.382000000000000000e+03 5.809989198833229702e-21 8.026994038431758253e-21 1.057556563494932498e-21 5.932515645556394337e-20 9.842677722656396523e-21 7.349009882944155297e-22
2.392000000000000000e+03 5.739841126986085327e-21 7.924526927601425540e-21 1.033853449482643320e-21 5.861800330868320507e-20 9.644434682350961268e-21 7.202469029523484972e-22
2.402000000000000000e+03 5.670749704736821726e-21 7.825562336028456810e-21 1.010717958107042751e-21 5.792153308529559017e-20 9.450968050329974553e-21 7.059157858687106720e-22
2.412000000000000000e+03 5.602725770713134590e-21 7.730013718743464724e-21 9.881449134087641020e-22 5.723638965792872670e-20 9.261372287909966782e-21 6.919005058993562165e-22
2.422000000000000000e+03 5.535741598551470134e-21 7.637842004006959375e-21 9.661050131263356670e-22 5.656163922733607456e-20 9.074862647376275177e-21 6.781822921640550304e-22
2.432000000000000000e+03 5.469784340873950258e-21 7.548591470817611494e-21 9.445427882128647711e-22 5.589708836542657386e-20 8.890697387161169818e-21 6.647265371137742362e-22
2.442000000000000000e+03 5.404863975446041877e-21 7.462438593128599806e-21 9.235526091740329300e-22 5.524286534647250649e-20 8.708623765552722184e-21 6.515808639324004475e-22
2.452000000000000000e+03 5.340965022786915330e-21 7.378978808665899643e-21 9.030768551211905840e-22 5.459846172049618377e-20 8.528334971472309768e-21 6.387126119429034314e-22
2.462000000000000000e+03 5.278062976988623078e-21 7.297806030716432668e-21 8.830683307032772435e-22 5.396358691839445051e-20 8.349688835889653903e-21 6.260948496488726635e-22
2.472000000000000000e+03 5.216127429804393177e-21 7.218611463475607345e-21 8.635225586998910124e-22 5.333804837075413477e-20 8.172749592575181295e-21 6.137238120930024787e-22
2.482000000000000000e+03 5.155197919136443049e-21 7.141593795314115147e-21 8.445236876797968564e-22 5.272221998136626718e-20 7.997723094832258777e-21 6.016463194920070909e-22
2.492000000000000000e+03 5.095222215063048087e-21 7.065938430968365791e-21 8.259675039195901796e-22 5.211548800729044398e-20 7.824649732281005882e-21 5.898044870711820369e-22
2.502000000000000000e+03 5.036211083663249946e-21 6.991608684891609860e-21 8.079079003692795871e-22 5.151807608226878816e-20 7.653725323420107103e-21 5.782280672065949731e-22
2.512000000000000000e+03 4.978133820257546372e-21 6.918410693344175039e-21 7.903253491637519745e-22 5.092969414253192483e-20 7.485155366347128990e-21 5.669079764665256360e-22
2.522000000000000000e+03 4.920968629930079536e-21 6.846123321364036677e-21 7.732005105393543839e-22 5.035004535427615200e-20 7.319064304257444001e-21 5.558346723523658317e-22
2.532000000000000000e+03 4.864716091816463076e-21 6.774530440305808129e-21 7.565278439450385914e-22 4.977949754330577595e-20 7.155673470646444150e-21 5.450067073182096083e-22
2.542000000000000000e+03 4.809303399292761227e-21 6.703310079513928322e-21 7.401914501804931003e-22 4.921715922220717786e-20 6.995135690421605184e-21 5.343630789920485480e-22
2.552000000000000000e+03 4.754775408154706605e-21 6.632953338587037990e-21 7.243684210782410609e-22 4.866387128005472605e-20 6.837771965382258029e-21 5.240030483819578408e-22
2.562000000000000000e+03 4.701129917272291205e-21 6.563232192849635156e-21 7.090109007689111415e-22 4.811959691591781482e-20 6.683858082660168994e-21 5.139036465778921890e-22
2.572000000000000000e+03 4.648266836497917408e-21 6.493977927543711300e-21 6.940562613420715111e-22 4.758337569551454800e-20 6.533733840920642511e-21 5.040333400507917424e-22
2.582000000000000000e+03 4.596223471337327079e-21 6.425348245852510933e-21 6.795213797925948611e-22 4.705576678406519849e-20 6.387872856522654867e-21 4.944068808580500078e-22
2.592000000000000000e+03 4.545016316982402669e-21 6.357581421952904647e-21 6.653974751383696670e-22 4.653695002518042606e-20 6.246727348398882880e-21 4.850255668604220405e-22
2.602000000000000000e+03 4.494535167653198581e-21 6.290455192480217716e-21 6.516128615196825937e-22 4.602563257366261416e-20 6.110689575561416578e-21 4.758524702377591122e-22
2.612000000000000000e+03 4.444821759846245827e-21 6.224368807907149235e-21 6.382207773933133694e-22 4.552214578777236271e-20 5.980113606614522070e-21 4.669223109428349173e-22
2.622000000000000000e+03 4.395816826214687570e-21 6.159147316274654980e-21 6.251061265677676530e-22 4.502666252238526009e-20 5.855197131197381103e-21 4.581744018239439724e-22
2.632000000000000000e+03 4.347596258260028362e-21 6.095461117660636403e-21 6.123871341405885888e-22 4.453953394458256564e-20 5.736050542110807621e-21 4.496785897569439449e-22
2.642000000000000000e+03 4.300063042425821210e-21 6.033145857019085017e-21 5.999579513475833248e-22 4.405959443206643942e-20 5.622439562929232425e-21 4.413755148391823500e-22
2.652000000000000000e+03 4.253238118631436054e-21 5.972461995546441812e-21 5.878279644047705301e-22 4.358766595218344399e-20 5.514074542037186305e-21 4.332709671203210256e-22
2.662000000000000000e+03 4.207090664540616118e-21 5.913522536231167247e-21 5.759626263953776548e-22 4.312293854125460324e-20 5.410428308750463792e-21 4.253437812215208345e-22
2.672000000000000000e+03 4.161604415271864356e-21 5.856473610720343656e-21 5.643557162451202477e-22 4.266507675714548281e-20 5.310847444205373919e-21 4.175875374488234248e-22
2.682000000000000000e+03 4.116807254288173972e-21 5.801467075898492798e-21 5.530017458530805146e-22 4.221479519756967591e-20 5.214647029850736611e-21 4.099964777852902366e-22
2.692000000000000000e+03 4.072712168343626838e-21 5.748719710210661528e-21 5.418977842941286213e-22 4.177191366761666340e-20 5.121117665350561968e-21 4.025660733561471327e-22
2.702000000000000000e+03 4.029281253226262503e-21 5.698213296331523575e-21 5.310417139430317818e-22 4.133627866981726242e-20 5.029558672701100133e-21 3.952905879067542552e-22
2.712000000000000000e+03 3.986485436727287183e-21 5.649903383334713887e-21 5.204067356951642579e-22 4.090729679394322223e-20 4.939325621129831018e-21 3.881508560995901004e-22
2.722000000000000000e+03 3.944361734670755160e-21 5.603603176884331962e-21 5.099681378301614569e-22 4.048510973865578474e-20 4.849846510822888960e-21 3.811291666628878291e-22
2.732000000000000000e+03 3.902864804366467218e-21 5.558839877205109832e-21 4.997070776919646188e-22 4.006934489196117117e-20 4.760779741849593992e-21 3.742102623015061087e-22
2.742000000000000000e+03 3.861961487783143724e-21 5.516157631811923520e-21 4.896648119463913463e-22 3.965955486684476117e-20 4.671910787874476016e-21 3.674181664434302139e-22
2.752000000000000000e+03 3.821759182980498056e-21 5.475787518286645370e-21 4.798851550685610745e-22 3.925653326071003487e-20 4.583195748604990755e-21 3.607795816329315121e-22
2.762000000000000000e+03 3.782184867085989310e-21 5.437077209587105330e-21 4.703024701825653515e-22 3.885917082084160288e-20 4.494563870971478806e-21 3.542536744160855794e-22
2.772000000000000000e+03 3.743226162655084141e-21 5.399468196884123485e-21 4.609066909752550745e-22 3.846722345462002230e-20 4.406067599310320427e-21 3.478327279685882693e-22
2.782000000000000000e+03 3.704940191537410883e-21 5.363660623936825555e-21 4.517904699091293694e-22 3.808165755455954757e-20 4.317996949266298484e-21 3.415751565393717410e-22
2.792000000000000000e+03 3.667208323481679287e-21 5.328440283095654816e-21 4.428440503504539307e-22 3.770085421457586522e-20 4.230461642365848236e-21 3.354133585631238762e-22
2.802000000000000000e+03 3.630127155645852595e-21 5.294446148037867033e-21 4.341608281745625396e-22 3.732658073510687856e-20 4.143755982862261455e-21 3.294066898129227338e-22
2.812000000000000000e+03 3.593611031737899607e-21 5.260650660339253384e-21 4.256572641616514832e-22 3.695616236481029092e-20 4.057962239721819902e-21 3.235033248619216227e-22
2.822000000000000000e+03 3.557675589247102759e-21 5.227280045885353114e-21 4.173973673810846544e-22 3.659134788857631774e-20 3.973273601327437046e-21 3.177432083122432561e-22
2.832000000000000000e+03 3.522356851481367722e-21 5.194104231405901245e-21 4.093625730250698592e-22 3.623231840200179216e-20 3.889797162570678076e-21 3.121165328591790731e-22
2.842000000000000000e+03 3.487652729736297807e-21 5.161067537196015172e-21 4.015725515457529392e-22 3.587869162617087781e-20 3.807572587584049371e-21 3.066355551818857724e-22
2.852000000000000000e+03 3.453406934231703480e-21 5.127564072236143033e-21 3.939798426747619624e-22 3.552954212053538523e-20 3.726617380133267405e-21 3.012701662992304337e-22
2.862000000000000000e+03 3.419676487908863704e-21 5.093862366958613126e-21 3.865984365957670514e-22 3.518464624302726989e-20 3.646984045620182965e-21 2.960310524430798669e-22
2.872000000000000000e+03 3.386550749117243098e-21 5.060198391175243012e-21 3.794713356856071560e-22 3.484574406140244314e-20 3.568816111167677887e-21 2.909468025366221966e-22
2.882000000000000000e+03 3.353897317844361801e-21 5.025961874273649155e-21 3.725253078199020499e-22 3.451161045619263319e-20 3.492256330486124447e-21 2.859730964093898654e-22
2.892000000000000000e+03 3.321806095693282226e-21 4.991693053079714808e-21 3.658018535837099799e-22 3.418288422912491516e-20 3.417614634882989374e-21 2.811397040618102230e-22
2.902000000000000000e+03 3.290109289574619586e-21 4.957263851192424605e-21 3.592749738431045047e-22 3.385777626001608098e-20 3.345270717471534607e-21 2.764329590166283946e-22
2.912000000000000000e+03 3.258941750497310577e-21 4.922709162884286409e-21 3.529157028402561034e-22 3.353812603477601638e-20 3.275715280048529283e-21 2.718410898350632381e-22
2.922000000000000000e+03 3.228255946838242498e-21 4.888262855171869062e-21 3.467154422181400648e-22 3.322376869408807222e-20 3.209402304204311232e-21 2.673632768970052671e-22
2.932000000000000000e+03 3.197969221706847362e-21 4.853945309685866404e-21 3.406578729022742658e-22 3.291315975264475413e-20 3.146731957968844644e-21 2.629927670208619310e-22
2.942000000000000000e+03 3.168185779403033633e-21 4.820269188805573721e-21 3.347929294122278967e-22 3.260818297309039116e-20 3.088002938388660313e-21 2.587645297528029988e-22
2.952000000000000000e+03 3.138740653919972653e-21 4.787071676762713274e-21 3.290614662832369717e-22 3.230704750695862195e-20 3.033303956373832299e-21 2.546429345060657042e-22
2.962000000000000000e+03 3.109832443564890200e-21 4.754956982426063626e-21 3.234869835398682353e-22 3.201164967886723756e-20 2.982583046774138792e-21 2.506453775195250851e-22
2.972000000000000000e+03 3.081304212943704525e-21 4.723831895544018665e-21 3.180398159272789957e-22 3.172130418218172785e-20 2.935539230761103675e-21 2.467510096340043443e-22
2.982000000000000000e+03 3.053179428611211656e-21 4.693942906745411803e-21 3.126901403540298841e-22 3.143541361389312966e-20 2.891761745382781233e-21 2.429399644178818084e-22
2.992000000000000000e+03 3.025538601257789660e-21 4.665576409747995128e-21 3.074556865154145087e-22 3.115452764039957851e-20 2.850714247321159632e-21 2.392204839352576945e-22
3.002000000000000000e+03 2.998220493421599313e-21 4.638765295333034638e-21 3.023167833311680632e-22 3.087867036763042708e-20 2.811824145319891563e-21 2.355756899257748963e-22
3.012000000000000000e+03 2.971365696943229743e-21 4.613728516561209843e-21 2.972708940566749662e-22 3.060797423504799655e-20 2.774426188063811692e-21 2.320007305321268035e-22
3.022000000000000000e+03 2.944920805752733499e-21 4.590466990921681269e-21 2.923069301603872147e-22 3.034220722424521004e-20 2.737897661043712947e-21 2.284840481723763134e-22
3.032000000000000000e+03 2.918947480976734386e-21 4.569276728371626094e-21 2.874485603501659340e-22 3.008165803371458869e-20 2.701725418669787597e-21 2.250375794597138464e-22
3.042000000000000000e+03 2.893314094619507575e-21 4.549569965456984916e-21 2.826305227412360259e-22 2.982535819471763303e-20 2.665369604797468240e-21 2.216152581742023054e-22
3.052000000000000000e+03 2.868084940282404754e-21 4.531631208735158888e-21 2.778898719562287289e-22 2.957338432468266908e-20 2.628505960344492631e-21 2.182385399825848111e-22
3.062000000000000000e+03 2.843296661826022043e-21 4.515639391177644408e-21 2.732585680982777996e-22 2.932695628725073196e-20 2.590911011836265397e-21 2.149263083481285534e-22
3.072000000000000000e+03 2.818909970751947125e-21 4.500751393506112389e-21 2.686769450974471096e-22 2.908390155882282032e-20 2.552355131584232428e-21 2.116378627611799780e-22
3.082000000000000000e+03 2.794982385640320087e-21 4.487355258636882403e-21 2.641864764447551782e-22 2.884522829492599308e-20 2.512863198505737000e-21 2.084002935812966160e-22
3.092000000000000000e+03 2.771435876178145037e-21 4.474744001881351743e-21 2.597683052910103254e-22 2.861029854259674281e-20 2.472478300550697878e-21 2.052002024394855444e-22
3.102000000000000000e+03 2.748319934586236321e-21 4.463027766536656238e-21 2.554425389654897270e-22 2.837997816572592474e-20 2.431361042393224742e-21 2.020518398687509803e-22
3.112000000000000000e+03 2.725622548126857348e-21 4.451403130464512994e-21 2.511873067315507607e-22 2.815242847904057876e-20 2.389674113888418636e-21 1.989409249379952479e-22
3.122000000000000000e+03 2.703156150461263668e-21 4.439597552238142119e-21 2.469951325430215039e-22 2.792640945745533891e-20 2.347623765864215298e-21 1.958626987239521991e-22
3.132000000000000000e+03 2.681181977427483167e-21 4.428139908347115198e-21 2.429222814334884911e-22 2.770512715206136622e-20 2.305445629039467102e-21 1.928569175205030951e-22
3.142000000000000000e+03 2.659605641888101985e-21 4.416543178081509001e-21 2.389516875227211511e-22 2.748702579709635227e-20 2.263281173750777181e-21 1.899125806921626252e-22
3.152000000000000000e+03 2.638365783776852607e-21 4.404445771612590512e-21 2.350764327133778518e-22 2.727169813342976067e-20 2.221271120214161634e-21 1.870255816748890132e-22
3.162000000000000000e+03 2.617524515445391263e-21 4.391837159479146617e-21 2.313098570701584920e-22 2.705922064312003917e-20 2.179514725444970633e-21 1.842056711221823357e-22
3.172000000000000000e+03 2.597052541400607303e-21 4.378339195310614165e-21 2.276480216178777268e-22 2.685011878417329871e-20 2.138108212485496836e-21 1.814505880791249177e-22
3.182000000000000000e+03 2.576784215734060482e-21 4.363698482518241573e-21 2.240722239015492164e-22 2.664344030883912943e-20 2.097132001879936184e-21 1.787480961375191655e-22
3.192000000000000000e+03 2.556937295961885628e-21 4.348547995232975555e-21 2.206144152964328788e-22 2.643917003520188406e-20 2.056723801942875753e-21 1.761219836730629849e-22
3.202000000000000000e+03 2.537314363954704912e-21 4.332052113424919653e-21 2.172319250353893588e-22 2.623699959106423015e-20 2.017064316804535629e-21 1.735444034572561181e-22
3.212000000000000000e+03 2.518084131982666221e-21 4.314951003654306473e-21 2.139623662325540642e-22 2.603883324692514505e-20 1.978448884461172191e-21 1.710439838973971407e-22
3.222000000000000000e+03 2.499122809678922944e-21 4.297307231135919119e-21 2.107868266928272143e-22 2.584278502086078306e-20 1.941209618800047736e-21 1.686109763309992341e-22
3.232000000000000000e+03 2.480418744984046891e-21 4.278959714461460466e-21 2.076856383683021039e-22 2.564976702883447374e-20 1.905712192014546196e-21 1.662357353203585441e-22
3.242000000000000000e+03 2.461970481069525842e-21 4.260391336527402295e-21 2.046674206013171430e-22 2.545844574545157532e-20 1.872281056576159743e-21 1.639273864471978093e-22
3.252000000000000000e+03 2.443801738692958934e-21 4.241951335403540808e-21 2.017199069890776850e-22 2.527022125905427550e-20 1.841142773101656886e-21 1.616809334275045966e-22
3.262000000000000000e+03 2.425907916008131374e-21 4.223741008447965798e-21 1.988315710994648674e-22 2.508499890330261528e-20 1.812376480492746794e-21 1.594900828362012511e-22
3.272000000000000000e+03 2.408267905275334872e-21 4.206075601190536540e-21 1.960105479750326267e-22 2.490411553284585495e-20 1.785912700203718455e-21 1.573602365425335074e-22
3.282000000000000000e+03 2.390930708965804272e-21 4.189427103326240257e-21 1.932423878217867930e-22 2.472559857553472699e-20 1.761535783950797397e-21 1.552813901265678021e-22
3.292000000000000000e+03 2.373787218829660771e-21 4.174167068521995741e-21 1.905300423471576413e-22 2.454941123963413173e-20 1.738932337475545274e-21 1.532531277117253970e-22
3.302000000000000000e+03 2.357000957791022176e-21 4.160320958539069923e-21 1.878484091682296070e-22 2.437801277185027300e-20 1.717695323769612733e-21 1.512568360687048996e-22
3.312000000000000000e+03 2.340369552459315898e-21 4.146796381522017747e-21 1.851592725426441641e-22 2.421027105326081397e-20 1.697319013426048001e-21 1.492613526261060712e-22
3.322000000000000000e+03 2.324033032414520869e-21 4.135891179043543516e-21 1.825247900530224135e-22 2.404547329795927021e-20 1.677523262274158328e-21 1.473082731862832329e-22
3.332000000000000000e+03 2.308014906578167927e-21 4.127294260991491698e-21 1.799384022073365399e-22 2.388556370434637582e-20 1.657873526384503739e-21 1.453896596844633853e-22
3.342000000000000000e+03 2.292202294741887403e-21 4.121091238944541695e-21 1.773893629304070158e-22 2.372774841729389068e-20 1.638020567522319906e-21 1.434952840586169710e-22
3.352000000000000000e+03 2.276681667733016277e-21 4.116825127900842632e-21 1.748564024906347964e-22 2.357404044567955813e-20 1.617670823561339824e-21 1.416087177621141527e-22
3.362000000000000000e+03 2.261571828686328468e-21 4.115214691192502057e-21 1.723770664098016332e-22 2.342518765522150350e-20 1.596660186126953583e-21 1.397545280492612529e-22
3.372000000000000000e+03 2.246638181404320356e-21 4.115793799653779574e-21 1.699114288834803205e-22 2.327666154654653274e-20 1.574856836833586153e-21 1.379037367534839362e-22
3.382000000000000000e+03 2.232143532957841525e-21 4.118713381899863229e-21 1.675052063010111687e-22 2.313373550783511432e-20 1.552271975079110178e-21 1.360877171078486592e-22
3.392000000000000000e+03 2.217695392830771056e-21 4.122768290064440547e-21 1.651034367372747098e-22 2.299082287096603784e-20 1.528944687854905618e-21 1.342673931206310035e-22
3.402000000000000000e+03 2.203704021258557103e-21 4.128613986475906527e-21 1.627616231364211006e-22 2.285139862943628907e-20 1.505041174409716516e-21 1.324829238916833546e-22
3.412000000000000000e+03 2.190030695290403243e-21 4.135474997644459055e-21 1.604697678312634590e-22 2.271465523433142149e-20 1.480735125276273990e-21 1.307276201979999702e-22
3.422000000000000000e+03 2.176695807688188143e-21 4.143336165495208876e-21 1.582333232526117748e-22 2.258011865312817645e-20 1.456236627061310507e-21 1.290067401563940546e-22
3.432000000000000000e+03 2.163541436386310074e-21 4.151396755825341153e-21 1.560385709184584377e-22 2.244576840969939404e-20 1.431721957527982782e-21 1.273111546707791165e-22
3.442000000000000000e+03 2.150696564910642834e-21 4.159232947001757242e-21 1.539071129829342842e-22 2.231332567599603746e-20 1.407361729283262417e-21 1.256567808567522342e-22
3.452000000000000000e+03 2.138179183598415876e-21 4.166636462494613578e-21 1.518496420284084659e-22 2.218309703561071555e-20 1.383257996664583559e-21 1.240516040119488602e-22
3.462000000000000000e+03 2.125869901031594261e-21 4.172897768035609501e-21 1.498476275842852347e-22 2.205331549722126836e-20 1.359446043490624776e-21 1.224826545339694162e-22
3.472000000000000000e+03 2.113922438532199078e-21 4.177722183923170792e-21 1.479241566665042950e-22 2.192638312592886508e-20 1.335931953029021033e-21 1.209659594037809741e-22
3.482000000000000000e+03 2.102133113773531645e-21 4.181150813379092546e-21 1.460701164897209260e-22 2.180147498741809469e-20 1.312659633069713987e-21 1.194945328980405187e-22
3.492000000000000000e+03 2.090557527591363823e-21 4.181948010112282225e-21 1.442779643448166726e-22 2.167758392970939518e-20 1.289554494709129421e-21 1.180620556884028009e-22
3.502000000000000000e+03 2.079324083125647698e-21 4.180698665101803139e-21 1.425188096697492059e-22 2.155366402129664369e-20 1.266577424527349633e-21 1.166498698872689749e-22
3.512000000000000000e+03 2.068096419493066194e-21 4.177242824380508780e-21 1.408395065289988764e-22 2.143106637032742591e-20 1.243723743306996587e-21 1.152882928959301308e-22
3.522000000000000000e+03 2.057248883343287693e-21 4.172340300988155813e-21 1.392455194364518004e-22 2.131124036699810642e-20 1.221112647661595143e-21 1.139839085504587399e-22
3.532000000000000000e+03 2.046490432785037886e-21 4.165561194207080253e-21 1.377089895796298029e-22 2.119237768559998345e-20 1.198995579002900355e-21 1.127190689203050442e-22
3.542000000000000000e+03 2.035762965451696144e-21 4.156553833170290639e-21 1.362190628482947176e-22 2.107256848618142933e-20 1.177756642491944444e-21 1.114896361659637037e-22
3.552000000000000000e+03 2.025560446984678843e-21 4.147410922230987420e-21 1.348374886808867738e-22 2.095723539531619727e-20 1.157853042629528555e-21 1.103445404173876600e-22
3.562000000000000000e+03 2.015194047423630816e-21 4.136276365436914399e-21 1.334579445658103059e-22 2.084208798303901380e-20 1.139702540073647889e-21 1.092133185653777610e-22
3.572000000000000000e+03 2.005177311557672617e-21 4.125353613016244416e-21 1.321567991640469563e-22 2.072843803591093638e-20 1.123620193582270794e-21 1.081536490671039022e-22
3.582000000000000000e+03 1.995147998363616821e-21 4.114088274707780143e-21 1.308728555843808417e-22 2.061529259734435673e-20 1.109741911716647383e-21 1.071248161377904738e-22
3.592000000000000000e+03 1.985308986137566990e-21 4.103480146179103984e-21 1.296409744438378573e-22 2.050482246141811313e-20 1.098024843605178976e-21 1.061514626077708744e-22
3.602000000000000000e+03 1.975614797497037810e-21 4.093696892323528237e-21 1.284203901518623249e-22 2.039731443327911562e-20 1.088277531235609766e-21 1.052046391030413293e-22
3.612000000000000000e+03 1.966308434399143692e-21 4.085783967755640228e-21 1.272436986233245589e-22 2.029450141711945189e-20 1.080204524116655264e-21 1.043048851197693252e-22
3.622000000000000000e+03 1.956851945549234273e-21 4.079125204120123034e-21 1.260486131722954103e-22 2.019382112158597838e-20 1.073415789534706315e-21 1.034046168850775036e-22
3.632000000000000000e+03 1.947552175401947041e-21 4.074946923644791636e-21 1.248712243232492116e-22 2.009375902237366404e-20 1.067495553412291806e-21 1.025256588820613797e-22
3.642000000000000000e+03 1.938633127161486383e-21 4.073615772715873562e-21 1.237133057871434756e-22 2.000088971012261910e-20 1.062017974387567525e-21 1.016661470628681909e-22
3.652000000000000000e+03 1.929876763136681902e-21 4.074890094144236772e-21 1.225588838576132206e-22 1.991150148178051459e-20 1.056559509279812769e-21 1.008104466245038457e-22
3.662000000000000000e+03 1.921265328441732336e-21 4.078943671834791869e-21 1.213963931920770299e-22 1.982697382030380239e-20 1.050755162074972394e-21 9.994741080407050263e-23
3.672000000000000000e+03 1.912842022026677549e-21 4.085815923550516424e-21 1.202367927967747373e-22 1.974509013225771049e-20 1.044300955111658331e-21 9.908173897012803642e-23
3.682000000000000000e+03 1.904727783900233330e-21 4.095492750240035181e-21 1.190833080325711891e-22 1.966656737313181183e-20 1.036969979565118024e-21 9.821389590102936341e-23
3.692000000000000000e+03 1.896756966184975551e-21 4.105102157070453634e-21 1.178980993291031295e-22 1.959232451938634764e-20 1.028632864741911328e-21 9.731488321674073754e-23
3.702000000000000000e+03 1.888995756696891000e-21 4.117498248670855949e-21 1.167265905569251656e-22 1.952157972352766330e-20 1.019286580208153669e-21 9.641732773164388527e-23
3.712000000000000000e+03 1.881569269348797393e-21 4.132565756756226415e-21 1.155772662619154881e-22 1.945280735763751856e-20 1.008967899866255698e-21 9.552749331193460989e-23
3.722000000000000000e+03 1.874382292150140569e-21 4.148908592696103869e-21 1.144349414356674976e-22 1.938634289772165665e-20 9.977758173816228369e-22 9.463479500951697654e-23
3.732000000000000000e+03 1.867313095290709937e-21 4.165983015312664856e-21 1.133041347933965882e-22 1.931920808685476935e-20 9.858537983144734740e-22 9.374282925191393217e-23
3.742000000000000000e+03 1.860554875663178043e-21 4.183775351827202013e-21 1.122051791597012427e-22 1.925657946230540918e-20 9.733727257429996404e-22 9.286755618921590400e-23
3.752000000000000000e+03 1.854055910669186279e-21 4.201298027885743176e-21 1.111271451685415920e-22 1.919390953426529942e-20 9.604928946496480321e-22 9.200213361624705652e-23
3.762000000000000000e+03 1.847773518695833468e-21 4.217418214522538326e-21 1.100784103479371420e-22 1.913129504831410269e-20 9.473563229828888270e-22 9.115291101772171817e-23
3.772000000000000000e+03 1.841723604739425767e-21 4.232297716117243185e-21 1.090664411737735456e-22 1.907247489306885966e-20 9.340768371365899603e-22 9.032625382208061465e-23
3.782000000000000000e+03 1.835615171296235388e-21 4.243979458840596536e-21 1.080745775573271423e-22 1.900936777526039504e-20 9.206799016428464414e-22 8.950921783020386800e-23
3.792000000000000000e+03 1.829989311390521716e-21 4.253646535128263919e-21 1.071364707106185082e-22 1.894868084569552542e-20 9.072004172381984722e-22 8.872721004428878197e-23
3.802000000000000000e+03 1.824507895110324014e-21 4.259993152538209787e-21 1.062436427810183701e-22 1.889061527291547920e-20 8.936265892843009266e-22 8.797291486546847084e-23
3.812000000000000000e+03 1.819112901879557471e-21 4.262878761779944151e-21 1.053790878728907766e-22 1.882949895846785215e-20 8.799458699040404422e-22 8.723421266718857311e-23
3.822000000000000000e+03 1.813627957524375740e-21 4.261794515613868663e-21 1.045489899613230203e-22 1.876923922914874976e-20 8.661814117756099931e-22 8.651500102471114207e-23
3.832000000000000000e+03 1.808606559288577129e-21 4.258449960261563730e-21 1.037836603611219022e-22 1.871220632455238068e-20 8.524327996522394677e-22 8.583896368464622901e-23
3.842000000000000000e+03 1.803480907784742909e-21 4.251228170655671851e-21 1.030392974159288518e-22 1.865320235036405278e-20 8.389058182446511047e-22 8.517609285552392075e-23
3.852000000000000000e+03 1.798463991844761790e-21 4.241551982367385005e-21 1.023311623938912325e-22 1.859178453988313210e-20 8.259128490000606669e-22 8.454117465394811706e-23
3.862000000000000000e+03 1.793625701734840618e-21 4.229686748452885040e-21 1.016541425385943924e-22 1.853284695074906413e-20 8.138425415854382423e-22 8.393536939137562563e-23
3.872000000000000000e+03 1.788692040216976641e-21 4.216335170389020884e-21 1.010096986321658859e-22 1.847513688901654814e-20 8.030159239983353496e-22 8.336312120760091120e-23
3.882000000000000000e+03 1.783872879052951230e-21 4.201712480799674386e-21 1.003717161876665390e-22 1.841674617198722451e-20 7.936497419698869794e-22 8.280995797704676986e-23
3.892000000000000000e+03 1.779035272923602528e-21 4.185456199299386554e-21 9.969618038641403129e-23 1.835695928324955515e-20 7.857775680987931000e-22 8.224631423358854201e-23
3.902000000000000000e+03 1.774457653770961634e-21 4.170392358340859231e-21 9.907319648541815610e-23 1.830253173033708512e-20 7.793370185987477105e-22 8.173497464713785973e-23
3.912000000000000000e+03 1.769891985097613136e-21 4.156692578330708432e-21 9.846868870726788447e-23 1.824822839143035043e-20 7.740910672410582274e-22 8.124973706913948044e-23
3.922000000000000000e+03 1.765301124772243551e-21 4.144792751991504948e-21 9.786961260985000129e-23 1.819904136751143250e-20 7.697387845252224281e-22 8.077865301957592304e-23
3.932000000000000000e+03 1.760863080470529902e-21 4.135688710764166749e-21 9.726936493940035820e-23 1.814728687905656883e-20 7.659480906047240495e-22 8.031414797625455551e-23
3.942000000000000000e+03 1.756682698002653312e-21 4.129041799512791296e-21 9.667277370267051784e-23 1.810341443381757744e-20 7.623590510874518219e-22 7.985580043078688906e-23
3.952000000000000000e+03 1.752364385575854034e-21 4.125971479404510657e-21 9.605788132471585780e-23 1.806222406894528702e-20 7.586677201924303168e-22 7.938474329892611739e-23
3.962000000000000000e+03 1.748444779196042617e-21 4.126619965316810445e-21 9.544980412673223287e-23 1.802343559772813791e-20 7.545620147670890520e-22 7.891580898869689923e-23
3.972000000000000000e+03 1.744331418603791204e-21 4.129969162065417265e-21 9.480234451086552782e-23 1.798543351177136151e-20 7.498280567782222765e-22 7.841341386419365358e-23
3.982000000000000000e+03 1.740657206886756872e-21 4.137891350377299568e-21 9.417777162229156391e-23 1.795604438068063692e-20 7.443409425051354560e-22 7.792080249206306471e-23
3.992000000000000000e+03 1.737245969605212508e-21 4.148945873129723339e-21 9.353581232178706763e-23 1.792576638935265385e-20 7.380287704349704156e-22 7.740844321285815689e-23
4.002000000000000000e+03 1.733920840962365158e-21 4.163160616719759314e-21 9.289737967924422478e-23 1.789733386707402184e-20 7.309283387002149469e-22 7.689058528746282001e-23
4.012000000000000000e+03 1.730812748159340115e-21 4.180209960074733342e-21 9.225712671807401115e-23 1.787106649604409531e-20 7.231390156619716757e-22 7.636459883752329289e-23
4.022000000000000000e+03 1.727961368949393211e-21 4.199096670775598863e-21 9.162363365265665164e-23 1.784483158743392283e-20 7.148094859498960059e-22 7.583748955255916758e-23
4.032000000000000000e+03 1.725325488766340373e-21 4.219204726947580004e-21 9.100101843231047098e-23 1.781755668935748900e-20 7.061316605423052734e-22 7.531373144471896579e-23
4.042000000000000000e+03 1.722912684019648553e-21 4.240271444906265037e-21 9.040185934154813818e-23 1.779309001617588803e-20 6.973104573232512521e-22 7.480411309493660634e-23
4.052000000000000000e+03 1.720780318976237567e-21 4.261257880859883673e-21 8.983674784892339521e-23 1.776641732551030498e-20 6.885541115796062687e-22 7.431788535629521529e-23
4.062000000000000000e+03 1.719037616066603073e-21 4.280922171018379911e-21 8.930346477711421686e-23 1.774409946093237878e-20 6.800364253580262320e-22 7.385548691982950817e-23
4.072000000000000000e+03 1.717238856424033158e-21 4.297756789401212903e-21 8.879199583358406468e-23 1.771724407758837031e-20 6.719004996096119371e-22 7.341042265147017980e-23
4.082000000000000000e+03 1.715742499142285578e-21 4.308022649515005619e-21 8.827152815172987982e-23 1.769349365361928898e-20 6.642242262568076116e-22 7.296246161598056688e-23
4.092000000000000000e+03 1.714193352637768834e-21 4.316956927946813958e-21 8.781434919865097029e-23 1.766698820311221668e-20 6.570459877334226060e-22 7.256243096716242510e-23
4.102000000000000000e+03 1.713104214824337423e-21 4.323515244047072796e-21 8.743896649371930296e-23 1.764577410254265358e-20 6.502887943750346819e-22 7.222288523517716179e-23
4.112000000000000000e+03 1.712185099628804642e-21 4.325510937138906563e-21 8.711232297193333590e-23 1.762417843048627531e-20 6.437806688484771263e-22 7.191796292887683085e-23
4.122000000000000000e+03 1.710743551482771571e-21 4.322141581099480581e-21 8.682313996168756770e-23 1.759797361760413057e-20 6.372980317259893094e-22 7.163568007429257990e-23
4.132000000000000000e+03 1.710107688648276123e-21 4.315121061499791829e-21 8.662769324280019051e-23 1.757820191907512924e-20 6.305779717265524233e-22 7.141383113512808972e-23
4.142000000000000000e+03 1.708975345558425532e-21 4.302850478906325894e-21 8.646473504995358989e-23 1.755316269261599774e-20 6.234230256647121487e-22 7.120490768168524410e-23
4.152000000000000000e+03 1.708351733359753011e-21 4.286832726006250680e-21 8.638697693074062557e-23 1.753181270955654370e-20 6.157763660722892811e-22 7.104565432598030152e-23
4.162000000000000000e+03 1.707184150949279820e-21 4.266560001844790616e-21 8.634440503529076878e-23 1.750744466636891799e-20 6.078473701243267156e-22 7.090219622217668592e-23
4.172000000000000000e+03 1.706278628040002514e-21 4.243709608629392408e-21 8.636397511320608797e-23 1.747962970218368384e-20 6.001027933873267107e-22 7.080043891766373980e-23
4.182000000000000000e+03 1.705383158969804265e-21 4.217881160764405302e-21 8.641434680423586873e-23 1.745551386305015198e-20 5.931901138836064869e-22 7.072783276300718554e-23
4.192000000000000000e+03 1.704518741406431320e-21 4.190719232794738088e-21 8.652223673754714708e-23 1.743165340039435940e-20 5.877124961743222298e-22 7.071185629184779948e-23
4.202000000000000000e+03 1.703296384248934384e-21 4.162760902558752453e-21 8.665558768376862711e-23 1.740233658162689072e-20 5.840478998282494854e-22 7.073681245476697029e-23
4.212000000000000000e+03 1.702024600904460995e-21 4.134719375253026575e-21 8.681163737678577227e-23 1.737458507917558898e-20 5.823089268921067265e-22 7.080428131296038409e-23
4.222000000000000000e+03 1.700919812160210364e-21 4.107527235509791286e-21 8.701519389582971524e-23 1.735059248997375544e-20 5.823914207985663171e-22 7.093047892136220109e-23
4.232000000000000000e+03 1.699552841671865328e-21 4.081400937783020903e-21 8.719525221063791007e-23 1.732616713621454565e-20 5.840451957196478964e-22 7.106395882285164008e-23
4.242000000000000000e+03 1.698420581928990087e-21 4.057038110160488600e-21 8.737984817490184280e-23 1.730722251831169590e-20 5.869387946745813337e-22 7.121955037031692883e-23
4.252000000000000000e+03 1.697206730026855925e-21 4.034895223065291891e-21 8.757665802792689857e-23 1.729154893430692812e-20 5.907050722266282186e-22 7.139627510204666941e-23
4.262000000000000000e+03 1.695741563144669949e-21 4.014904550420348083e-21 8.773441009401903352e-23 1.727660017849826153e-20 5.949501683076235874e-22 7.155371056288509449e-23
4.272000000000000000e+03 1.694759011453983296e-21 3.994212423567387526e-21 8.783864405369423731e-23 1.727203945886960805e-20 5.992708552575106151e-22 7.167678245052527378e-23
4.282000000000000000e+03 1.693491102646658975e-21 3.976043492831860911e-21 8.792267021104646719e-23 1.727154321361831352e-20 6.033295141602250769e-22 7.178235000689073874e-23
4.292000000000000000e+03 1.692532688783360658e-21 3.960641943327434412e-21 8.800099056078580037e-23 1.727538666696469840e-20 6.068153323890569757e-22 7.187699686149697499e-23
4.302000000000000000e+03 1.691391985758156999e-21 3.947873239631226417e-21 8.805674070603886808e-23 1.727995246620374334e-20 6.094752556031819603e-22 7.194518821605185651e-23
4.312000000000000000e+03 1.690391920618160431e-21 3.937414768744575418e-21 8.810110792928838703e-23 1.729207688012021021e-20 6.111444066693328480e-22 7.199293416024917916e-23
4.322000000000000000e+03 1.689722499670314075e-21 3.927671927126635608e-21 8.812163339118074178e-23 1.730847228690968201e-20 6.117094287263669802e-22 7.201027855637539770e-23
4.332000000000000000e+03 1.688918572820538025e-21 3.919080901816102807e-21 8.810929222097524679e-23 1.732318287077953304e-20 6.111716310698774710e-22 7.199048204831426404e-23
4.342000000000000000e+03 1.688244947256099014e-21 3.910091004828613699e-21 8.808639962138095184e-23 1.734009409926146861e-20 6.095700417504835569e-22 7.194896625257710113e-23
4.352000000000000000e+03 1.687827849805913567e-21 3.901402691506155873e-21 8.805601704880391880e-23 1.735825993024871121e-20 6.070096125314836565e-22 7.188952324001674812e-23
4.362000000000000000e+03 1.687386960726169434e-21 3.891633651131730020e-21 8.802214754833192469e-23 1.737450357182915062e-20 6.035978507693735348e-22 7.181504555485033360e-23
4.372000000000000000e+03 1.687002854148802503e-21 3.880381617933817197e-21 8.798082829955171750e-23 1.738646396513895004e-20 5.995057781933637719e-22 7.172498482105241588e-23
4.382000000000000000e+03 1.687025048645082713e-21 3.867376758947011641e-21 8.796223791365085246e-23 1.740393022907332832e-20 5.949116278382480730e-22 7.164233371419981037e-23
4.392000000000000000e+03 1.686663224834285305e-21 3.851937620340636913e-21 8.792874984777635001e-23 1.741078298419858670e-20 5.899648554969410800e-22 7.154205454482524144e-23
4.402000000000000000e+03 1.686313452353704418e-21 3.833979625889189563e-21 8.791628858431264192e-23 1.741812927635482869e-20 5.847712736714921094e-22 7.145014213431747412e-23
4.412000000000000000e+03 1.686327943033900990e-21 3.813485465334185748e-21 8.794616372830849280e-23 1.742792491635177538e-20 5.793668719576979877e-22 7.138153294793141507e-23
4.422000000000000000e+03 1.685897728143754686e-21 3.790229432355027067e-21 8.796843023627289880e-23 1.742858337342536054e-20 5.737329978827351121e-22 7.130097013095818819e-23
4.432000000000000000e+03 1.685618295848495084e-21 3.764519664701778841e-21 8.802390757548266785e-23 1.743061863125347940e-20 5.677928306909012586e-22 7.123512589411692469e-23
4.442000000000000000e+03 1.684995404318789653e-21 3.736387114956506349e-21 8.808840798451322894e-23 1.742504136022607653e-20 5.614808926131946123e-22 7.116558242428790997e-23
4.452000000000000000e+03 1.684341279975422346e-21 3.706215892925629600e-21 8.817765354887126660e-23 1.742043347937481654e-20 5.547415745752507513e-22 7.110197113597177690e-23
4.462000000000000000e+03 1.683601821105656864e-21 3.674080097305992426e-21 8.822117869967597217e-23 1.741110425263136886e-20 5.476943987411805699e-22 7.099973984491865406e-23
4.472000000000000000e+03 1.682474568226852238e-21 3.640486934437975044e-21 8.824528121475501411e-23 1.739859386597755151e-20 5.406327220731502838e-22 7.088045129757042448e-23
4.482000000000000000e+03 1.681323844603559322e-21 3.606224790749555286e-21 8.829383281574183387e-23 1.738271292024302025e-20 5.340222132423091107e-22 7.078144317482889043e-23
4.492000000000000000e+03 1.679793087226114089e-21 3.571510525195520501e-21 8.835979137738088226e-23 1.736594776258890030e-20 5.282879366809446697e-22 7.070555182448803634e-23
4.502000000000000000e+03 1.678205091398402225e-21 3.536706342109006705e-21 8.841465462168324005e-23 1.734343542166212219e-20 5.236523040812475475e-22 7.063998360840487995e-23
4.512000000000000000e+03 1.676298794768886295e-21 3.502107007184530161e-21 8.846327840887483517e-23 1.732194724173750242e-20 5.200466334131388181e-22 7.058729719354746400e-23
4.522000000000000000e+03 1.674261932425507434e-21 3.467964130711800053e-21 8.846311798078896646e-23 1.729672513598874803e-20 5.172239927520615478e-22 7.051693630413878406e-23
4.532000000000000000e+03 1.671912236621714620e-21 3.434588649315639679e-21 8.843087373638779454e-23 1.727215317729396514e-20 5.148408115085193869e-22 7.043351887167442392e-23
4.542000000000000000e+03 1.669657199792025191e-21 3.402090068324771857e-21 8.836483681978398773e-23 1.724771444290038682e-20 5.125301599803688622e-22 7.033009389526427412e-23
4.552000000000000000e+03 1.666915506803859717e-21 3.370633169548876770e-21 8.823799610968643448e-23 1.722011634038328643e-20 5.099594360576904785e-22 7.018238896370439174e-23
4.562000000000000000e+03 1.664274674929114693e-21 3.340276620210229518e-21 8.806353562781605560e-23 1.719479341538629700e-20 5.068954518418486882e-22 6.999552759767856547e-23
4.572000000000000000e+03 1.661475724024575695e-21 3.311012008365244459e-21 8.784383943674762589e-23 1.716799007657534333e-20 5.032138247810329420e-22 6.976804533806799594e-23
4.582000000000000000e+03 1.658625116662343595e-21 3.282703694409985146e-21 8.756320791137775811e-23 1.714097113884996657e-20 4.988765094275986372e-22 6.948931603745692794e-23
4.592000000000000000e+03 1.655700873266231203e-21 3.255314943249576706e-21 8.724096543542987867e-23 1.711394382914692512e-20 4.939202903041397531e-22 6.917198938673157803e-23
4.602000000000000000e+03 1.652766087402751711e-21 3.228725969841777773e-21 8.687321676792560339e-23 1.708360941957916241e-20 4.884364306109929190e-22 6.881517458008452562e-23
4.612000000000000000e+03 1.649755865893940328e-21 3.202768518190311402e-21 8.646754409910769457e-23 1.705184748901301785e-20 4.825762401076003889e-22 6.842627453514245246e-23
4.622000000000000000e+03 1.646753373728331413e-21 3.177244216900079344e-21 8.604617642888719803e-23 1.701709807955845047e-20 4.765156349339854518e-22 6.802262059324351915e-23
4.632000000000000000e+03 1.643712391833126268e-21 3.152065723593904281e-21 8.561046292849932698e-23 1.698223858807798234e-20 4.705072192941155594e-22 6.761006415515475581e-23
4.642000000000000000e+03 1.640754548914059481e-21 3.127060627576799929e-21 8.518974099033055045e-23 1.694612749513973300e-20 4.647816526580993003e-22 6.721186278845207735e-23
4.652000000000000000e+03 1.637667303837763881e-21 3.102101630424683608e-21 8.476250258787531502e-23 1.691038028418900559e-20 4.596299801793167040e-22 6.682055556746994121e-23
4.662000000000000000e+03 1.634552334270464021e-21 3.075587186418916266e-21 8.422452520016452212e-23 1.687431501981969188e-20 4.553061252092198414e-22 6.637663658701614380e-23
4.672000000000000000e+03 1.631260789434691009e-21 3.050087920489097190e-21 8.378036454428853891e-23 1.683729677191368401e-20 4.520859211120488285e-22 6.601438290666590592e-23
4.682000000000000000e+03 1.627977990799285140e-21 3.024806177168960859e-21 8.339177486099191809e-23 1.680312800594091769e-20 4.501636411363164321e-22 6.571435149424187943e-23
4.692000000000000000e+03 1.624602577275398981e-21 2.999435250347283471e-21 8.305784321258976286e-23 1.677095729259410717e-20 4.497012711955163562e-22 6.547905684453190266e-23
4.702000000000000000e+03 1.621031612011729453e-21 2.973941237585056894e-21 8.276484141027876279e-23 1.673859320136789363e-20 4.508365088844955023e-22 6.530223511760085720e-23
4.712000000000000000e+03 1.617386258435284914e-21 2.948409327560217552e-21 8.253172040645319899e-23 1.670809182130699672e-20 4.536173297030945453e-22 6.519604633207574814e-23
4.722000000000000000e+03 1.613625434451060658e-21 2.922758199023534858e-21 8.236570688056008304e-23 1.668024893297404246e-20 4.580302057999103428e-22 6.516333340823033967e-23
4.732000000000000000e+03 1.609748469453924738e-21 2.897094231794575807e-21 8.225773290451098442e-23 1.665260767297081786e-20 4.639020258040715667e-22 6.519338951809699134e-23
4.742000000000000000e+03 1.605654337082402801e-21 2.871346352212161821e-21 8.219117633534852157e-23 1.662423159190940509e-20 4.709750030917912576e-22 6.526890277873436722e-23
4.752000000000000000e+03 1.601377236334941049e-21 2.845651533571371210e-21 8.216287512207268487e-23 1.659276132352767537e-20 4.787462416282131877e-22 6.537708467735645194e-23
4.762000000000000000e+03 1.596970539336761016e-21 2.820035832230257920e-21 8.217372274295995121e-23 1.656114993626521878e-20 4.864554263286005456e-22 6.550418363308038647e-23
4.772000000000000000e+03 1.592414524436548459e-21 2.794540083636520634e-21 8.220832331615970086e-23 1.652684370579004097e-20 4.930106995387276104e-22 6.562154554376196702e-23
4.782000000000000000e+03 1.587717544046630652e-21 2.769203235733980253e-21 8.224932059499840515e-23 1.649026074119585827e-20 4.971758729929113972e-22 6.569824249793708529e-23
4.792000000000000000e+03 1.582862033652427487e-21 2.744047323643336822e-21 8.228084008804493136e-23 1.645052722741231768e-20 4.982044670300689506e-22 6.571301211899169524e-23
4.802000000000000000e+03 1.577893162150138593e-21 2.719103338150578246e-21 8.228812802698488882e-23 1.640815532157129330e-20 4.967336804248036279e-22 6.566832184558373672e-23
4.812000000000000000e+03 1.572834644598488254e-21 2.694361927434979697e-21 8.225618523800603631e-23 1.636385177687187742e-20 4.947057537449501667e-22 6.558841695246971473e-23
4.822000000000000000e+03 1.567654056444056234e-21 2.669854235676082817e-21 8.215922694792546428e-23 1.631651525286855863e-20 4.939510450455181199e-22 6.548910576430623373e-23
4.832000000000000000e+03 1.562406560335861374e-21 2.645569730229237179e-21 8.199253816510814400e-23 1.626753544422765879e-20 4.951879543315436751e-22 6.538012600700655530e-23
4.842000000000000000e+03 1.557096522363772683e-21 2.621495205456805627e-21 8.173437662557910150e-23 1.621716736237747078e-20 4.981638458143597405e-22 6.524233310055670061e-23
4.852000000000000000e+03 1.551749700076512103e-21 2.597606983922123568e-21 8.119813025873634217e-23 1.616556035215826694e-20 5.022492276147477123e-22 6.494408399036171942e-23
4.862000000000000000e+03 1.546364972536175096e-21 2.573975362928364205e-21 8.066988736675989223e-23 1.611277119341614087e-20 5.066439162101187526e-22 6.465287334451476737e-23
4.872000000000000000e+03 1.540983445537051101e-21 2.550631323948623267e-21 8.005987203264576004e-23 1.605960606656674898e-20 5.106389192673737149e-22 6.429939028789552470e-23
4.882000000000000000e+03 1.535598072107647679e-21 2.527541278426505553e-21 7.937665695720299390e-23 1.600619598383997525e-20 5.136397238725212282e-22 6.387987959380286500e-23
4.892000000000000000e+03 1.530225640478351011e-21 2.504736484854644576e-21 7.859742830529408375e-23 1.595264462890733205e-20 5.152375099616055898e-22 6.337399634164925603e-23
4.902000000000000000e+03 1.524879458454850824e-21 2.482267837481970934e-21 7.773427612071376978e-23 1.589896661493872670e-20 5.151639516329735345e-22 6.278641709801228287e-23
4.912000000000000000e+03 1.519550230232872995e-21 2.460127760861272841e-21 7.677134473618229086e-23 1.584499533850961336e-20 5.133840643922999071e-22 6.210703057955092121e-23
4.922000000000000000e+03 1.514250526894226469e-21 2.438374243501508071e-21 7.573581727041297466e-23 1.579082235027861333e-20 5.099459442027677382e-22 6.135490880389038014e-23
4.932000000000000000e+03 1.508980604272948616e-21 2.417030449654719644e-21 7.462861920691754593e-23 1.573645855517688212e-20 5.050168079489561468e-22 6.053344313779072492e-23
4.942000000000000000e+03 1.503745275059792105e-21 2.396137187211784829e-21 7.346254456171926667e-23 1.568205518193704758e-20 4.987889819298352280e-22 5.965395947327537456e-23
4.952000000000000000e+03 1.498544290613893932e-21 2.375703867897669297e-21 7.224962845841061944e-23 1.562774474668524198e-20 4.915928676953970979e-22 5.872909239610535648e-23
4.962000000000000000e+03 1.493383535681968020e-21 2.355770147760918636e-21 7.100341504312282832e-23 1.557368674830008382e-20 4.837913840085816794e-22 5.777288830619957842e-23
4.972000000000000000e+03 1.488264245509207975e-21 2.336336326864827680e-21 6.973575286272041176e-23 1.551999392632575905e-20 4.757124104564568346e-22 5.679774018670500376e-23
4.982000000000000000e+03 1.483188371485201006e-21 2.317406896411378654e-21 6.845938672487639157e-23 1.546676911865673986e-20 4.676004954701911946e-22 5.581549100733520665e-23
4.992000000000000000e+03 1.478159035439154861e-21 2.299009099963348098e-21 6.718699991774747308e-23 1.541398831974022628e-20 4.595655862253190257e-22 5.483609675339836245e-23
5.002000000000000000e+03 1.473176363217577650e-21 2.281147775177584868e-21 6.593097855531976028e-23 1.536170724164602939e-20 4.515003508408454661e-22 5.386627134733458046e-23
