# els,n0s['EB'],n0s[q'EE'],n0s['TT'],n0s['TB'],n0s['TE'], mv
2.000000000000000000e+00 6.026000784880434182e-08 1.763426436187600246e-08 1.176454568479117327e-08 4.664288349918890086e-07 1.504554272538410770e-08 4.406984890921576482e-09
1.200000000000000000e+01 4.648217926151252541e-11 1.365722002490537815e-11 9.089573795698709872e-12 3.597453461266521700e-10 1.164752981566871087e-11 3.408479136898563701e-12
2.200000000000000000e+01 4.112017839477770715e-12 1.219825222735094799e-12 8.071754154278768409e-13 3.181591921678460893e-11 1.039339488251235496e-12 3.034489157537101561e-13
3.200000000000000000e+01 9.180072281097102433e-13 2.764299068478788270e-13 1.812401863075919853e-13 7.098157198347907986e-12 2.351999692977045156e-13 6.841352568127544765e-14
4.200000000000000000e+01 3.091649371798510027e-13 9.499195653638355759e-14 6.149531238017299851e-14 2.387943123794431723e-12 8.068395076199731236e-14 2.334488410035960940e-14
5.200000000000000000e+01 1.315220662122228424e-13 4.144611197954240283e-14 2.639834881774534454e-14 1.014650183673889032e-12 3.513557589047003058e-14 1.009500384542777743e-14
6.200000000000000000e+01 6.506800856757698955e-14 2.113844049385493004e-14 1.319809912050618975e-14 5.015510068616458335e-13 1.788451755812096430e-14 5.092886575238349230e-15
7.200000000000000000e+01 3.577809858521102422e-14 1.204481862194328016e-14 7.344084577644391895e-15 2.757568963385225871e-13 1.017153009526398187e-14 2.864694780477246194e-15
8.200000000000000000e+01 2.127035161019016153e-14 7.459930784671811351e-15 4.424469261546048279e-15 1.640939202499883917e-13 6.289327243825900139e-15 1.747724080709280206e-15
9.200000000000000000e+01 1.342778181210136878e-14 4.932780891333534153e-15 2.834164732353038984e-15 1.038002560806692962e-13 4.153394350224176357e-15 1.135800478199269331e-15
1.020000000000000000e+02 8.889882895203759891e-15 3.439639778367328956e-15 1.906299983167833310e-15 6.892364353173497972e-14 2.893866840000194457e-15 7.764824225583886297e-16
1.120000000000000000e+02 6.117300242593448247e-15 2.507011192054362484e-15 1.334226264466062327e-15 4.759783812638932360e-14 2.108808858865048710e-15 5.533847750920809322e-16
1.220000000000000000e+02 4.346197211788200165e-15 1.897460473061173743e-15 9.651574140674523808e-16 3.394854634364362513e-14 1.596901640258829085e-15 4.083506389191711250e-16
1.320000000000000000e+02 3.172130181105644668e-15 1.483854503440667937e-15 7.178440429983574604e-16 2.487358693287975105e-14 1.250483802380030688e-15 3.103546620150414505e-16
1.420000000000000000e+02 2.369106753842657972e-15 1.194310733212506408e-15 5.466810125921460099e-16 1.864397510606309398e-14 1.008769505891679174e-15 2.419218250698822405e-16
1.520000000000000000e+02 1.804982607674297949e-15 9.862749012531716702e-16 4.248774681152729267e-16 1.425071381659127532e-14 8.358355871057560097e-16 1.927474057809745149e-16
1.620000000000000000e+02 1.399428645189339427e-15 8.335440725519854290e-16 3.360701244583005890e-16 1.108094763712179835e-14 7.096118695017548272e-16 1.565114357532992933e-16
1.720000000000000000e+02 1.101944092395465248e-15 7.194231829019348688e-16 2.699222591801700361e-16 8.749080309074833899e-15 6.160802208025452794e-16 1.292035919104872561e-16
1.820000000000000000e+02 8.798337234860896022e-16 6.329482196413050305e-16 2.197091181545265071e-16 7.004779883634138050e-15 5.460782104308694343e-16 1.082021784740349739e-16
1.920000000000000000e+02 7.113748574238483712e-16 5.667183065463398156e-16 1.809409097829711728e-16 5.680934796706547255e-15 4.934665209932651641e-16 9.174777277417067209e-17
2.020000000000000000e+02 5.817998162125220476e-16 5.156039265580794893e-16 1.505502637030727628e-16 4.663197604653318668e-15 4.540397361798466255e-16 7.863197424768649999e-17
2.120000000000000000e+02 4.808616018794998554e-16 4.759514001863010571e-16 1.263980964866409812e-16 3.871607946426078476e-15 4.248554919582062757e-16 6.800778492814920438e-17
2.220000000000000000e+02 4.013187164817990517e-16 4.450734681668897161e-16 1.069648805647223745e-16 3.249182682316879337e-15 4.038052888264646411e-16 5.927092443593130169e-17
2.320000000000000000e+02 3.379687100889950796e-16 4.209129782365469794e-16 9.115300470132289009e-17 2.754641600717767416e-15 3.893249154251051473e-16 5.198375327862620996e-17
2.420000000000000000e+02 2.870180525762432421e-16 4.018119503103601746e-16 7.815748198277980416e-17 2.357654078456319526e-15 3.801850079119983185e-16 4.582540434280626481e-17
2.520000000000000000e+02 2.456631070738411819e-16 3.863483976453185317e-16 6.737960279206226056e-17 2.035661773294786932e-15 3.753228131597638568e-16 4.055832072610192380e-17
2.620000000000000000e+02 2.118064422450081661e-16 3.732256491021216698e-16 5.836826428160901728e-17 1.771712166358257901e-15 3.736937321644148558e-16 3.600535330650726486e-17
2.720000000000000000e+02 1.838615314476772416e-16 3.612102317859703060e-16 5.077939949725646102e-17 1.552957220250570428e-15 3.741330090654414432e-16 3.203367302241639641e-17
2.820000000000000000e+02 1.606161870490142660e-16 3.491234029960323548e-16 4.434752535327756142e-17 1.369598508334376880e-15 3.752384953007690805e-16 2.854319158088030115e-17
2.920000000000000000e+02 1.411356967726121136e-16 3.358939340636078593e-16 3.886549605291586102e-17 1.214138458927722202e-15 3.753138881083169909e-16 2.545802899345494216e-17
3.020000000000000000e+02 1.246932163689566239e-16 3.206802670708280319e-16 3.416992925469414171e-17 1.080843579488272413e-15 3.724573823109425516e-16 2.272023688010453072e-17
3.120000000000000000e+02 1.107191828861274468e-16 3.029960540659424544e-16 3.013060927643479773e-17 9.653531188232828395e-16 3.648142926352256705e-16 2.028476417100242069e-17
3.220000000000000000e+02 9.876413164328408699e-17 2.828224731995244559e-16 2.664269281457908503e-17 8.643838543927828498e-16 3.510442752684438442e-16 1.811587614661672661e-17
3.320000000000000000e+02 8.847110266940979937e-17 2.606192265749147221e-16 2.362094093716759293e-17 7.754962484106932386e-16 3.308086189803029099e-16 1.618441165900164977e-17
3.420000000000000000e+02 7.955497207765614601e-17 2.372124874253405855e-16 2.099540789797586180e-17 6.968997237190160034e-16 3.050028359144482106e-16 1.446579236359385186e-17
3.520000000000000000e+02 7.178681735052842056e-17 2.135935611500639801e-16 1.870820477059700180e-17 6.272820295158376431e-16 2.755344583205241042e-16 1.293863663489409751e-17
3.620000000000000000e+02 6.498198051363119221e-17 1.907049076380498217e-16 1.671104192450274904e-17 5.656577162905092128e-16 2.447329715658519117e-16 1.158383479105614826e-17
3.720000000000000000e+02 5.899087219454602064e-17 1.692865436101197185e-16 1.496335149438544567e-17 5.112375579457371244e-16 2.147144837209538195e-16 1.038397310343711097e-17
3.820000000000000000e+02 5.369180962375396619e-17 1.498106754857046318e-16 1.343084442953621842e-17 4.633239783902937022e-16 1.869878893686468769e-16 9.322997003971009013e-18
3.920000000000000000e+02 4.898540358431529509e-17 1.324950408571626163e-16 1.208438570423634446e-17 4.212406704987388137e-16 1.623732510875179447e-16 8.386046625206695871e-18
4.020000000000000000e+02 4.479011710002802769e-17 1.173603880582330337e-16 1.089910550883054484e-17 3.843000242053925865e-16 1.411259514766981156e-16 7.559392206345645000e-18
4.120000000000000000e+02 4.103869477297715712e-17 1.042888751139049893e-16 9.853701027742014447e-18 3.518060933339601373e-16 1.231301029531607992e-16 6.830383033609187073e-18
4.220000000000000000e+02 3.767532105900820307e-17 9.309050195294864853e-17 8.929868159379744730e-18 3.230838326335872008e-16 1.080728897814881509e-16 6.187478202007505039e-18
4.320000000000000000e+02 3.465331495539085946e-17 8.354761192001295332e-17 8.111842696826969905e-18 2.975179255594551049e-16 9.556669800336817058e-17 5.620248313988616697e-18
4.420000000000000000e+02 3.193329689038365043e-17 7.543955132972905604e-17 7.386019334708180661e-18 2.745843248833014171e-16 8.522054764176811106e-17 5.119332245858146902e-18
4.520000000000000000e+02 2.948170850081321906e-17 6.855898328165066435e-17 6.740638083071843601e-18 2.538638396901969145e-16 7.667676989366721778e-17 4.676391286778092906e-18
4.620000000000000000e+02 2.726965919834963813e-17 6.271973308825878882e-17 6.165520989885678264e-18 2.350381242690754669e-16 6.962498808174781611e-17 4.284043735437084104e-18
4.720000000000000000e+02 2.527201870999947557e-17 5.775879927693534012e-17 5.651851555357639691e-18 2.178730877600226942e-16 6.380412825175391645e-17 3.935786897639091888e-18
4.820000000000000000e+02 2.346670848329863268e-17 5.353561335148670324e-17 5.191984455989152396e-18 2.021969904016651074e-16 5.899783036970340387e-17 3.625911179728404220e-18
4.920000000000000000e+02 2.183415926193659869e-17 4.993192629631370631e-17 4.779286188474985245e-18 1.878794433864162616e-16 5.502883363925595092e-17 3.349430910072614691e-18
5.020000000000000000e+02 2.035689694226115626e-17 4.684567351889910751e-17 4.407997218286411255e-18 1.748144156876709742e-16 5.175122785629264295e-17 3.101986639938765967e-18
5.120000000000000000e+02 1.901922678420580090e-17 4.418997304504024672e-17 4.073115475153797015e-18 1.629083073541735668e-16 4.904437695849921842e-17 2.879783108643958128e-18
5.220000000000000000e+02 1.780699044542313292e-17 4.189039050931418178e-17 3.770294407554858333e-18 1.520727041176018654e-16 4.680718835330068227e-17 2.679522206403268689e-18
5.320000000000000000e+02 1.670737727679085968e-17 3.988260777945931216e-17 3.495756447797376085e-18 1.422208818531592377e-16 4.495321631976026012e-17 2.498343790082805145e-18
5.420000000000000000e+02 1.570877423546602958e-17 3.811056665048859732e-17 3.246217937148407349e-18 1.332669770620980320e-16 4.340668315099148643e-17 2.333773569994556620e-18
5.520000000000000000e+02 1.480064031023486613e-17 3.652503969445991480e-17 3.018824352197956963e-18 1.251267774251172429e-16 4.209918412806806763e-17 2.183676796112311057e-18
5.620000000000000000e+02 1.397339797548111928e-17 3.508265905581831443e-17 2.811093990305893883e-18 1.177193444067049485e-16 4.096734280798627427e-17 2.046217822653749389e-18
5.720000000000000000e+02 1.321834235930492734e-17 3.374532722871129235e-17 2.620869161395832265e-18 1.109689335994670859e-16 3.995125340000327498e-17 1.919824182650389013e-18
5.820000000000000000e+02 1.252756594593896843e-17 3.248006749664821004e-17 2.446274105497837277e-18 1.048068051937696219e-16 3.899401331010207436e-17 1.803155495787103670e-18
5.920000000000000000e+02 1.189389835418290842e-17 3.125931038867286142e-17 2.285676678410004146e-18 9.917261703978075600e-17 3.804226714241546173e-17 1.695075078816312743e-18
6.020000000000000000e+02 1.131085669200101219e-17 3.006051720840332370e-17 2.137657147985058426e-18 9.401517657558380343e-17 3.704771120147024931e-17 1.594622864223464366e-18
6.120000000000000000e+02 1.077260494663679517e-17 2.886697847603970381e-17 2.000978790173431424e-18 8.929237045953918324e-17 3.596967082214392647e-17 1.500993274739272299e-18
6.220000000000000000e+02 1.027392037992872085e-17 2.766825929653196006e-17 1.874563587425812702e-18 8.497011867772585219e-17 3.477815345564435035e-17 1.413514771429273555e-18
6.320000000000000000e+02 9.810164499617527258e-18 2.645983217290597654e-17 1.757469487783136833e-18 8.102036696194335915e-17 3.345646698205249903e-17 1.331628300802009228e-18
6.420000000000000000e+02 9.377253699014495300e-18 2.524259996400495330e-17 1.648870897982448385e-18 7.741835995375356756e-17 3.200296755156609745e-17 1.254868645433646078e-18
6.520000000000000000e+02 8.971632395773364143e-18 2.402206500758551813e-17 1.548042069753361612e-18 7.413965365827546543e-17 3.043094801667411140e-17 1.182847599856577465e-18
6.620000000000000000e+02 8.590243801679370829e-18 2.280706760406375019e-17 1.454342024140332137e-18 7.115740751828517207e-17 2.876654515625654177e-17 1.115238349060768728e-18
6.720000000000000000e+02 8.230495638441680088e-18 2.160846494412218138e-17 1.367201971492439389e-18 6.844056139617812600e-17 2.704502701661454279e-17 1.051762548233632279e-18
6.820000000000000000e+02 7.890222530744598462e-18 2.043728056551828719e-17 1.286114045251459634e-18 6.595333536198450040e-17 2.530576929500640955e-17 9.921774096337916103e-19
6.920000000000000000e+02 7.567646895545366632e-18 1.930556204824630157e-17 1.210621403035740725e-18 6.365617914208597598e-17 2.358751998469714434e-17 9.362710425746045390e-19
7.020000000000000000e+02 7.261336439501309548e-18 1.822276256185474269e-17 1.140311204025378563e-18 6.150794839347038155e-17 2.192459203018956711e-17 8.838492605279461077e-19
7.120000000000000000e+02 6.970158755361053843e-18 1.719650522947897943e-17 1.074807052724037161e-18 5.946885126328621007e-17 2.034438441433678389e-17 8.347323475121828402e-19
7.220000000000000000e+02 6.693234404761487795e-18 1.623222920195462741e-17 1.013764017591403090e-18 5.750356638948688707e-17 1.886637650682205362e-17 7.887506088289424384e-19
7.320000000000000000e+02 6.429890834654864168e-18 1.533317250745077251e-17 9.568638755785934616e-19 5.558395024308552732e-17 1.750231634180063702e-17 7.457407707560980582e-19
7.420000000000000000e+02 6.179616382416661591e-18 1.450054886686277402e-17 9.038119654020002086e-19 5.369082899166916724e-17 1.625725231678155723e-17 7.055439026286596859e-19
7.520000000000000000e+02 5.942016801282627521e-18 1.373384566680120120e-17 8.543340129488253281e-19 5.181461612581865513e-17 1.513091225791934604e-17 6.680037103802895007e-19
7.620000000000000000e+02 5.716775590306306494e-18 1.303115168931889218e-17 8.081738632684046913e-19 4.995470235118078701e-17 1.411913570437972060e-17 6.329656830500421986e-19
7.720000000000000000e+02 5.503618330597540126e-18 1.238949634800289361e-17 7.650921256579916242e-19 4.811776380485550322e-17 1.321517364388869617e-17 6.002771156515137975e-19
7.820000000000000000e+02 5.302282129177230687e-18 1.180513399049789079e-17 7.248644166546396803e-19 4.631538367193412677e-17 1.241069363708238620e-17 5.697869157311448573e-19
7.920000000000000000e+02 5.112490531551382807e-18 1.127391692500904804e-17 6.872805906036289367e-19 4.456149478201157531e-17 1.169660864320308909e-17 5.413466277787942430e-19
8.020000000000000000e+02 4.933935138628204214e-18 1.079123699813271121e-17 6.521438034092038765e-19 4.286998386161489155e-17 1.106357461274056581e-17 5.148103385507248106e-19
8.120000000000000000e+02 4.766262195049387004e-18 1.035237358930467850e-17 6.192700231353078546e-19 4.125284030907458590e-17 1.050236355094241759e-17 4.900360714686795302e-19
8.220000000000000000e+02 4.609067086044798631e-18 9.952705386146713683e-18 5.884874810072005587e-19 3.971892398669383592e-17 1.000414442985937827e-17 4.668870142202269910e-19
8.320000000000000000e+02 4.461893681448798239e-18 9.587669480692991893e-18 5.596359045118917884e-19 3.827334721735675084e-17 9.560536503085077062e-18 4.452317599125006064e-19
8.420000000000000000e+02 4.324238374738912481e-18 9.252840864736606526e-18 5.325664990797727078e-19 3.691743095265664141e-17 9.163689395285515421e-18 4.249454677540466858e-19
8.520000000000000000e+02 4.195555864357150900e-18 8.943992168313182736e-18 5.071414348742062523e-19 3.564904984660961063e-17 8.806280116761380689e-18 4.059104762206064071e-19
8.620000000000000000e+02 4.075265513027957811e-18 8.657134667488634024e-18 4.832331843586936034e-19 3.446326320369254948e-17 8.481530477995616014e-18 3.880167386455578938e-19
8.720000000000000000e+02 3.962758157595671016e-18 8.388536828390725795e-18 4.607246954309434639e-19 3.335309844370300937e-17 8.183191085773907290e-18 3.711625517213752617e-19
8.820000000000000000e+02 3.857402429159549145e-18 8.134899576633406531e-18 4.395083149379724487e-19 3.231040889668153188e-17 7.905540548890170273e-18 3.552546642900376884e-19
8.920000000000000000e+02 3.758553144911844702e-18 7.893189821909374351e-18 4.194858967192958987e-19 3.132671594276999306e-17 7.643421156206089785e-18 3.402084016988541754e-19
9.020000000000000000e+02 3.665559386657040318e-18 7.660765671841845770e-18 4.005679303841898043e-19 3.039403678688582050e-17 7.392276667429854066e-18 3.259475898937739864e-19
9.120000000000000000e+02 3.577773611580500243e-18 7.435398381670840808e-18 3.826733808476032926e-19 2.950558485453437339e-17 7.148199028226406863e-18 3.124046141180325077e-19
9.220000000000000000e+02 3.494561564490987723e-18 7.215296326123298896e-18 3.657287130455595437e-19 2.865631167017224592e-17 6.907974738484959762e-18 2.995198338854594950e-19
9.320000000000000000e+02 3.415312004746707951e-18 6.999112422774457882e-18 3.496678720503451637e-19 2.784323343126834708e-17 6.669130459548634839e-18 2.872415150674596795e-19
9.420000000000000000e+02 3.339446719266219896e-18 6.785935837741840844e-18 3.344313996735931807e-19 2.706544960424918636e-17 6.429957576871831668e-18 2.755250726120545762e-19
9.520000000000000000e+02 3.266431193633211245e-18 6.575275168810147637e-18 3.199657993214583938e-19 2.632383789996650384e-17 6.189518544749888504e-18 2.643324161753703260e-19
9.620000000000000000e+02 3.195785092293956787e-18 6.367004105691034488e-18 3.062230700671049135e-19 2.562044348276111122e-17 5.947606903599665392e-18 2.536312798894651497e-19
9.720000000000000000e+02 3.127091423510534788e-18 6.161313328481851490e-18 2.931601440095479043e-19 2.495760055884095710e-17 5.704688622635007845e-18 2.433944991971628420e-19
9.820000000000000000e+02 3.060003668906875797e-18 5.958724797698332476e-18 2.807381701702377357e-19 2.433692300670959927e-17 5.461769109871812144e-18 2.335991924624429761e-19
9.920000000000000000e+02 2.994250547372224241e-18 5.759783538103710755e-18 2.689219332015217706e-19 2.375838407811344437e-17 5.220262727732159891e-18 2.242256056501890114e-19
1.002000000000000000e+03 2.929638180360463620e-18 5.565147580322740730e-18 2.576796233186731382e-19 2.321970781791185845e-17 4.981839661529018553e-18 2.152568549056195810e-19
1.012000000000000000e+03 2.866049530991106812e-18 5.375604918041644446e-18 2.469821310592530614e-19 2.271623075255769904e-17 4.748290059948361929e-18 2.066782998465024850e-19
1.022000000000000000e+03 2.803440257625588305e-18 5.191914115641278861e-18 2.368024569029024888e-19 2.224132920554449290e-17 4.521339734131701796e-18 1.984766653439538271e-19
1.032000000000000000e+03 2.741828848626260147e-18 5.014755986835889411e-18 2.271155543672402690e-19 2.178724223554435240e-17 4.302545943000647202e-18 1.906397599228966242e-19
1.042000000000000000e+03 2.681286879763134240e-18 4.844708055249265619e-18 2.178978736024908626e-19 2.134616313481455921e-17 4.093196996259429425e-18 1.831560004796245869e-19
1.052000000000000000e+03 2.621925741444794656e-18 4.682201413305854039e-18 2.091271450779240625e-19 2.091122699434662602e-17 3.894304570442246144e-18 1.760141855656079768e-19
1.062000000000000000e+03 2.563884865335750327e-18 4.527488030086581447e-18 2.007820785769350212e-19 2.047729916690267301e-17 3.706544521280298027e-18 1.692030781454130495e-19
1.072000000000000000e+03 2.507317697262844216e-18 4.380836946542733163e-18 1.928421581284648230e-19 2.004135590459382651e-17 3.530276310644974046e-18 1.627114671587324692e-19
1.082000000000000000e+03 2.452379544980837393e-18 4.242244759635785504e-18 1.852875240181732475e-19 1.960250692649289154e-17 3.365587543509818097e-18 1.565276469112467086e-19
1.092000000000000000e+03 2.399216989143211362e-18 4.111595829870819176e-18 1.780990213154689773e-19 1.916172501872038766e-17 3.212322874794827645e-18 1.506396207109963153e-19
1.102000000000000000e+03 2.347959063299360112e-18 3.988667261908393479e-18 1.712578778161561646e-19 1.872138357134579512e-17 3.070128765213955784e-18 1.450348693495733040e-19
1.112000000000000000e+03 2.298710304598058908e-18 3.873142030429564594e-18 1.647458272406833812e-19 1.828470935137888610e-17 2.938489599842587925e-18 1.397004570095513568e-19
1.122000000000000000e+03 2.251546073461814566e-18 3.764625982397371243e-18 1.585451164362177472e-19 1.785524494870266635e-17 2.816771093787937846e-18 1.346231093995100822e-19
1.132000000000000000e+03 2.206510090273132346e-18 3.662663659156440759e-18 1.526386184600568585e-19 1.743638846523387776e-17 2.704251919188230928e-18 1.297893731437349729e-19
1.142000000000000000e+03 2.163613813157989426e-18 3.566755673624804239e-18 1.470095640094245260e-19 1.703105209508277980e-17 2.600158315437404348e-18 1.251855359975306793e-19
1.152000000000000000e+03 2.122837456568028892e-18 3.476371403441665185e-18 1.416419279631150730e-19 1.664145076165553174e-17 2.503685174928816829e-18 1.207980045517341913e-19
1.162000000000000000e+03 2.084131897397825300e-18 3.390965124853019751e-18 1.365202809909516362e-19 1.626901815389077194e-17 2.414025699671966706e-18 1.166133338224518205e-19
1.172000000000000000e+03 2.047421035718431695e-18 3.309993599746848290e-18 1.316298301920251273e-19 1.591443140494401262e-17 2.330374277482857559e-18 1.126183383273032665e-19
1.182000000000000000e+03 2.012604058511820116e-18 3.232909190647770325e-18 1.269565752894023458e-19 1.557772056823601834e-17 2.251961188371519134e-18 1.088003336762171603e-19
1.192000000000000000e+03 1.979557678303704156e-18 3.159187992550926482e-18 1.224871854467269115e-19 1.525843612927726460e-17 2.178046344574916182e-18 1.051471163951496458e-19
1.202000000000000000e+03 1.948138834641622782e-18 3.088348765965240532e-18 1.182094038605466796e-19 1.495584755356390748e-17 2.107936353444392258e-18 1.016473681725476985e-19
1.212000000000000000e+03 1.918188191178911589e-18 3.019952962069083940e-18 1.141116418942980515e-19 1.466914214411308174e-17 2.040987233401055984e-18 9.829040262779545117e-20
1.222000000000000000e+03 1.889534643347997625e-18 2.953609871371437645e-18 1.101831005261435466e-19 1.439759305275512224e-17 1.976621982994833989e-18 9.506633092062525803e-20
1.232000000000000000e+03 1.862000506615098216e-18 2.888984307313771345e-18 1.064139443543374167e-19 1.414067014499136770e-17 1.914334188737777517e-18 9.196622843885173478e-20
1.242000000000000000e+03 1.835407132934392319e-18 2.825797271296836077e-18 1.027951178706958488e-19 1.389807127335277322e-17 1.853690784762504608e-18 8.898201657665519961e-20
1.252000000000000000e+03 1.809580567362824369e-18 2.763829535815094878e-18 9.931837184279169314e-20 1.366967078968414298e-17 1.794344172564970699e-18 8.610651552935687696e-20
1.262000000000000000e+03 1.784357082095328174e-18 2.702900701113458184e-18 9.597633438821378097e-20 1.345539111480151451e-17 1.736026542605157619e-18 8.333346017984116589e-20
1.272000000000000000e+03 1.759587994643372088e-18 2.642939539434864283e-18 9.276220261903273167e-20 1.325502032541884856e-17 1.678559346583094977e-18 8.065734848188982275e-20
1.282000000000000000e+03 1.735143761421064184e-18 2.583884559050269377e-18 8.967008249348692429e-20 1.306801560118588277e-17 1.621841996672655593e-18 7.807356642787895124e-20
1.292000000000000000e+03 1.710917306339319506e-18 2.525722250133987227e-18 8.669446761292668101e-20 1.289333562756621414e-17 1.565851520635089494e-18 7.557802551484851636e-20
1.302000000000000000e+03 1.686826528456994969e-18 2.468478618609432256e-18 8.383051596907795896e-20 1.272934449718374613e-17 1.510630891750550381e-18 7.316733545753854892e-20
1.312000000000000000e+03 1.662815835210950712e-18 2.412210755533652703e-18 8.107380518719340652e-20 1.257381421006181014e-17 1.456275792731000180e-18 7.083858398013748651e-20
1.322000000000000000e+03 1.638856444070566717e-18 2.356998654471760559e-18 7.842035209336636104e-20 1.242403870846562464e-17 1.402919681156729578e-18 6.858931656522250475e-20
1.332000000000000000e+03 1.614945489196662864e-18 2.302937541165186087e-18 7.586649513488511183e-20 1.227704714590466275e-17 1.350721070253885521e-18 6.641741887111127966e-20
1.342000000000000000e+03 1.591103823758885458e-18 2.250128583130361355e-18 7.340883038183531172e-20 1.212988586190593687e-17 1.299846120016147078e-18 6.432102571539832033e-20
1.352000000000000000e+03 1.567373014013993151e-18 2.198673519691114444e-18 7.104418043285110249e-20 1.197992326623974512e-17 1.250464521957445451e-18 6.229848782092670268e-20
1.362000000000000000e+03 1.543811459331373803e-18 2.148677051559263168e-18 6.876941325468127834e-20 1.182511979045702229e-17 1.202722461924068171e-18 6.034816788250221372e-20
1.372000000000000000e+03 1.520489771920890056e-18 2.100207057840756693e-18 6.658154566080549633e-20 1.166422064720595768e-17 1.156757615335782111e-18 5.846852004669959013e-20
1.382000000000000000e+03 1.497485510944249131e-18 2.053319296672896068e-18 6.447762082017064046e-20 1.149682816532991894e-17 1.112678596280127546e-18 5.665795514555217871e-20
1.392000000000000000e+03 1.474877933999361200e-18 2.008064455221001089e-18 6.245479423306618566e-20 1.132336534148719880e-17 1.070562615850681882e-18 5.491489247795686190e-20
1.402000000000000000e+03 1.452743103147966015e-18 1.964471097876139689e-18 6.051024823960201476e-20 1.114494350472464922e-17 1.030454506377599618e-18 5.323766344769957762e-20
1.412000000000000000e+03 1.431149524944313516e-18 1.922547153250802569e-18 5.864098502249386047e-20 1.096316168788834959e-17 9.923672371677747366e-19 5.162433949766412834e-20
1.422000000000000000e+03 1.410154887311198917e-18 1.882280928545387525e-18 5.684407441117967103e-20 1.077988437190324683e-17 9.562853586314764150e-19 5.007292172481678806e-20
1.432000000000000000e+03 1.389803926942250046e-18 1.843642572946438613e-18 5.511667078915553102e-20 1.059702326473265662e-17 9.221653053870629668e-19 4.858134739165734867e-20
1.442000000000000000e+03 1.370127402490814020e-18 1.806585486260394815e-18 5.345570346538449023e-20 1.041635391605120397e-17 8.899437426456100170e-19 4.714726805413666069e-20
1.452000000000000000e+03 1.351142190744338375e-18 1.771046550983726010e-18 5.185834567286527345e-20 1.023938726727363800e-17 8.595357641614639025e-19 4.576840740334632100e-20
1.462000000000000000e+03 1.332851980326921619e-18 1.736961016310295342e-18 5.032157629098012190e-20 1.006729080747026863e-17 8.308373428960839346e-19 4.444223789779857446e-20
1.472000000000000000e+03 1.315248367749816132e-18 1.704245523592190847e-18 4.884257071275952097e-20 9.900862497660705437e-18 8.037352067392009861e-19 4.316630442348194636e-20
1.482000000000000000e+03 1.298311901591686098e-18 1.672809657497310447e-18 4.741847914026907555e-20 9.740544093632560155e-18 7.781095773296623789e-19 4.193807219445774422e-20
1.492000000000000000e+03 1.282012966156359939e-18 1.642557971530531395e-18 4.604657413343363196e-20 9.586466980673895167e-18 7.538368125091921016e-19 4.075505615306435788e-20
1.502000000000000000e+03 1.266312515203430050e-18 1.613392540291184386e-18 4.472410872463876535e-20 9.438518724157868135e-18 7.307906208531254369e-19 3.961472062997548963e-20
1.512000000000000000e+03 1.251162848665027261e-18 1.585215476215896662e-18 4.344856973526751516e-20 9.296425584217320332e-18 7.088459899391508520e-19 3.851469646998467513e-20
1.522000000000000000e+03 1.236508641978745664e-18 1.557931135702648106e-18 4.221758372355477543e-20 9.159836929457125839e-18 6.878802935935443031e-19 3.745271799299489713e-20
1.532000000000000000e+03 1.222288359735618070e-18 1.531447774901636878e-18 4.102878835681453186e-20 9.028404487757081134e-18 6.677767696063300728e-19 3.642653826402747101e-20
1.542000000000000000e+03 1.208436091263058517e-18 1.505679205719849688e-18 3.988011297736028973e-20 8.901848536513308396e-18 6.484272626751582170e-19 3.543416370302972024e-20
1.552000000000000000e+03 1.194883786072707467e-18 1.480545395037937258e-18 3.876954354808440962e-20 8.779999310089071527e-18 6.297359529203104384e-19 3.447368453903667430e-20
1.562000000000000000e+03 1.181563812703358346e-18 1.455978207271151874e-18 3.769526315046865803e-20 8.662814449534482971e-18 6.116183592821356562e-19 3.354338868516961516e-20
1.572000000000000000e+03 1.168411567020934421e-18 1.431911315955751979e-18 3.665560171029879971e-20 8.550353010679258620e-18 5.940041812356604192e-19 3.264172691365602364e-20
1.582000000000000000e+03 1.155368016510361331e-18 1.408287905030112151e-18 3.564903926651745792e-20 8.442724685415076778e-18 5.768335477482156282e-19 3.176730925372142100e-20
1.592000000000000000e+03 1.142381947803035951e-18 1.385065178844104887e-18 3.467431776460135238e-20 8.340012225682694785e-18 5.600616498876775231e-19 3.091901002219676111e-20
1.602000000000000000e+03 1.129411783797508053e-18 1.362209334062637258e-18 3.373014824149345971e-20 8.242184371666868990e-18 5.436550171372003970e-19 3.009572086816852137e-20
1.612000000000000000e+03 1.116426931099597586e-18 1.339695546698045092e-18 3.281551429231454154e-20 8.149025880230792423e-18 5.275935741895519295e-19 2.929659769076741079e-20
1.622000000000000000e+03 1.103408474557616610e-18 1.317507849441018498e-18 3.192938224405602672e-20 8.060092097451540599e-18 5.118653344806821091e-19 2.852081347351967621e-20
1.632000000000000000e+03 1.090349051898929043e-18 1.295637304312478771e-18 3.107087915678637641e-20 7.974710636847301850e-18 4.964712181429052406e-19 2.776771396357582775e-20
1.642000000000000000e+03 1.077252181697844436e-18 1.274078306736965215e-18 3.023924720158506659e-20 7.892023820848973427e-18 4.814187827330912662e-19 2.703676102958790385e-20
1.652000000000000000e+03 1.064131133411440296e-18 1.252847419708064308e-18 2.943371665054329269e-20 7.811066201840770404e-18 4.667187609528640151e-19 2.632742929173898031e-20
1.662000000000000000e+03 1.051007376696435259e-18 1.231953874788377138e-18 2.865362846827775411e-20 7.730863701248714794e-18 4.523855360563675068e-19 2.563929244121347323e-20
1.672000000000000000e+03 1.037908758446167163e-18 1.211412025149858329e-18 2.789830684439655375e-20 7.650529966122658313e-18 4.384362342111306319e-19 2.497192452142257210e-20
1.682000000000000000e+03 1.024867513012010944e-18 1.191239235968829952e-18 2.716716761589919637e-20 7.569351777488806581e-18 4.248896001139721050e-19 2.432498219046055780e-20
1.692000000000000000e+03 1.011918148591626272e-18 1.171454499608688739e-18 2.645946490692173392e-20 7.486845493054236342e-18 4.117633829198755273e-19 2.369799207461451778e-20
1.702000000000000000e+03 9.990954577768847102e-19 1.152077656230504384e-18 2.577462997506611784e-20 7.402783682772201535e-18 3.990736880643149017e-19 2.309061894892732429e-20
1.712000000000000000e+03 9.864327355348314947e-19 1.133128347488954695e-18 2.511207646517008287e-20 7.317192473052035058e-18 3.868326673209384905e-19 2.250250040078448262e-20
1.722000000000000000e+03 9.739602457116875330e-19 1.114625214416302281e-18 2.447104315288530001e-20 7.230319038277622611e-18 3.750491378423925254e-19 2.193312068627813502e-20
1.732000000000000000e+03 9.617040227208218915e-19 1.096585162313764603e-18 2.385092843539940617e-20 7.142582983236607016e-18 3.637268740357974383e-19 2.138207171738452628e-20
1.742000000000000000e+03 9.496850697731707362e-19 1.079022645149165290e-18 2.325099644460314863e-20 7.054511890685344966e-18 3.528670533743568655e-19 2.084882382251461327e-20
1.752000000000000000e+03 9.379190111848508642e-19 1.061949861549249439e-18 2.267055565380492383e-20 6.966680275494199586e-18 3.424635540355581456e-19 2.033285192320950913e-20
1.762000000000000000e+03 9.264160865654172659e-19 1.045373398710984568e-18 2.210884571676745649e-20 6.879650809365151416e-18 3.325098082429119209e-19 1.983356637500611092e-20
1.772000000000000000e+03 9.151814930297609445e-19 1.029295989564191452e-18 2.156508330891707996e-20 6.793928728047286700e-18 3.229936602309752446e-19 1.935033211471306183e-20
1.782000000000000000e+03 9.042159609191109007e-19 1.013717312099467209e-18 2.103865660329061343e-20 6.709935751161880308e-18 3.138998101756687847e-19 1.888263396910287981e-20
1.792000000000000000e+03 8.935162826921148670e-19 9.986320051982675011e-19 2.052878398864013664e-20 6.627987890815317662e-18 3.052079038287711536e-19 1.842979427023634568e-20
1.802000000000000000e+03 8.830758357040262364e-19 9.840298013678796627e-19 2.003470670728219555e-20 6.548298294098609327e-18 2.968954595554967026e-19 1.799113865365935037e-20
1.812000000000000000e+03 8.728850032998804676e-19 9.698958265985068443e-19 1.955572837154268512e-20 6.470991305004423356e-18 2.889363094420264903e-19 1.756602280434471430e-20
1.822000000000000000e+03 8.629315055296675392e-19 9.562105426086763206e-19 1.909114868343099738e-20 6.396118472252239459e-18 2.813040113178763560e-19 1.715379204385009386e-20
1.832000000000000000e+03 8.532007202767739329e-19 9.429501289739006711e-19 1.864025263885801159e-20 6.323677406462307978e-18 2.739708652061997168e-19 1.675376975160863369e-20
1.842000000000000000e+03 8.436761321891334347e-19 9.300890099244423248e-19 1.820248982635779109e-20 6.253644520820198861e-18 2.669077226892665708e-19 1.636540302073397980e-20
1.852000000000000000e+03 8.343397368013989152e-19 9.175968197279807512e-19 1.777718055773829591e-20 6.185979701885450854e-18 2.600862236281694223e-19 1.598803324135002057e-20
1.862000000000000000e+03 8.251726846781496849e-19 9.054411006892663076e-19 1.736384528553938425e-20 6.120644692760837927e-18 2.534804781518802342e-19 1.562117032873955642e-20
1.872000000000000000e+03 8.161558735905835778e-19 8.935874548922864650e-19 1.696193798446345365e-20 6.057596766731358927e-18 2.470673553638221704e-19 1.526427898172246450e-20
1.882000000000000000e+03 8.072706772774280846e-19 8.820007821223307670e-19 1.657097641214154355e-20 5.996788804289865906e-18 2.408263528638546715e-19 1.491688446978191172e-20
1.892000000000000000e+03 7.984996147852330374e-19 8.706464269827921761e-19 1.619056180346683042e-20 5.938153969967635312e-18 2.347399953887779648e-19 1.457859091323459268e-20
1.902000000000000000e+03 7.898269979226479927e-19 8.594909575824400966e-19 1.582030222702440876e-20 5.881587712787732213e-18 2.287933328726327716e-19 1.424901780092777519e-20
1.912000000000000000e+03 7.812395203407294322e-19 8.485032300065536872e-19 1.545986780326962371e-20 5.826939598445319036e-18 2.229749889539327675e-19 1.392784937408583390e-20
1.922000000000000000e+03 7.727267001389134387e-19 8.376551852230513134e-19 1.510898012253761303e-20 5.773994254326390894e-18 2.172758868869677602e-19 1.361482152716641698e-20
1.932000000000000000e+03 7.642811679018277763e-19 8.269227529429364851e-19 1.476738617278756320e-20 5.722467207140087296e-18 2.116918298375067571e-19 1.330971121146787343e-20
1.942000000000000000e+03 7.558987491813368627e-19 8.162871942647472094e-19 1.443484499158600481e-20 5.672016045746916173e-18 2.062188209194457525e-19 1.301230779117036207e-20
1.952000000000000000e+03 7.475784551277011919e-19 8.057328347573835538e-19 1.411113415949539553e-20 5.622263177395302601e-18 2.008578137115993873e-19 1.272243670246731110e-20
1.962000000000000000e+03 7.393221216268393110e-19 7.952490186838724762e-19 1.379596831817928533e-20 5.572812007395772472e-18 1.956110040170704124e-19 1.243987926614560906e-20
1.972000000000000000e+03 7.311341422371610211e-19 7.848319249493858009e-19 1.348931821296166277e-20 5.523292793278668585e-18 1.904825493697973037e-19 1.216463566819468949e-20
1.982000000000000000e+03 7.230208307567564897e-19 7.744822398441321939e-19 1.319103500507517467e-20 5.473393593707318397e-18 1.854765384901453275e-19 1.189661082625402223e-20
1.992000000000000000e+03 7.149897498583467409e-19 7.642051710665889783e-19 1.290092384224424050e-20 5.422872788483699945e-18 1.805975853491154380e-19 1.163567637480090007e-20
2.002000000000000000e+03 7.070491280181047560e-19 7.540101356764323792e-19 1.261879460238859912e-20 5.371592322404959847e-18 1.758501956310749099e-19 1.138170923387337607e-20
2.012000000000000000e+03 6.992071825672480995e-19 7.439103463001777187e-19 1.234456026342670033e-20 5.319510307664090595e-18 1.712374276977244080e-19 1.113466562280002101e-20
2.022000000000000000e+03 6.914716176348760633e-19 7.339217569318182977e-19 1.207796902393089938e-20 5.266683451456392091e-18 1.667628236095601016e-19 1.089437071844299931e-20
2.032000000000000000e+03 6.838492523200363646e-19 7.240625717602227919e-19 1.181895029395997059e-20 5.213254066714606881e-18 1.624283291554986082e-19 1.066079102447660524e-20
2.042000000000000000e+03 6.763456400602976012e-19 7.143536044960171373e-19 1.156716459931411458e-20 5.159411960576498289e-18 1.582351419118133074e-19 1.043367138899259319e-20
2.052000000000000000e+03 6.689650592387725347e-19 7.048157409251709369e-19 1.132257125032634910e-20 5.105399436587440842e-18 1.541838514445539463e-19 1.021299683804327690e-20
2.062000000000000000e+03 6.617103555487391241e-19 6.954693816774225277e-19 1.108491666658076439e-20 5.051464584679632194e-18 1.502743012085207276e-19 9.998575245030822258e-21
2.072000000000000000e+03 6.545830909301557268e-19 6.863340442889112236e-19 1.085400254961779007e-20 4.997854255751665549e-18 1.465052991948669161e-19 9.790254065212638096e-21
2.082000000000000000e+03 6.475835967232249302e-19 6.774269735771615310e-19 1.062955340412394400e-20 4.944789034882821449e-18 1.428741877217087338e-19 9.587810098055364586e-21
2.092000000000000000e+03 6.407112300200106225e-19 6.687628789586007787e-19 1.041139567224510215e-20 4.892465813748871388e-18 1.393773296524929552e-19 9.391097239944691890e-21
2.102000000000000000e+03 6.339644407000565224e-19 6.603529200619128995e-19 1.019931948245925730e-20 4.841033945783718766e-18 1.360097864644139697e-19 9.199932143996474608e-21
2.112000000000000000e+03 6.273408650882566262e-19 6.522037473182059955e-19 9.993038886003797385e-21 4.790595019343100399e-18 1.327655319565571101e-19 9.014062541948114200e-21
2.122000000000000000e+03 6.208375808165481260e-19 6.443180515221933030e-19 9.792387007894659940e-21 4.741229093929152940e-18 1.296383707066493323e-19 8.833330457010042670e-21
2.132000000000000000e+03 6.144509639675919023e-19 6.366935281224637581e-19 9.597085992878531625e-21 4.692958152455969674e-18 1.266222445231753447e-19 8.657486171393586760e-21
2.142000000000000000e+03 6.081769874983665936e-19 6.293229740644280370e-19 9.406933789427390410e-21 4.645799352764687814e-18 1.237105936008116105e-19 8.486337597055957971e-21
2.152000000000000000e+03 6.020111510401483681e-19 6.221949552011048455e-19 9.221678463002309998e-21 4.599740141300615884e-18 1.208976431805112086e-19 8.319654138574781830e-21
2.162000000000000000e+03 5.959485472408718068e-19 6.152942771538382679e-19 9.041148783799768534e-21 4.554755606164708016e-18 1.181760540066236774e-19 8.157262143580188035e-21
2.172000000000000000e+03 5.899841800025208921e-19 6.086023224153088597e-19 8.865213147029279566e-21 4.510838973341109899e-18 1.155390602372512969e-19 7.999021813620976897e-21
2.182000000000000000e+03 5.841127402560449614e-19 6.020966008978049465e-19 8.693618898839265369e-21 4.467955373815011180e-18 1.129796786283199346e-19 7.844692474853572700e-21
2.192000000000000000e+03 5.783291129972461432e-19 5.957527345031047487e-19 8.526214411641105236e-21 4.426097504621733777e-18 1.104919637842540984e-19 7.694120087091183342e-21
2.202000000000000000e+03 5.726285159237335056e-19 5.895466824630130086e-19 8.362956928549885351e-21 4.385253455087083022e-18 1.080695335326324148e-19 7.547236946373727198e-21
2.212000000000000000e+03 5.670061558926222978e-19 5.834507050706068168e-19 8.203530697101343056e-21 4.345389083611913520e-18 1.057077235153801300e-19 7.403760422052650889e-21
2.222000000000000000e+03 5.614581482613907146e-19 5.774407579047882568e-19 8.047974810179691428e-21 4.306476466220449178e-18 1.034020979130673486e-19 7.263698618202396240e-21
2.232000000000000000e+03 5.559808708628175992e-19 5.714924383267911672e-19 7.896073261642387214e-21 4.268468468248700647e-18 1.011485253921598099e-19 7.126853116738863046e-21
2.242000000000000000e+03 5.505716847694961958e-19 5.655849462923219565e-19 7.747811876581608919e-21 4.231304661437877549e-18 9.894305078321968755e-20 6.993191272393563429e-21
2.252000000000000000e+03 5.452284527655024457e-19 5.596995064306220645e-19 7.603040807138306313e-21 4.194897410936887724e-18 9.678326292601785347e-20 6.862577737127688019e-21
2.262000000000000000e+03 5.399499094278001642e-19 5.538219159640244587e-19 7.461776495566486462e-21 4.159155601874735621e-18 9.466775686064452396e-20 6.735018414842210829e-21
2.272000000000000000e+03 5.347350614884979897e-19 5.479405160379304286e-19 7.323802442632932368e-21 4.123951210912717994e-18 9.259580661924674075e-20 6.610333146860889420e-21
2.282000000000000000e+03 5.295837721129874903e-19 5.420494977430483333e-19 7.189147503130844015e-21 4.089170630958571932e-18 9.056733094113056231e-20 6.488545973194401667e-21
2.292000000000000000e+03 5.244964200988842660e-19 5.361472828509593702e-19 7.057779550530776177e-21 4.054704632288252718e-18 8.858233368763265645e-20 6.369632388099047247e-21
2.302000000000000000e+03 5.194735308875290819e-19 5.302359184482972759e-19 6.929600462777599417e-21 4.020454959947213713e-18 8.664128322254783202e-20 6.253517092749026981e-21
2.312000000000000000e+03 5.145158995674574124e-19 5.243218331202475514e-19 6.804531400957416110e-21 3.986337100730990751e-18 8.474458185208242214e-20 6.140140878078335961e-21
2.322000000000000000e+03 5.096243405520162234e-19 5.184151866179454363e-19 6.682531616931492526e-21 3.952288296534250859e-18 8.289358618487072449e-20 6.029481181514475638e-21
2.332000000000000000e+03 5.047997947962980515e-19 5.125295976273082749e-19 6.563559391407996979e-21 3.918294083428799992e-18 8.108850987602966750e-20 5.921509301936879803e-21
2.342000000000000000e+03 5.000429274392994899e-19 5.066800476524356712e-19 6.447434267143680272e-21 3.884344323215966890e-18 7.933103714275905371e-20 5.816091654166410588e-21
2.352000000000000000e+03 4.953541561607335031e-19 5.008850921046864987e-19 6.334194315202735660e-21 3.850467797043141141e-18 7.762229021002728454e-20 5.713270238110521818e-21
2.362000000000000000e+03 4.907339866671017687e-19 4.951643783837608173e-19 6.223808974461343290e-21 3.816711628562066543e-18 7.596357621179705538e-20 5.613032492212324118e-21
2.372000000000000000e+03 4.861823464514817709e-19 4.895368678687254206e-19 6.116141509256597811e-21 3.783134652243245655e-18 7.435505785705049257e-20 5.515273226962046869e-21
2.382000000000000000e+03 4.816990072246345092e-19 4.840214646818533171e-19 6.011115961964242009e-21 3.749799669533618861e-18 7.279680987646262478e-20 5.419936201423715158e-21
2.392000000000000000e+03 4.772835134248517557e-19 4.786362045222171759e-19 5.908678649100274434e-21 3.716779261293085289e-18 7.128759584956889693e-20 5.326975822450505282e-21
2.402000000000000000e+03 4.729351164571718972e-19 4.733960970204656947e-19 5.808731482457813761e-21 3.684118853524620924e-18 6.982649876301572235e-20 5.236311501431878876e-21
2.412000000000000000e+03 4.686530710549295387e-19 4.683135303557136265e-19 5.711202610800277658e-21 3.651897369145933449e-18 6.841192787532818696e-20 5.147879758402820478e-21
2.422000000000000000e+03 4.644363638197469758e-19 4.633982491713430868e-19 5.615997495637223939e-21 3.620136228352105350e-18 6.704117663600591584e-20 5.061591605589741891e-21
2.432000000000000000e+03 4.602837819431320189e-19 4.586541954851837873e-19 5.522995270066962701e-21 3.588865511102497824e-18 6.571118612648412583e-20 4.977333573714184280e-21
2.442000000000000000e+03 4.561943699433687401e-19 4.540844158612837750e-19 5.432204304735283292e-21 3.558120716449438942e-18 6.441940691969671688e-20 4.895099632840067891e-21
2.452000000000000000e+03 4.521668027463938775e-19 4.496853348270928848e-19 5.343504671466090636e-21 3.527903225786334246e-18 6.316343704008495825e-20 4.814779210731585873e-21
2.462000000000000000e+03 4.481996036115949611e-19 4.454495181004273948e-19 5.256783590761440530e-21 3.498211253069479251e-18 6.194097903278045116e-20 4.736267463380649374e-21
2.472000000000000000e+03 4.442913282472587438e-19 4.413663162777764853e-19 5.171971231367139304e-21 3.469044330950348226e-18 6.074974525005388912e-20 4.659493921441572754e-21
2.482000000000000000e+03 4.404409375274175662e-19 4.374244422391579528e-19 5.089075526424707028e-21 3.440414247108763327e-18 5.958733747782513788e-20 4.584450375187113880e-21
2.492000000000000000e+03 4.366466112435105552e-19 4.336046049012110485e-19 5.007945700089680198e-21 3.412294878201941285e-18 5.845151546014753152e-20 4.510999519679869423e-21
2.502000000000000000e+03 4.329069921513252739e-19 4.298894302822525571e-19 4.928572697865476463e-21 3.384685868299853761e-18 5.733989642271229259e-20 4.439118380541544734e-21
2.512000000000000000e+03 4.292206774377118873e-19 4.262595338873013594e-19 4.850904359093282692e-21 3.357568472841961613e-18 5.625135702820484231e-20 4.368756160104844877e-21
2.522000000000000000e+03 4.255861057749594375e-19 4.226946276186435130e-19 4.774867841680697103e-21 3.330916915369700075e-18 5.518392274690748979e-20 4.299840010683963457e-21
2.532000000000000000e+03 4.220020469612579104e-19 4.191743531982939591e-19 4.700420982144874222e-21 3.304729120650446362e-18 5.413735115615507463e-20 4.232332494845364768e-21
2.542000000000000000e+03 4.184668596925342364e-19 4.156790295442066518e-19 4.627420094273521163e-21 3.278949626714864758e-18 5.311129361972237322e-20 4.166113302657340993e-21
2.552000000000000000e+03 4.149798809065041220e-19 4.121947571348655265e-19 4.556012933118309122e-21 3.253584024878160649e-18 5.210600496577352453e-20 4.101302993024712951e-21
2.562000000000000000e+03 4.115399635451689071e-19 4.087058323215441583e-19 4.486130176960893166e-21 3.228597585587668418e-18 5.112127219526802549e-20 4.037843066959651933e-21
2.572000000000000000e+03 4.081455521434781440e-19 4.051998958758562184e-19 4.417698251000722808e-21 3.203922650073469210e-18 5.015713227503259645e-20 3.975673502762214064e-21
2.582000000000000000e+03 4.047962102603300446e-19 4.016690860550258383e-19 4.350720393499673850e-21 3.179546400391371602e-18 4.921375660018096239e-20 3.914798091199119560e-21
2.592000000000000000e+03 4.014916902386529344e-19 3.981095632719960917e-19 4.285168630299756908e-21 3.155442308400534112e-18 4.829057157492553402e-20 3.855191054968771063e-21
2.602000000000000000e+03 3.982303511834065489e-19 3.945182284457395620e-19 4.220975867121525711e-21 3.131530223546248387e-18 4.738769366381708133e-20 3.796799199866629383e-21
2.612000000000000000e+03 3.950121924708179533e-19 3.908987737056746565e-19 4.158190398839985576e-21 3.107796276731846037e-18 4.650467935550870113e-20 3.739660027829077949e-21
2.622000000000000000e+03 3.918361649437170803e-19 3.872547221106951346e-19 4.096683138947671936e-21 3.084230029077802502e-18 4.564164985553324023e-20 3.683671041067821574e-21
2.632000000000000000e+03 3.887028688417212733e-19 3.835977717012402497e-19 4.036580113945422280e-21 3.060836836079379630e-18 4.479869794662934623e-20 3.628936810674157442e-21
2.642000000000000000e+03 3.856110612433204412e-19 3.799370793115248733e-19 3.977760577545301838e-21 3.037567781786979412e-18 4.397611909824988458e-20 3.575363235230909085e-21
2.652000000000000000e+03 3.825605077917735498e-19 3.762865301343318471e-19 3.920227654330133251e-21 3.014461784643584520e-18 4.317418666745344886e-20 3.522956914348717278e-21
2.662000000000000000e+03 3.795505734593646700e-19 3.726608108015988562e-19 3.863934541401195396e-21 2.991501410310952293e-18 4.239294525962491812e-20 3.471682577399086632e-21
2.672000000000000000e+03 3.765807902961529668e-19 3.690757802556674092e-19 3.808861638652104256e-21 2.968690189911719887e-18 4.163213779395039165e-20 3.421525045973850168e-21
2.682000000000000000e+03 3.736510637272202239e-19 3.655476313537113111e-19 3.754989769660953407e-21 2.946084480689194182e-18 4.089138165567798282e-20 3.372468697962948627e-21
2.692000000000000000e+03 3.707613183425103202e-19 3.620931348263521391e-19 3.702298090404044991e-21 2.923704159827347883e-18 4.016988443344466582e-20 3.324493674692877760e-21
2.702000000000000000e+03 3.679106897838899908e-19 3.587263401453328927e-19 3.650778531404815908e-21 2.901569490875855941e-18 3.946759316090440577e-20 3.277595062874531626e-21
2.712000000000000000e+03 3.650985350760255908e-19 3.554595523717266842e-19 3.600365822985514774e-21 2.879683785102276128e-18 3.878341487222354963e-20 3.231714468538830704e-21
2.722000000000000000e+03 3.623246951851700141e-19 3.523011112843348877e-19 3.551004022108348371e-21 2.858075234693992606e-18 3.811735010741637507e-20 3.186808252034083603e-21
2.732000000000000000e+03 3.595885553895541744e-19 3.492534877190676576e-19 3.502643684135872699e-21 2.836751420311144114e-18 3.746934429425553358e-20 3.142837136105943395e-21
2.742000000000000000e+03 3.568890542624388741e-19 3.463289962878678564e-19 3.455310678351526747e-21 2.815708305230741375e-18 3.683919721994655203e-20 3.099822219292701804e-21
2.752000000000000000e+03 3.542271972600938504e-19 3.435321528479414251e-19 3.409032607749310302e-21 2.794993611654199105e-18 3.622641178586084953e-20 3.057783382502434270e-21
2.762000000000000000e+03 3.516016102308910001e-19 3.408558692424011081e-19 3.363695401950186572e-21 2.774568079459703021e-18 3.563017005397527906e-20 3.016622942700428356e-21
2.772000000000000000e+03 3.490110923701793911e-19 3.382903604673494034e-19 3.319252745691179062e-21 2.754423623911754035e-18 3.504988843210104842e-20 2.976299241577627533e-21
2.782000000000000000e+03 3.464569456708257037e-19 3.358374904791739050e-19 3.275793510273900135e-21 2.734610908196399685e-18 3.448445149724052167e-20 2.936876555299943465e-21
2.792000000000000000e+03 3.439362519727479803e-19 3.334754272055112200e-19 3.233150736089751230e-21 2.715053163940122808e-18 3.393335435161596905e-20 2.898215526818102134e-21
2.802000000000000000e+03 3.414506611762219379e-19 3.312010962205444751e-19 3.191425324419125784e-21 2.695832736710113613e-18 3.339553366790289693e-20 2.860389956719260581e-21
2.812000000000000000e+03 3.389975111455885223e-19 3.289906984623752005e-19 3.150473751451721904e-21 2.676819996075803474e-18 3.286963500105351735e-20 2.823272885719858239e-21
2.822000000000000000e+03 3.365768910211922882e-19 3.268338729802568455e-19 3.110363765218930790e-21 2.658095561316676754e-18 3.235390354406158257e-20 2.786905423982049969e-21
2.832000000000000000e+03 3.341895301461026280e-19 3.247145410059036521e-19 3.071049575483719361e-21 2.639665552577868407e-18 3.184734822066607382e-20 2.751242490861446308e-21
2.842000000000000000e+03 3.318343141869269430e-19 3.226188903493581325e-19 3.032541469297004285e-21 2.621506215753384039e-18 3.134924243302010353e-20 2.716285922839366292e-21
2.852000000000000000e+03 3.295078456771387377e-19 3.205275773948516882e-19 2.994754135246803874e-21 2.603569104621316186e-18 3.085902192143223998e-20 2.681961457592348844e-21
2.862000000000000000e+03 3.272110909038097448e-19 3.184327677370548866e-19 2.957693077061674628e-21 2.585831671716923582e-18 3.037623139015033296e-20 2.648269647105267760e-21
2.872000000000000000e+03 3.249457406357724646e-19 3.163266373758827802e-19 2.921417141550786639e-21 2.568379326477370254e-18 2.990039436808631604e-20 2.615253712151167377e-21
2.882000000000000000e+03 3.227078163693385833e-19 3.141941964013020927e-19 2.885800902408121163e-21 2.551140403114148684e-18 2.943107952152899287e-20 2.582808428765684902e-21
2.892000000000000000e+03 3.204995244926917176e-19 3.120359780113876220e-19 2.850906194346073396e-21 2.534140963738838947e-18 2.896820391274706860e-20 2.550982864301455341e-21
2.902000000000000000e+03 3.183175461283341519e-19 3.098474217331926842e-19 2.816700493110549536e-21 2.517282271869861161e-18 2.851256303857388792e-20 2.519756483781475457e-21
2.912000000000000000e+03 3.161633016324455175e-19 3.076268164914362316e-19 2.783117621986569206e-21 2.500649137748130608e-18 2.806478327917401569e-20 2.489081400468639317e-21
2.922000000000000000e+03 3.140366201726701311e-19 3.053780927969459443e-19 2.750144979869789044e-21 2.484230025265151962e-18 2.762629802081048118e-20 2.458959363831554544e-21
2.932000000000000000e+03 3.119352103442930557e-19 3.031049394997385094e-19 2.717754790536267351e-21 2.467938767068048897e-18 2.719757612965404238e-20 2.429372422631514787e-21
2.942000000000000000e+03 3.098611237985253520e-19 3.008184192080812261e-19 2.686033349862821531e-21 2.451867964321274805e-18 2.677940706105126106e-20 2.400397360488264100e-21
2.952000000000000000e+03 3.078101153477216876e-19 2.985240942601751598e-19 2.654881239542060333e-21 2.435924865046432228e-18 2.637221701875666278e-20 2.371958890034776778e-21
2.962000000000000000e+03 3.057870609159542552e-19 2.962378105747763342e-19 2.624340767007651517e-21 2.420210123250681203e-18 2.597666278694452042e-20 2.344098293960730598e-21
2.972000000000000000e+03 3.037879954434620438e-19 2.939684782638336076e-19 2.594349778597780871e-21 2.404691819104956571e-18 2.559255943791255906e-20 2.316765609141783761e-21
2.982000000000000000e+03 3.018135654773522324e-19 2.917303643476740214e-19 2.564866844655178062e-21 2.389342509274746789e-18 2.522018699098578864e-20 2.289931864704529588e-21
2.992000000000000000e+03 2.998658175101224106e-19 2.895376299250127112e-19 2.535924359852611077e-21 2.374198852846697321e-18 2.485918214357848621e-20 2.263621776133929031e-21
3.002000000000000000e+03 2.979402225853684206e-19 2.874028202795861852e-19 2.507484450909426305e-21 2.359270826716558042e-18 2.450854981578935992e-20 2.237798169197607215e-21
3.012000000000000000e+03 2.960404657959742139e-19 2.853384294782984988e-19 2.479539128778578637e-21 2.344572745783681407e-18 2.416683388548720454e-20 2.212444095561801278e-21
3.022000000000000000e+03 2.941656347282022239e-19 2.833536673989834654e-19 2.452065515443282441e-21 2.330102358477390216e-18 2.383306185249080874e-20 2.187534079141396867e-21
3.032000000000000000e+03 2.923174678677695015e-19 2.814607435635838732e-19 2.425104704903625900e-21 2.315886992291498456e-18 2.350649894418361228e-20 2.163095740679480512e-21
3.042000000000000000e+03 2.904915762891911638e-19 2.796565108098990209e-19 2.398522785319096363e-21 2.301874147709083876e-18 2.318645570841198457e-20 2.139016400178839955e-21
3.052000000000000000e+03 2.886903709168738005e-19 2.779489654004926530e-19 2.372385172282412109e-21 2.288077276354482091e-18 2.287233416160879900e-20 2.115343750451531540e-21
3.062000000000000000e+03 2.869152175382086108e-19 2.763425409083746910e-19 2.346747612172096969e-21 2.274572557923462964e-18 2.256336681797925512e-20 2.092115937986726643e-21
3.072000000000000000e+03 2.851638238419615141e-19 2.748219631643814174e-19 2.321480699257652146e-21 2.261237270626297429e-18 2.225887362955575486e-20 2.069223075060720086e-21
3.082000000000000000e+03 2.834386269938675936e-19 2.733916207979533935e-19 2.296657864217805831e-21 2.248133350341747385e-18 2.195813108249620215e-20 2.046717560876803455e-21
3.092000000000000000e+03 2.817371065314431819e-19 2.720340446050347295e-19 2.272243361011199677e-21 2.235227099945809144e-18 2.166116612015886626e-20 2.024569888377110925e-21
3.102000000000000000e+03 2.800609087435183754e-19 2.707453828409659544e-19 2.248255000752289274e-21 2.222571069420033839e-18 2.136748293082937926e-20 2.002789582627478942e-21
3.112000000000000000e+03 2.784094436565278213e-19 2.695032406541373007e-19 2.224636904276227031e-21 2.210057448433372339e-18 2.107783203388107024e-20 1.981337360533369113e-21
3.122000000000000000e+03 2.767767315909738586e-19 2.682959308293281569e-19 2.201362011722348667e-21 2.197612122247112536e-18 2.079279158496596353e-20 1.960195874331961873e-21
3.132000000000000000e+03 2.751710983315201070e-19 2.671231952128937068e-19 2.178543180059651375e-21 2.185424896280099089e-18 2.051316079134038588e-20 1.939462369312353146e-21
3.142000000000000000e+03 2.735882729303725189e-19 2.659683133625294923e-19 2.156134435619792869e-21 2.173398572931163173e-18 2.023909257097677888e-20 1.919100747575063194e-21
3.152000000000000000e+03 2.720263750349877971e-19 2.648162260017314703e-19 2.134113795234455025e-21 2.161509150527061638e-18 1.997077289315920205e-20 1.899094620410043717e-21
3.162000000000000000e+03 2.704879339582680270e-19 2.636591302366376204e-19 2.112492114534855556e-21 2.149758345407626122e-18 1.970779656069576962e-20 1.879448932288901048e-21
3.172000000000000000e+03 2.689715641396310119e-19 2.624827497749325956e-19 2.091266725747888760e-21 2.138179798442919915e-18 1.945013763289028399e-20 1.860160827699453652e-21
3.182000000000000000e+03 2.674700240665968374e-19 2.612778278487251314e-19 2.070392140494871872e-21 2.126709753918350572e-18 1.919763290493710766e-20 1.841192257819533414e-21
3.192000000000000000e+03 2.659931814242602089e-19 2.600515227795493970e-19 2.049936945150210633e-21 2.115345309688764503e-18 1.894948890843375998e-20 1.822591238942337508e-21
3.202000000000000000e+03 2.645303421983791483e-19 2.587851313108095912e-19 2.029798775575338542e-21 2.104064711987221679e-18 1.870502125056855722e-20 1.804269203642396926e-21
3.212000000000000000e+03 2.630902445070639331e-19 2.574903356875257178e-19 2.010066959920619591e-21 2.092987660767328641e-18 1.846411302806349682e-20 1.786296802418033098e-21
3.222000000000000000e+03 2.616691141285548736e-19 2.561690887033088226e-19 1.990696980027546247e-21 2.081994680035840840e-18 1.822715996069221882e-20 1.768642443428911135e-21
3.232000000000000000e+03 2.602624811212136948e-19 2.548186768715887780e-19 1.971639964995017274e-21 2.071138929816815893e-18 1.799473444297572991e-20 1.751272805567282441e-21
3.242000000000000000e+03 2.588725934559617941e-19 2.534509833417758164e-19 1.952919264504393146e-21 2.060337761604595536e-18 1.776741688268863196e-20 1.734212698789786944e-21
3.252000000000000000e+03 2.575018557778220629e-19 2.520764534723715133e-19 1.934504803667933185e-21 2.049680042648500373e-18 1.754555099128435264e-20 1.717442689535643938e-21
3.262000000000000000e+03 2.561477933579280018e-19 2.507014491621019502e-19 1.916369971955693944e-21 2.039160153398425513e-18 1.732941416174812340e-20 1.700945063324710687e-21
3.272000000000000000e+03 2.548088527411753940e-19 2.493376948714060432e-19 1.898535259010096338e-21 2.028867441153905542e-18 1.711876292421398727e-20 1.684734588098596344e-21
3.282000000000000000e+03 2.534894234437983289e-19 2.480015493921134872e-19 1.880980265357250268e-21 2.018677111214992421e-18 1.691393947675215224e-20 1.668799769003927406e-21
3.292000000000000000e+03 2.521843131213537718e-19 2.467081594804219224e-19 1.863700903739121954e-21 2.008588767146181770e-18 1.671437334390830902e-20 1.653132695399864722e-21
3.302000000000000000e+03 2.509008397464333305e-19 2.454649064180560738e-19 1.846632518779359085e-21 1.998767041953112104e-18 1.652037313083982173e-20 1.637686632127811352e-21
3.312000000000000000e+03 2.496302354503749087e-19 2.442527513539555947e-19 1.829671896122436833e-21 1.989142682251907473e-18 1.633197093871188951e-20 1.622379888118865209e-21
3.322000000000000000e+03 2.483808987098502647e-19 2.431302841675654452e-19 1.812987625207922464e-21 1.979673890091032177e-18 1.614932023890348940e-20 1.607349870155356285e-21
3.332000000000000000e+03 2.471513206076100176e-19 2.420957626125956948e-19 1.796562024922051803e-21 1.970490787306943898e-18 1.597197836119383918e-20 1.592578507758034656e-21
3.342000000000000000e+03 2.459375224758295817e-19 2.411563574636849890e-19 1.780366275672411075e-21 1.961414427750593256e-18 1.579944077168917899e-20 1.578038376558725074e-21
3.352000000000000000e+03 2.447435171165790084e-19 2.403045568804124765e-19 1.764337927415639223e-21 1.952580927964734980e-18 1.563129226506374220e-20 1.563676369281342963e-21
3.362000000000000000e+03 2.435793589255961276e-19 2.395573081373791096e-19 1.748569367054461676e-21 1.944046946805792586e-18 1.546655571635752595e-20 1.549556528051930049e-21
3.372000000000000000e+03 2.424295331382507960e-19 2.389075658626001143e-19 1.732958426035580468e-21 1.935507168645529568e-18 1.530453236224483342e-20 1.535590458981352311e-21
3.382000000000000000e+03 2.413110223887661621e-19 2.383539887351182630e-19 1.717630190141402943e-21 1.927322016194903188e-18 1.514411051577363692e-20 1.521865956383492739e-21
3.392000000000000000e+03 2.401992875230505137e-19 2.378691853576155329e-19 1.702421394820563815e-21 1.919113062179980872e-18 1.498482686498844281e-20 1.508247673383445374e-21
3.402000000000000000e+03 2.391206428207935629e-19 2.374621165014634164e-19 1.687489842675201433e-21 1.911117953589048301e-18 1.482633198273120383e-20 1.494857317271330690e-21
3.412000000000000000e+03 2.380659853094720213e-19 2.371101252645304172e-19 1.672803818047670957e-21 1.903282867064911514e-18 1.466878991288310472e-20 1.481670138678913838e-21
3.422000000000000000e+03 2.370374386644689468e-19 2.368085465748215309e-19 1.658375413935835601e-21 1.895575948405663675e-18 1.451240511048296336e-20 1.468697400482546523e-21
3.432000000000000000e+03 2.360251851798630751e-19 2.365337777267806787e-19 1.644158528605584795e-21 1.887856600308290411e-18 1.435732246134136959e-20 1.455902906458606787e-21
3.442000000000000000e+03 2.350375406626341778e-19 2.362683199879618525e-19 1.630215259587118022e-21 1.880243173458099302e-18 1.420358327457859931e-20 1.443335399605084781e-21
3.452000000000000000e+03 2.340746476422705359e-19 2.360023474626579554e-19 1.616576810974996017e-21 1.872757571489805121e-18 1.405105281533920568e-20 1.431017473924468030e-21
3.462000000000000000e+03 2.331273595888035408e-19 2.357155174955670030e-19 1.603180036481819127e-21 1.865273452853302214e-18 1.389934153730559535e-20 1.418894298263453549e-21
3.472000000000000000e+03 2.322079903068841930e-19 2.353953079747396611e-19 1.590097991694784721e-21 1.857961627762646076e-18 1.374822377726490250e-20 1.407020677495452078e-21
3.482000000000000000e+03 2.313042507195129050e-19 2.350416597619512930e-19 1.577308806621864958e-21 1.850762500361777096e-18 1.359788862687325313e-20 1.395380736667517495e-21
3.492000000000000000e+03 2.304127669479443381e-19 2.346220130045916599e-19 1.564774272229235652e-21 1.843603531015605868e-18 1.344853761593445176e-20 1.383945192504563298e-21
3.502000000000000000e+03 2.295516015317286124e-19 2.341520576237490735e-19 1.552397479282304446e-21 1.836409555808122755e-18 1.330099136225923887e-20 1.372648029873794167e-21
3.512000000000000000e+03 2.286900877750156023e-19 2.336250292839547291e-19 1.540333440063844791e-21 1.829277042867940371e-18 1.315533650685651980e-20 1.361610128301717417e-21
3.522000000000000000e+03 2.278571746666986673e-19 2.330594159381708516e-19 1.528601387239216443e-21 1.822308000408267361e-18 1.301200695934302016e-20 1.350852811152096550e-21
3.532000000000000000e+03 2.270331995381131331e-19 2.324473374024974694e-19 1.517108612951690518e-21 1.815373471185491704e-18 1.287157392614263538e-20 1.340308823627549937e-21
3.542000000000000000e+03 2.262074661157133704e-19 2.317817125926869985e-19 1.505818250590682040e-21 1.808332837871700832e-18 1.273515649608520134e-20 1.329961123216115685e-21
3.552000000000000000e+03 2.254247582307952588e-19 2.311119888518306715e-19 1.494933594888349190e-21 1.801582778013835925e-18 1.260369951530900927e-20 1.319982395608463216e-21
3.562000000000000000e+03 2.246276455567931877e-19 2.303999092325311657e-19 1.484102259698742524e-21 1.794809752795562937e-18 1.247861603264661470e-20 1.310110554906612865e-21
3.572000000000000000e+03 2.238592176986434556e-19 2.296980740005281635e-19 1.473590569193560449e-21 1.788111858646111789e-18 1.236068329627384013e-20 1.300565821674305763e-21
3.582000000000000000e+03 2.230893691024451325e-19 2.289985832753145296e-19 1.463187633706408509e-21 1.781415054459555327e-18 1.224999560690707541e-20 1.291184378786247002e-21
3.592000000000000000e+03 2.223335196556327444e-19 2.283276190995918075e-19 1.453018248717177306e-21 1.774881190399346096e-18 1.214593696703634449e-20 1.282058681566892549e-21
3.602000000000000000e+03 2.215898055186609671e-19 2.276944632695885356e-19 1.442942425307611797e-21 1.768535041918336441e-18 1.204804512681161981e-20 1.273075294087525590e-21
3.612000000000000000e+03 2.208777589341520700e-19 2.271273950293774293e-19 1.433078961562635894e-21 1.762508744580055293e-18 1.195569935761526735e-20 1.264321679418950694e-21
3.622000000000000000e+03 2.201523044376247055e-19 2.266174328263086062e-19 1.423208389874775692e-21 1.756614048322106986e-18 1.186805784275781599e-20 1.255615920318193896e-21
3.632000000000000000e+03 2.194422247069671465e-19 2.261966170089835318e-19 1.413462805174621197e-21 1.750737710074481474e-18 1.178409594656477578e-20 1.247051308233830031e-21
3.642000000000000000e+03 2.187666778210329719e-19 2.258763582856287804e-19 1.403850898785216412e-21 1.745379680995224931e-18 1.170253902828279460e-20 1.238621522335787328e-21
3.652000000000000000e+03 2.181041543903288459e-19 2.256529696487202576e-19 1.394317246933022962e-21 1.740262470962299427e-18 1.162208212039959124e-20 1.230267778038379182e-21
3.662000000000000000e+03 2.174545450948719718e-19 2.255320889789984746e-19 1.384820861180581082e-21 1.735494581179054295e-18 1.154140831256748051e-20 1.221943527477438421e-21
3.672000000000000000e+03 2.168247906606698365e-19 2.255135665990411510e-19 1.375413251477272006e-21 1.730909951229879495e-18 1.145974662020126576e-20 1.213680238835747562e-21
3.682000000000000000e+03 2.162242161046168733e-19 2.255957097445540895e-19 1.366095038251849391e-21 1.726564932512015354e-18 1.137619153574421120e-20 1.205468349890687119e-21
3.692000000000000000e+03 2.156385946725683913e-19 2.257004779343173677e-19 1.356726283136264562e-21 1.722533272651601850e-18 1.129103011025956856e-20 1.197199310979932948e-21
3.702000000000000000e+03 2.150779871385140621e-19 2.259012748718267731e-19 1.347475126248535440e-21 1.718757719791944123e-18 1.120469552546438403e-20 1.189011118133432632e-21
3.712000000000000000e+03 2.145481892691469117e-19 2.261924595180936828e-19 1.338372846094849710e-21 1.715119755996991104e-18 1.111790725960793815e-20 1.180935979660158192e-21
3.722000000000000000e+03 2.140437960853755107e-19 2.265337627773952066e-19 1.329360818881892675e-21 1.711647578306851034e-18 1.103107726764016459e-20 1.172931480157789607e-21
3.732000000000000000e+03 2.135522592244130655e-19 2.269083382872837279e-19 1.320454464916943824e-21 1.708108587146082112e-18 1.094474325221807061e-20 1.165014673408504679e-21
3.742000000000000000e+03 2.130938355453335107e-19 2.273115435901877716e-19 1.311719444474854434e-21 1.704908194934066690e-18 1.085910493582290386e-20 1.157239550015800945e-21
3.752000000000000000e+03 2.126629189111446448e-19 2.277155649298095129e-19 1.303122319190287109e-21 1.701690228490803491e-18 1.077461997318854374e-20 1.149584195102368701e-21
3.762000000000000000e+03 2.122543420791817598e-19 2.280884276864349706e-19 1.294694499679014424e-21 1.698461003193484229e-18 1.069138983429858955e-20 1.142073283980572160e-21
3.772000000000000000e+03 2.118733134810798453e-19 2.284332943318287375e-19 1.286461916681480871e-21 1.695517246235254358e-18 1.060889668900102017e-20 1.134721492519007124e-21
3.782000000000000000e+03 2.114843390908918988e-19 2.286992008935916754e-19 1.278357805922039294e-21 1.692218198700208630e-18 1.052639268942450862e-20 1.127465768923878986e-21
3.792000000000000000e+03 2.111470135211380991e-19 2.289163370838068555e-19 1.270513573146398771e-21 1.689094277479755706e-18 1.044353416312954518e-20 1.120407013801345834e-21
3.802000000000000000e+03 2.108238903468884028e-19 2.290521136989209201e-19 1.262895230395744289e-21 1.686162344152439982e-18 1.036018390674421600e-20 1.113515212648795991e-21
3.812000000000000000e+03 2.105109400211043958e-19 2.291055676329714222e-19 1.255433550394056761e-21 1.682968442552112451e-18 1.027631676045673403e-20 1.106735761700556708e-21
3.822000000000000000e+03 2.101875065417675392e-19 2.290650498519661455e-19 1.248152382753347467e-21 1.679823726281231407e-18 1.019200999486953145e-20 1.100087224837512601e-21
3.832000000000000000e+03 2.099154567140905350e-19 2.289760200341188386e-19 1.241172493783806636e-21 1.676918773050850574e-18 1.010744098398224688e-20 1.093668053192640090e-21
3.842000000000000000e+03 2.096303720766259076e-19 2.287999250315650921e-19 1.234317602426934306e-21 1.673836468310024737e-18 1.002320723386439476e-20 1.087345269898142973e-21
3.852000000000000000e+03 2.093543439467933418e-19 2.285748786431783673e-19 1.227647102161859037e-21 1.670537847995850318e-18 9.940053885084433486e-21 1.081175119925113740e-21
3.862000000000000000e+03 2.090980144008486561e-19 2.283096085882692926e-19 1.221151361036052106e-21 1.667419111643242296e-18 9.859546857532120494e-21 1.075169350861906133e-21
3.872000000000000000e+03 2.088306089792934554e-19 2.280234329569707295e-19 1.214825281113643791e-21 1.664379664130991174e-18 9.782791096211775157e-21 1.069337026868859051e-21
3.882000000000000000e+03 2.085725769691491652e-19 2.277247373786760419e-19 1.208563327609225881e-21 1.661263348878444936e-18 9.711460877458218301e-21 1.063617577631297504e-21
3.892000000000000000e+03 2.083153799918460006e-19 2.274063076500854073e-19 1.202184680782276303e-21 1.658013575887598168e-18 9.646600720472786894e-21 1.057883837941767984e-21
3.902000000000000000e+03 2.080858117583369130e-19 2.271411002032624276e-19 1.196060764334417604e-21 1.655181728022221083e-18 9.588743406832238061e-21 1.052432948354650719e-21
3.912000000000000000e+03 2.078539854711556625e-19 2.269373444178067136e-19 1.190052664449204987e-21 1.652340502777885788e-18 9.537430666704615473e-21 1.047151381547459252e-21
3.922000000000000000e+03 2.076210496975118783e-19 2.268089071890587443e-19 1.184108312068029263e-21 1.649901910854468690e-18 9.491801403146326614e-21 1.041989054019590523e-21
3.932000000000000000e+03 2.074054617727469221e-19 2.267853081886035630e-19 1.178201326845777370e-21 1.647235186421975396e-18 9.450805668654812389e-21 1.036913636663668092e-21
3.942000000000000000e+03 2.072179752672550732e-19 2.268578880436334316e-19 1.172343759053916123e-21 1.645203912380659090e-18 9.412809295791989827e-21 1.031915017838302844e-21
3.952000000000000000e+03 2.070162352779007359e-19 2.270594623967764145e-19 1.166457038926599725e-21 1.643381557208778555e-18 9.376340306964189137e-21 1.026913883527010160e-21
3.962000000000000000e+03 2.068632810875584479e-19 2.273930340131653684e-19 1.160644341146508567e-21 1.641746441367277010e-18 9.339483466859576022e-21 1.021968674205309162e-21
3.972000000000000000e+03 2.066887530353633373e-19 2.278303665110753141e-19 1.154714123581388162e-21 1.640165507125378649e-18 9.300930282756560652e-21 1.016912826803057764e-21
3.982000000000000000e+03 2.065664211653430315e-19 2.284219107195520062e-19 1.148927686072945050e-21 1.639293292041004612e-18 9.259762496326201313e-21 1.011941037131925902e-21
3.992000000000000000e+03 2.064794507077811536e-19 2.291258128016901966e-19 1.143116839027956561e-21 1.638338808495873011e-18 9.215625827164823601e-21 1.006917066057728164e-21
4.002000000000000000e+03 2.064039715441483148e-19 2.299396394915535428e-19 1.137369880275164591e-21 1.637530915222671428e-18 9.168534085448969246e-21 1.001908982440795446e-21
4.012000000000000000e+03 2.063595731917317070e-19 2.308516593591912757e-19 1.131664356693261214e-21 1.636897328869291911e-18 9.118762474322928019e-21 9.969027769952341296e-22
4.022000000000000000e+03 2.063504727198039600e-19 2.318300100568434517e-19 1.126035867558634344e-21 1.636260117523656981e-18 9.066727020636013648e-21 9.919303084024568758e-22
4.032000000000000000e+03 2.063709572219657140e-19 2.328542899714730337e-19 1.120502057181625301e-21 1.635527223826089039e-18 9.013021807781311528e-21 9.870116536214239803e-22
4.042000000000000000e+03 2.064207948084460391e-19 2.339143507344283169e-19 1.115114698764641594e-21 1.635023920724443301e-18 8.958159875223106569e-21 9.821928828366543439e-22
4.052000000000000000e+03 2.065093819882471225e-19 2.349782622891400238e-19 1.109928873887476850e-21 1.634326286265698360e-18 8.903170671802041019e-21 9.775284307633463351e-22
4.062000000000000000e+03 2.066535426310314885e-19 2.360084195916327607e-19 1.104924130250956693e-21 1.633990687586006015e-18 8.848602996828748747e-21 9.730088719345734905e-22
4.072000000000000000e+03 2.067908519811568262e-19 2.369613340776344209e-19 1.100056460117607193e-21 1.633260636065188761e-18 8.795635153587446340e-21 9.686119553686787582e-22
4.082000000000000000e+03 2.069723337922790725e-19 2.377287047014716104e-19 1.095189523952431959e-21 1.632787538327940130e-18 8.745211325910665024e-21 9.642432057187011792e-22
4.092000000000000000e+03 2.071492503316358405e-19 2.384636143189738191e-19 1.090636323141494615e-21 1.632069685074186496e-18 8.697850101532162957e-21 9.601531337011155975e-22
4.102000000000000000e+03 2.073884223602547277e-19 2.391365235333500803e-19 1.086476561915612567e-21 1.631795696249298614e-18 8.653356210792827423e-21 9.564024707489575705e-22
4.112000000000000000e+03 2.076546307700977064e-19 2.396859142095782789e-19 1.082563608293638249e-21 1.631480266800597532e-18 8.610989193906866143e-21 9.528667495762038276e-22
4.122000000000000000e+03 2.078511525725397644e-19 2.400902162172369130e-19 1.078845382894847648e-21 1.630757894818711581e-18 8.569871870981045309e-21 9.494925144218323165e-22
4.132000000000000000e+03 2.081567749046687655e-19 2.404011294058526910e-19 1.075557239912048008e-21 1.630579791131148356e-18 8.528710255534389302e-21 9.464510335562328123e-22
4.142000000000000000e+03 2.083982314627675595e-19 2.405740173800554142e-19 1.072437185332578540e-21 1.629936585775036378e-18 8.486765226473597755e-21 9.435254533500683569e-22
4.152000000000000000e+03 2.087106812094495448e-19 2.406539193968413574e-19 1.069709937207420117e-21 1.629602073739591410e-18 8.443510520004678783e-21 9.408866118473177461e-22
4.162000000000000000e+03 2.089504777091120936e-19 2.406266790853220422e-19 1.067154522198854401e-21 1.628994384418233854e-18 8.399363731046009218e-21 9.383648489230734156e-22
4.172000000000000000e+03 2.092281664252214152e-19 2.405433969393345779e-19 1.064883431941483328e-21 1.628074432580799257e-18 8.355823693146533039e-21 9.360685064270986643e-22
4.182000000000000000e+03 2.095060388670254757e-19 2.403919005443677234e-19 1.062758569169876256e-21 1.627463788786454321e-18 8.315836541842557192e-21 9.339270647602160025e-22
4.192000000000000000e+03 2.097880546487165627e-19 2.402216895020092192e-19 1.060891673691795278e-21 1.626863373044926839e-18 8.282539211400289162e-21 9.320676955047647948e-22
4.202000000000000000e+03 2.100230323536565029e-19 2.400498178775534438e-19 1.059142973630330339e-21 1.625773115896423890e-18 8.258212113875578004e-21 9.304113215626790462e-22
4.212000000000000000e+03 2.102541651131503715e-19 2.398989763316246718e-19 1.057499448490723292e-21 1.624807328126792004e-18 8.243777763926666306e-21 9.289617319303684928e-22
4.222000000000000000e+03 2.105059882754129659e-19 2.397985951216353462e-19 1.056064037570615998e-21 1.624158243441457965e-18 8.238816637576276783e-21 9.277941790629647565e-22
4.232000000000000000e+03 2.107229541725119990e-19 2.397567074231042529e-19 1.054538797857742425e-21 1.623459183135850122e-18 8.241907262593942107e-21 9.266591720707319342e-22
4.242000000000000000e+03 2.109736987804744054e-19 2.397957201444449122e-19 1.053043771579251142e-21 1.623232308496827381e-18 8.251138711003064795e-21 9.256261831272005120e-22
4.252000000000000000e+03 2.112148241409110466e-19 2.399306647550120104e-19 1.051618076773617967e-21 1.623285754670128672e-18 8.264744219306793246e-21 9.247016648680531556e-22
4.262000000000000000e+03 2.114204229402365560e-19 2.401588803220807479e-19 1.050047145611358289e-21 1.623394746024803969e-18 8.280898654514517056e-21 9.236955027260409815e-22
4.272000000000000000e+03 2.116974070302656611e-19 2.403774808187014357e-19 1.048278720275156139e-21 1.624418385245835682e-18 8.298247181488424843e-21 9.225504197982485931e-22
4.282000000000000000e+03 2.119358478945201188e-19 2.406965410249976389e-19 1.046452458535319673e-21 1.625799197366250370e-18 8.315114654548924485e-21 9.213527666119938957e-22
4.292000000000000000e+03 2.122207183606612119e-19 2.411238800773290237e-19 1.044629781501472404e-21 1.627563083191236000e-18 8.330070430485586859e-21 9.201344631668945587e-22
4.302000000000000000e+03 2.124826115998390791e-19 2.416537003685129870e-19 1.042745800504648392e-21 1.629390040750057243e-18 8.341903172516036114e-21 9.188293578490011057e-22
4.312000000000000000e+03 2.127655361216791898e-19 2.422725968475171343e-19 1.040847804830025256e-21 1.631890611187038531e-18 8.350021033187520213e-21 9.174683866671364384e-22
4.322000000000000000e+03 2.131020481210905732e-19 2.429194035504495979e-19 1.038881609055277296e-21 1.634774498023728063e-18 8.353951625573372586e-21 9.160039881167520701e-22
4.332000000000000000e+03 2.134214678097485287e-19 2.436083759282704537e-19 1.036821303706938366e-21 1.637508602727438693e-18 8.353907155211686369e-21 9.144177927249041727e-22
4.342000000000000000e+03 2.137617174854061864e-19 2.442779792070437101e-19 1.034756358695821825e-21 1.640441205605349408e-18 8.349990606771820085e-21 9.127809679983011340e-22
4.352000000000000000e+03 2.141470623278994027e-19 2.449531377322191608e-19 1.032699166263047132e-21 1.643488525531672120e-18 8.342117964905547446e-21 9.111032785087469700e-22
4.362000000000000000e+03 2.145299643719630279e-19 2.455786175726401948e-19 1.030665789267832350e-21 1.646363544614455341e-18 8.330174897260325531e-21 9.093944080621995886e-22
4.372000000000000000e+03 2.149242068662836932e-19 2.461370667734261596e-19 1.028641185064509724e-21 1.648852422078158107e-18 8.314657125003144133e-21 9.076486589992380581e-22
4.382000000000000000e+03 2.153839335638615314e-19 2.466164332867874266e-19 1.026741955128870455e-21 1.651838592769697160e-18 8.296308395143278527e-21 9.059667837006277024e-22
4.392000000000000000e+03 2.157879789566560115e-19 2.469889997772038420e-19 1.024821770328654284e-21 1.653863631840207476e-18 8.275864285645097898e-21 9.042406324917734859e-22
4.402000000000000000e+03 2.161966621707882282e-19 2.472507018140015683e-19 1.023018763673339263e-21 1.655930576286885633e-18 8.253849551920668413e-21 9.025852777153741702e-22
4.412000000000000000e+03 2.166641004146725547e-19 2.474006421683281482e-19 1.021412495271470994e-21 1.658217440046368300e-18 8.230329564232969443e-21 9.010642869212975677e-22
4.422000000000000000e+03 2.170636059200374472e-19 2.474297009324132060e-19 1.019810318036412891e-21 1.659669208349080501e-18 8.205090189269118179e-21 8.995223641670713671e-22
4.432000000000000000e+03 2.174889752205328140e-19 2.473510619840054642e-19 1.018366378316617019e-21 1.661241307443147399e-18 8.177457021265535552e-21 8.980731858880250648e-22
4.442000000000000000e+03 2.178603873050584343e-19 2.471667227484642227e-19 1.016993135273206983e-21 1.662112059483652032e-18 8.147091061744633890e-21 8.966425799052270613e-22
4.452000000000000000e+03 2.182278190757375381e-19 2.468937519181638054e-19 1.015742211453943095e-21 1.663063720546814039e-18 8.113542489477280167e-21 8.952659814059474204e-22
4.462000000000000000e+03 2.185823828779262283e-19 2.465368202324210306e-19 1.014348608249608207e-21 1.663574902954334353e-18 8.077936471597820540e-21 8.937504208097013547e-22
4.472000000000000000e+03 2.188750865854428400e-19 2.461175171104794240e-19 1.012912508972119673e-21 1.663784545633731764e-18 8.042395507358865181e-21 8.921990539267577274e-22
4.482000000000000000e+03 2.191631415708040872e-19 2.456704666224678899e-19 1.011598655460127748e-21 1.663673349209879003e-18 8.010034520314126218e-21 8.907796206281667176e-22
4.492000000000000000e+03 2.193881672684477889e-19 2.452062608856930686e-19 1.010380692118883944e-21 1.663469310874887318e-18 7.983625259056982027e-21 8.895057527039058229e-22
4.502000000000000000e+03 2.196044398385711922e-19 2.447421343188862690e-19 1.009153717951295653e-21 1.662722831680507873e-18 7.964904017768360657e-21 8.883194943326890875e-22
4.512000000000000000e+03 2.197660311258190690e-19 2.442915478202653221e-19 1.007932172174504224e-21 1.662057591908841642e-18 7.953753144737834767e-21 8.872307627649897574e-22
4.522000000000000000e+03 2.199047307159891154e-19 2.438664313912792358e-19 1.006566652157186441e-21 1.661033208119786503e-18 7.948967187778914844e-21 8.861094522217051077e-22
4.532000000000000000e+03 2.199907056357605493e-19 2.434811888743916909e-19 1.005123132382889776e-21 1.660055003491157616e-18 7.948451526312767910e-21 8.849802038659184204e-22
4.542000000000000000e+03 2.200905129792730185e-19 2.431402644318496069e-19 1.003597312140696216e-21 1.659075315288422148e-18 7.949361350105464862e-21 8.838052144251648933e-22
4.552000000000000000e+03 2.201071653522149420e-19 2.428503535400066433e-19 1.001894297063416508e-21 1.657787749093686220e-18 7.949049350751947554e-21 8.824764554419661261e-22
4.562000000000000000e+03 2.201389625972066004e-19 2.426125615251273349e-19 1.000065192464070437e-21 1.656697885097306815e-18 7.945622375346100710e-21 8.810120377607734385e-22
4.572000000000000000e+03 2.201413897531724683e-19 2.424242755286483852e-19 9.981214400737494538e-22 1.655455861157229787e-18 7.938045056761521514e-21 8.794074733673579568e-22
4.582000000000000000e+03 2.201342668803190590e-19 2.422757338353058768e-19 9.960072358680864309e-22 1.654179793386200290e-18 7.925889207455500329e-21 8.776146078680838828e-22
4.592000000000000000e+03 2.201124608803554033e-19 2.421617192165410320e-19 9.937947968294904439e-22 1.652889191990798765e-18 7.909234481243711929e-21 8.756904513945949618e-22
4.602000000000000000e+03 2.200869245991800883e-19 2.420722275855301905e-19 9.914698370602917804e-22 1.651274034591509295e-18 7.888492439352834328e-21 8.736289309660746237e-22
4.612000000000000000e+03 2.200466544170234093e-19 2.419944891997859286e-19 9.890607865452056924e-22 1.649510053650561027e-18 7.864544661517963336e-21 8.714625782642696219e-22
4.622000000000000000e+03 2.200058732767864658e-19 2.419138013465984528e-19 9.866487302719307011e-22 1.647449903118536077e-18 7.838396483709746259e-21 8.692665768601060167e-22
4.632000000000000000e+03 2.199561508537715667e-19 2.418215020203055539e-19 9.842435107575321535e-22 1.645363290278426190e-18 7.811965044502572817e-21 8.670718905503594665e-22
4.642000000000000000e+03 2.199188013769000780e-19 2.417046804633620794e-19 9.819497502163126309e-22 1.643142925943103264e-18 7.786981409863525098e-21 8.649811782147535521e-22
4.652000000000000000e+03 2.198568948617160245e-19 2.415530355877937195e-19 9.796866838181999555e-22 1.640941075225831854e-18 7.766197228838130605e-21 8.629651492684445053e-22
4.662000000000000000e+03 2.197876195093010336e-19 2.412661483092443976e-19 9.770547899346335891e-22 1.638693473936705230e-18 7.752327403925055888e-21 8.607463352585816468e-22
4.672000000000000000e+03 2.196843889319997388e-19 2.409993828636567762e-19 9.748306720284462427e-22 1.636339591068801979e-18 7.747994456426974492e-21 8.589609116250440138e-22
4.682000000000000000e+03 2.195796738229605137e-19 2.407045168216843071e-19 9.728712282425846596e-22 1.634240470293364926e-18 7.755203417410738284e-21 8.575215292399863955e-22
4.692000000000000000e+03 2.194551331481067991e-19 2.403633958295252993e-19 9.711742909976274489e-22 1.632316494627700279e-18 7.775582438434667427e-21 8.564439332673510330e-22
4.702000000000000000e+03 2.192924961271328498e-19 2.399751610342119337e-19 9.696869261462538561e-22 1.630359295276333718e-18 7.810468408729772029e-21 8.556994964790057576e-22
4.712000000000000000e+03 2.191124139497795307e-19 2.395471905982318344e-19 9.684794223397077029e-22 1.628565283046166174e-18 7.860123568276899140e-21 8.553417238811096167e-22
4.722000000000000000e+03 2.189080745022532885e-19 2.390772184678583333e-19 9.675842909117468457e-22 1.627011175579677049e-18 7.924073803774846537e-21 8.553845009176927377e-22
4.732000000000000000e+03 2.186781575932155379e-19 2.385749546006435256e-19 9.669646201607760083e-22 1.625462833579823715e-18 8.000211068085025809e-21 8.557684460576567703e-22
4.742000000000000000e+03 2.184048763916011036e-19 2.380395021096691305e-19 9.665551339094951753e-22 1.623830428962148262e-18 8.085505148090364038e-21 8.564021642837198878e-22
4.752000000000000000e+03 2.180933348563990000e-19 2.374833411745102494e-19 9.663422742234486720e-22 1.621887158691254270e-18 8.175167760838184168e-21 8.572181055031803648e-22
4.762000000000000000e+03 2.177535463201540117e-19 2.369120303071965942e-19 9.663291428370032316e-22 1.619915734956430395e-18 8.262755177125585824e-21 8.581483123478619395e-22
4.772000000000000000e+03 2.173813576489532918e-19 2.363316677860965716e-19 9.664547689782006219e-22 1.617670109823213874e-18 8.339823181003007996e-21 8.590578820640134672e-22
4.782000000000000000e+03 2.169783595496961720e-19 2.357481480042558031e-19 9.666513893465208209e-22 1.615189971220235609e-18 8.397631616527772310e-21 8.598082674556492043e-22
4.792000000000000000e+03 2.165407092024188914e-19 2.351651533311865060e-19 9.668573808734110696e-22 1.612389516442641065e-18 8.431561401313704368e-21 8.603103004047878104e-22
4.802000000000000000e+03 2.160768336502010850e-19 2.345870283336349788e-19 9.670167047300440652e-22 1.609317517121363042e-18 8.446632680213530965e-21 8.605771637172948455e-22
4.812000000000000000e+03 2.155912115015319851e-19 2.340143316841819274e-19 9.670724308133397001e-22 1.606041659830752795e-18 8.456677548494340552e-21 8.607090754810953517e-22
4.822000000000000000e+03 2.150773963225323867e-19 2.334495293622622437e-19 9.669257521445338121e-22 1.602453984073820137e-18 8.475343618320959502e-21 8.607689069846693772e-22
4.832000000000000000e+03 2.145457879576518350e-19 2.328917339132385016e-19 9.665611335406666440e-22 1.598688852617914596e-18 8.509016706229464964e-21 8.608085762461848654e-22
4.842000000000000000e+03 2.139970814746377456e-19 2.323386584975404668e-19 9.658911215866443418e-22 1.594770485196044560e-18 8.556726533012240330e-21 8.607447748682407292e-22
4.852000000000000000e+03 2.134363083067876597e-19 2.317870253233592937e-19 9.641682048723111056e-22 1.590713461216843910e-18 8.614334403525217803e-21 8.599360281365461400e-22
4.862000000000000000e+03 2.128633562167340396e-19 2.312399907685017639e-19 9.625230129634050546e-22 1.586522707139840659e-18 8.675868480755209431e-21 8.592164375778884945e-22
4.872000000000000000e+03 2.122853567030990481e-19 2.306967822644092429e-19 9.605937115957174438e-22 1.582276518575352958e-18 8.735794189802478903e-21 8.582425773388987179e-22
4.882000000000000000e+03 2.117012532655756517e-19 2.301520376938856125e-19 9.584084242621486956e-22 1.577988169994695309e-18 8.789445530242999952e-21 8.569922952668307249e-22
4.892000000000000000e+03 2.111142635723960053e-19 2.296050299007838693e-19 9.558631182453860116e-22 1.573667826850823514e-18 8.833646856115639038e-21 8.553544611978392815e-22
4.902000000000000000e+03 2.105267756170869514e-19 2.290567256739201707e-19 9.529933275466175089e-22 1.569316770380648762e-18 8.866167291468714937e-21 8.533394953701793537e-22
4.912000000000000000e+03 2.099374193472376658e-19 2.285038102497942923e-19 9.497162824881011968e-22 1.564919324470109276e-18 8.886495854179845460e-21 8.508791956920740022e-22
4.922000000000000000e+03 2.093483173640743541e-19 2.279480793511253473e-19 9.461297683810340054e-22 1.560484494926310659e-18 8.894575872014776679e-21 8.480541002706650981e-22
4.932000000000000000e+03 2.087597848735223691e-19 2.273895499711622587e-19 9.422189833367133260e-22 1.556013405038343638e-18 8.890770003319073567e-21 8.448577547369146878e-22
4.942000000000000000e+03 2.081725998722619005e-19 2.268296869346642269e-19 9.380211135020375785e-22 1.551521037068341612e-18 8.875849430310848138e-21 8.413286287939794369e-22
4.952000000000000000e+03 2.075870800439473966e-19 2.262687124176579565e-19 9.335720892527323340e-22 1.547020626812256432e-18 8.851888487970639093e-21 8.375153360253128877e-22
4.962000000000000000e+03 2.070041728399342078e-19 2.257091195250276514e-19 9.289176022905713623e-22 1.542528424164688656e-18 8.821486607613387754e-21 8.334785579640698322e-22
4.972000000000000000e+03 2.064242971814574132e-19 2.251512976313464694e-19 9.240992939115593906e-22 1.538055668516911160e-18 8.787184833278314415e-21 8.292747896346997113e-22
4.982000000000000000e+03 2.058478249642211175e-19 2.245965366725926935e-19 9.191674257567163244e-22 1.533612660453911893e-18 8.750961260095890174e-21 8.249622492464752339e-22
4.992000000000000000e+03 2.052753496665820251e-19 2.240485554479915664e-19 9.141773535003836453e-22 1.529197351841745949e-18 8.713629097300229680e-21 8.205928407269097986e-22
5.002000000000000000e+03 2.047070150476321789e-19 2.235097028074342886e-19 9.091889263563510639e-22 1.524815691982611299e-18 8.674567132043852693e-21 8.162093526192014926e-22
