# els,n0s['EB'],n0s[q'EE'],n0s['TT'],n0s['TB'],n0s['TE'], mv
2.000000000000000000e+00 4.859908692576281168e-08 1.558959501268200484e-08 1.102587888668955391e-08 3.834525509634699026e-07 1.376607625808840791e-08 3.989343515308575015e-09
1.200000000000000000e+01 3.748788660961266527e-11 1.207325873403513375e-11 8.518541560364558390e-12 2.957502414528651163e-10 1.065709661471156022e-11 3.085378266229642001e-12
2.200000000000000000e+01 3.316436278037791541e-12 1.078260801224411634e-12 7.563972510506791352e-13 2.615667335956504543e-11 9.509749729162554785e-13 2.746658087286698108e-13
3.200000000000000000e+01 7.404212879740743803e-13 2.443172753653412056e-13 1.698140124528058264e-13 5.835743116563100376e-12 2.152083086716236292e-13 6.191783700940204274e-14
4.200000000000000000e+01 2.493680502657929741e-13 8.394167458024787102e-14 5.760695444348918169e-14 1.963317223333047871e-12 7.382815146271120858e-14 2.112534880530572248e-14
5.200000000000000000e+01 1.060882343486054673e-13 3.661628514930079878e-14 2.472297031867234653e-14 8.342572703034317205e-13 3.215120186298703321e-14 9.133563643299134822e-15
6.200000000000000000e+01 5.248723990363850469e-14 1.866982496059183897e-14 1.235673304046602290e-14 4.123959708756988609e-13 1.636605192764613985e-14 4.606827952998579745e-15
7.200000000000000000e+01 2.886161657601170111e-14 1.063457770785371671e-14 6.873472115585209815e-15 2.267448655193553263e-13 9.308284910543059504e-15 2.590611329012515221e-15
8.200000000000000000e+01 1.715912472679919154e-14 6.583877751403619042e-15 4.139275251590284962e-15 1.349304979880719791e-13 5.755764063401795741e-15 1.580022216003150809e-15
9.200000000000000000e+01 1.083283661026593778e-14 4.351491331617174904e-15 2.650281034255291202e-15 8.535269789590545285e-14 3.801145574106530475e-15 1.026450237905579524e-15
1.020000000000000000e+02 7.172198155038105538e-15 3.032694455913235445e-15 1.781729573045415611e-15 5.667398947096558729e-14 2.648486125925496029e-15 7.014401330542693414e-16
1.120000000000000000e+02 4.935549777180337727e-15 2.209065308158468782e-15 1.246363806206535053e-15 3.913781608912430575e-14 1.930000488755778322e-15 4.996724422976741837e-16
1.220000000000000000e+02 3.506758715238273509e-15 1.670803963566827414e-15 9.010745698817397240e-16 2.791406998937263984e-14 1.461471312805480096e-15 3.685236393179444579e-16
1.320000000000000000e+02 2.559582326522367486e-15 1.305583128432973403e-15 6.697673479867000805e-16 2.045188594221190785e-14 1.144380529222355882e-15 2.799225886820599443e-16
1.420000000000000000e+02 1.911721709923849993e-15 1.049896283168918785e-15 5.097357548011762380e-16 1.532949137010756068e-14 9.231028689462159642e-16 2.180596514460229134e-16
1.520000000000000000e+02 1.456580010450888925e-15 8.661496973130866447e-16 3.958951565173475920e-16 1.171714225011394752e-14 7.647636215151379894e-16 1.736130873510469744e-16
1.620000000000000000e+02 1.129357623569874172e-15 7.311952384832621649e-16 3.129265554650095594e-16 9.110849439212076487e-15 6.491641239006396246e-16 1.408664451081959793e-16
1.720000000000000000e+02 8.893166187530162494e-16 6.302833629996262813e-16 2.511543303708815327e-16 7.193513378882520741e-15 5.634735849403942703e-16 1.161928344476860660e-16
1.820000000000000000e+02 7.100824570893981400e-16 5.537261821988823496e-16 2.042847702761476056e-16 5.759275952648190989e-15 4.993040179239190735e-16 9.722158063387659962e-17
1.920000000000000000e+02 5.741319813340674879e-16 4.949821739189874282e-16 1.681165105399265978e-16 4.670721386134875851e-15 4.510331320914975335e-16 8.236199695187705319e-17
2.020000000000000000e+02 4.695525089102430409e-16 4.495152832646141973e-16 1.397796557329626538e-16 3.833828344534516571e-15 4.148073432166685606e-16 7.052178099038063496e-17
2.120000000000000000e+02 3.880780557628939138e-16 4.140926699828787623e-16 1.172731170419493070e-16 3.182855354905261219e-15 3.879276423397626336e-16 6.093545684881605707e-17
2.220000000000000000e+02 3.238670307184750052e-16 3.863358784280433671e-16 9.917557180345687317e-17 2.670956216929498760e-15 3.684565455299316670e-16 5.305698891573825197e-17
2.320000000000000000e+02 2.727226299300947871e-16 3.644254446322146251e-16 8.446045692548643222e-17 2.264197008077768963e-15 3.549529835340879660e-16 4.649094059235417015e-17
2.420000000000000000e+02 2.315845662974679541e-16 3.468996954641250141e-16 7.237495743710264132e-17 1.937646721535842801e-15 3.462807525872992338e-16 4.094734354647159609e-17
2.520000000000000000e+02 1.981910718897137116e-16 3.325144805376140173e-16 6.235920217247423333e-17 1.672764355302865389e-15 3.414554355105184487e-16 3.621141396701456150e-17
2.620000000000000000e+02 1.708500534571822232e-16 3.201502037551113734e-16 5.399137448826127984e-17 1.455617459574374278e-15 3.395106513635447928e-16 3.212283165647733274e-17
2.720000000000000000e+02 1.482815425527423121e-16 3.087614365249428744e-16 4.694976123289765312e-17 1.275647659171606670e-15 3.393757637540680847e-16 2.856119643988821470e-17
2.820000000000000000e+02 1.295075294340578589e-16 2.973716456054062608e-16 4.098614633731837768e-17 1.124803254324947526e-15 3.397756740975652232e-16 2.543558125576914701e-17
2.920000000000000000e+02 1.137738271635559258e-16 2.851162360817173061e-16 3.590688163911862214e-17 9.969233894061214671e-16 3.391879408647070429e-16 2.267685384265123156e-17
3.020000000000000000e+02 1.004939238856143508e-16 2.713368863882548313e-16 3.155926292432346022e-17 8.872963793799430051e-16 3.359308653875057919e-16 2.023204291311940248e-17
3.120000000000000000e+02 8.920817759707698321e-17 2.556735078123003005e-16 2.782162516930989276e-17 7.923375270103083061e-16 3.283940253499285534e-16 1.805984950311719591e-17
3.220000000000000000e+02 7.955382307290444707e-17 2.381407910846503325e-16 2.459605547903285425e-17 7.093460689361947379e-16 3.154473568420363731e-16 1.612745108644247274e-17
3.320000000000000000e+02 7.124271238426421209e-17 2.191248290866216331e-16 2.180300002327645058e-17 6.363127835250982915e-16 2.968532105022662056e-16 1.440805876790178473e-17
3.420000000000000000e+02 6.404464048065238662e-17 1.992880105886930893e-16 1.937722914761834723e-17 5.717601037186759378e-16 2.734466375630847629e-16 1.287913866125291113e-17
3.520000000000000000e+02 5.777473142490236821e-17 1.794108298240967276e-16 1.726480825957513686e-17 5.146024319481819122e-16 2.469240035911980063e-16 1.152116563204912702e-17
3.620000000000000000e+02 5.228380781238619525e-17 1.602283778645799941e-16 1.542079380782696331e-17 4.640224651873026412e-16 2.193260045337596484e-16 1.031678004603756132e-17
3.720000000000000000e+02 4.745097243075333058e-17 1.423145809337720432e-16 1.380747146030697438e-17 4.193648473692032031e-16 1.924929527017100413e-16 9.250250443090903585e-18
3.820000000000000000e+02 4.317783180193176671e-17 1.260335996640770844e-16 1.239300208000394266e-17 3.800510675368953084e-16 1.677317859433091371e-16 8.307148619580595521e-18
3.920000000000000000e+02 3.938397063487224143e-17 1.115506383204756566e-16 1.115036350055212762e-17 3.455221178415696280e-16 1.457501387103746307e-16 7.474177736014395509e-18
4.020000000000000000e+02 3.600337319394831899e-17 9.887626638246462158e-17 1.005651625475927541e-17 3.152117815642885676e-16 1.267652956105093607e-16 6.739093775408725380e-18
4.120000000000000000e+02 3.298154869221391127e-17 8.791207181731278800e-17 9.091745941649343786e-18 2.885487141222520324e-16 1.106717105003638048e-16 6.090645406651680038e-18
4.220000000000000000e+02 3.027324474971917106e-17 7.850201927886218697e-17 8.239129742982281114e-18 2.649798234081424436e-16 9.719203895307983800e-17 5.518586640343590962e-18
4.320000000000000000e+02 2.784059427466400246e-17 7.046759427240501889e-17 7.484106034181620615e-18 2.440014533075536602e-16 8.598331083760729725e-17 5.013670108127134881e-18
4.420000000000000000e+02 2.565164197845885667e-17 6.362761361918977443e-17 6.814116467344031478e-18 2.251846983977105805e-16 7.669934901215854578e-17 4.567603385828034933e-18
4.520000000000000000e+02 2.367915483457565395e-17 5.781140438958581896e-17 6.218312776762716929e-18 2.081862236027691959e-16 6.902299766500063734e-17 4.173004324680699909e-18
4.620000000000000000e+02 2.189969392151593013e-17 5.286525297279439220e-17 5.687311173321747093e-18 1.927448769240085376e-16 6.267857229661144460e-17 3.823340419406300423e-18
4.720000000000000000e+02 2.029288311708144277e-17 4.865420703422153407e-17 5.212986143336345232e-18 1.786681640910606967e-16 5.743375121549032416e-17 3.512857542533761411e-18
4.820000000000000000e+02 1.884083681923189299e-17 4.506159167701058894e-17 4.788293716997738003e-18 1.658144576020473302e-16 5.309568815780284168e-17 3.236502927963227948e-18
4.920000000000000000e+02 1.752772032424099795e-17 4.198889958958554299e-17 4.407123663686511143e-18 1.540759572553064101e-16 4.950609337789149757e-17 2.989862813333895240e-18
5.020000000000000000e+02 1.633941263933813059e-17 3.935107458622071067e-17 4.064171122806396559e-18 1.433649009961682083e-16 4.653448307282161038e-17 2.769076286594085083e-18
5.120000000000000000e+02 1.526324811500270526e-17 3.707563397836027476e-17 3.754829267384290524e-18 1.336038769894762984e-16 4.407283081587893764e-17 2.570780209090354309e-18
5.220000000000000000e+02 1.428781639944835393e-17 3.510046816222468994e-17 3.475094649407134373e-18 1.247199212526614664e-16 4.203053116430956396e-17 2.392049842016174965e-18
5.320000000000000000e+02 1.340280623318780071e-17 3.337195852176771103e-17 3.221487489115531900e-18 1.166416495897434020e-16 4.033009475604517970e-17 2.230346764843375010e-18
5.420000000000000000e+02 1.259888096620929573e-17 3.184346429413879469e-17 2.990982314966808475e-18 1.092985502445901061e-16 3.890366243161327323e-17 2.083472929738029457e-18
5.520000000000000000e+02 1.186757482738985820e-17 3.047415010841514227e-17 2.780948279311828212e-18 1.026215925239127537e-16 3.769013309546985757e-17 1.949529931608763870e-18
5.620000000000000000e+02 1.120120396011647427e-17 2.922817017192025253e-17 2.589097213365707619e-18 9.654451442545401519e-17 3.663314054217722702e-17 1.826883417940512960e-18
5.720000000000000000e+02 1.059279220473053046e-17 2.807415749350730149e-17 2.413438759221883510e-18 9.100535664789537288e-17 3.567972756310230980e-17 1.714131579781849421e-18
5.820000000000000000e+02 1.003600942825674797e-17 2.698504783282693943e-17 2.252241572142756900e-18 8.594791163810257057e-17 3.477996813710221807e-17 1.610077801865006715e-18
5.920000000000000000e+02 9.525121849443739503e-18 2.593823518942759093e-17 2.103998164095554040e-18 8.132283692743501993e-17 3.388745340056526438e-17 1.513705790511393816e-18
6.020000000000000000e+02 9.054950769459300848e-18 2.491526608061666326e-17 1.967396231977740695e-18 7.708825167140458308e-17 3.296057187974286495e-17 1.424155928157000430e-18
6.120000000000000000e+02 8.620838475079819368e-18 2.390237504252688270e-17 1.841291581503316733e-18 7.320966787040957259e-17 3.196465168407578540e-17 1.340705720072464227e-18
6.220000000000000000e+02 8.218619765343208557e-18 2.289077748363954497e-17 1.724686131058526470e-18 6.965913425202642341e-17 3.087445113353885871e-17 1.262751978682644565e-18
6.320000000000000000e+02 7.844597118780936374e-18 2.187636308401685084e-17 1.616706829437677255e-18 6.641360346365137545e-17 2.967623136828956006e-17 1.189791774494026529e-18
6.420000000000000000e+02 7.495515745736539143e-18 2.085930941622789184e-17 1.516587789186881839e-18 6.345272073605049256e-17 2.836906875716029375e-17 1.121405988403289420e-18
6.520000000000000000e+02 7.168540657401335816e-18 1.984343209075444744e-17 1.423655238452684757e-18 6.075640542631394897e-17 2.696461866359517323e-17 1.057244535780915170e-18
6.620000000000000000e+02 6.861232041975025985e-18 1.883521655886878065e-17 1.337313761963779393e-18 5.830266331385604395e-17 2.548526182631078869e-17 9.970125831734457669e-19
6.720000000000000000e+02 6.571516926981819957e-18 1.784280145785683520e-17 1.257034597046625790e-18 5.606611913032637212e-17 2.396094172904186026e-17 9.404589769278119644e-19
6.820000000000000000e+02 6.297658508781921081e-18 1.687456836876933253e-17 1.182345647564926050e-18 5.401762169896792975e-17 2.242496691448331904e-17 8.873650322365939856e-19
6.920000000000000000e+02 6.038224509764622303e-18 1.593968906044703615e-17 1.112822075461418853e-18 5.212502094124639795e-17 2.091006845618381661e-17 8.375400017733258939e-19
7.020000000000000000e+02 5.792053282979312636e-18 1.504545654062174158e-17 1.048080262119934384e-18 5.035493251428516202e-17 1.944522751298029329e-17 7.908098268405404134e-19
7.120000000000000000e+02 5.558217953292206675e-18 1.419778707066266110e-17 9.877705218536713400e-19 4.867511711556606738e-17 1.805360547318327480e-17 7.470139107440258420e-19
7.220000000000000000e+02 5.335989633223422550e-18 1.340092689854372075e-17 9.315727141353764204e-19 4.705698811636059323e-17 1.675168964004791992e-17 7.060012062800456794e-19
7.320000000000000000e+02 5.124801601357786333e-18 1.265741802720929850e-17 8.791917256448876125e-19 4.547777958367152724e-17 1.554943415508900955e-17 6.676268563363768119e-19
7.420000000000000000e+02 4.924213672411357047e-18 1.196821955283350433e-17 8.303546927508633923e-19 4.392196976438990597e-17 1.445110784727464985e-17 6.317503110426367458e-19
7.520000000000000000e+02 4.733878738154382863e-18 1.133292735861177784e-17 7.848079125641082606e-19 4.238175977242357123e-17 1.345644357971895185e-17 5.982336221734844866e-19
7.620000000000000000e+02 4.553512278118480380e-18 1.075002366911858843e-17 7.423147074843893845e-19 4.085656759106871752e-17 1.256184032917081813e-17 5.669405681150854223e-19
7.720000000000000000e+02 4.382864989751428945e-18 1.021713881583371208e-17 7.026542284926432466e-19 3.935165886886638514e-17 1.176146286781508915e-17 5.377366238684640316e-19
7.820000000000000000e+02 4.221699380913392786e-18 9.731275737935667328e-18 6.656196379075219138e-19 3.787623363045563521e-17 1.104809849372511430e-17 5.104886267548388656e-19
7.920000000000000000e+02 4.069770503521683331e-18 9.289095385644998332e-18 6.310175067904862467e-19 3.644137373895757377e-17 1.041386779024112873e-17 4.850656922209738313e-19
8.020000000000000000e+02 3.926811773061041837e-18 8.886896996445776397e-18 5.986667699136834428e-19 3.505812234770840130e-17 9.850655372009455579e-18 4.613390463251006655e-19
8.120000000000000000e+02 3.792524518558784819e-18 8.520876680565587133e-18 5.683983293701039521e-19 3.373600064432547103e-17 9.350434999371762234e-18 4.391832563537838962e-19
8.220000000000000000e+02 3.666573493163113594e-18 8.187294725363958876e-18 5.400544884609287181e-19 3.248202041849483908e-17 8.905514102689027148e-18 4.184772919026371628e-19
8.320000000000000000e+02 3.548586019867897575e-18 7.882454035501059905e-18 5.134881084239727174e-19 3.130018816680328153e-17 8.508586651340654294e-18 3.991046934372376525e-19
8.420000000000000000e+02 3.438154749380769294e-18 7.602764741484378234e-18 4.885626932244948837e-19 3.019146973641895724e-17 8.152804960695622588e-18 3.809546852674405407e-19
8.520000000000000000e+02 3.334841872465089790e-18 7.344792261914231671e-18 4.651518736421074302e-19 2.915406698753122168e-17 7.831782051261464792e-18 3.639227309227586769e-19
8.620000000000000000e+02 3.238183967774978429e-18 7.105290921826901082e-18 4.431386089790254108e-19 2.818392477411171824e-17 7.539607937937875386e-18 3.479108391508349928e-19
8.720000000000000000e+02 3.147697343853192397e-18 6.881219861433479214e-18 4.224155995612071313e-19 2.727536107065860511e-17 7.270839168410749278e-18 3.328284027960454442e-19
8.820000000000000000e+02 3.062883055626119503e-18 6.669872880303671517e-18 4.028840325263430823e-19 2.642175738700757355e-17 7.020500079268999799e-18 3.185921701433564501e-19
8.920000000000000000e+02 2.983233474738955366e-18 6.468759932692408564e-18 3.844538552086973060e-19 2.561623678228116918e-17 6.784113092294195033e-18 3.051265011559837739e-19
9.020000000000000000e+02 2.908238555342481474e-18 6.275700898188839605e-18 3.670428297322939011e-19 2.485233001133142825e-17 6.557729987531634468e-18 2.923632393652197769e-19
9.120000000000000000e+02 2.837392803488112107e-18 6.088844020505508237e-18 3.505765028024434847e-19 2.412453873817780743e-17 6.337970696115396521e-18 2.802418636876906892e-19
9.220000000000000000e+02 2.770202785773647885e-18 5.906685733595567327e-18 3.349871576660123162e-19 2.342877043195362815e-17 6.122059639063761204e-18 2.687088949159769534e-19
9.320000000000000000e+02 2.706194422498847899e-18 5.728078159329514503e-18 3.202139722255116140e-19 2.276259955933337987e-17 5.907861454384368034e-18 2.577179604323894022e-19
9.420000000000000000e+02 2.644920434083216949e-18 5.552224698018344473e-18 3.062021122577170260e-19 2.212528066217398940e-17 5.693898091353935062e-18 2.472290715830548554e-19
9.520000000000000000e+02 2.585968223356794587e-18 5.378668156026708376e-18 2.929021393891093165e-19 2.151750121676350537e-17 5.479350324967289468e-18 2.372080376065864352e-19
9.620000000000000000e+02 2.528967533563012682e-18 5.207250923328654245e-18 2.802696361729369760e-19 2.094088876425301377e-17 5.264021457452726384e-18 2.276259027176916236e-19
9.720000000000000000e+02 2.473597073080511828e-18 5.038077701132551241e-18 2.682646795137871309e-19 2.039730344906463716e-17 5.048284622996530124e-18 2.184582856407304001e-19
9.820000000000000000e+02 2.419589578061409185e-18 4.871519485421077361e-18 2.568512301936166312e-19 1.988802600828687330e-17 4.832971692577677578e-18 2.096846705193715919e-19
9.920000000000000000e+02 2.366735074483054276e-18 4.707994095631541158e-18 2.459965165819871959e-19 1.941301822804156886e-17 4.619261230236178355e-18 2.012873309150292903e-19
1.002000000000000000e+03 2.314882206468125833e-18 4.548017700735541897e-18 2.356709678186510393e-19 1.897043502033208426e-17 4.408550142468686559e-18 1.932511663088391906e-19
1.012000000000000000e+03 2.263937557928014301e-18 4.392212050329342638e-18 2.258475003180085446e-19 1.855651520079462895e-17 4.202338516031012581e-18 1.855630914528716950e-19
1.022000000000000000e+03 2.213862339528091222e-18 4.241183819645377779e-18 2.165009410053667602e-19 1.816592684734298457e-17 4.002075429650131820e-18 1.782112341093980327e-19
1.032000000000000000e+03 2.164664861222776686e-18 4.095484498104855803e-18 2.076079661800760042e-19 1.779242980102933802e-17 3.809069860714585553e-18 1.711847326368220962e-19
1.042000000000000000e+03 2.116393170779633120e-18 3.955587076200367499e-18 1.991466745074101378e-19 1.742975211519608978e-17 3.624406581493552044e-18 1.644733077293372189e-19
1.052000000000000000e+03 2.069125114206848903e-18 3.821851854042890711e-18 1.910963516761244261e-19 1.707238130061704319e-17 3.448935885181420765e-18 1.580670241045335641e-19
1.062000000000000000e+03 2.022959572939285385e-18 3.694499615053095166e-18 1.834372399310153611e-19 1.671619430552331749e-17 3.283225567343436406e-18 1.519559521413277616e-19
1.072000000000000000e+03 1.978006040918431579e-18 3.573749801157893632e-18 1.761503294333221581e-19 1.635875985470693965e-17 3.127575136366884593e-18 1.461301910127050293e-19
1.082000000000000000e+03 1.934375615979111739e-18 3.459614106768443707e-18 1.692172451672076695e-19 1.599935404262562975e-17 2.982052370558958130e-18 1.405794056681096497e-19
1.092000000000000000e+03 1.892173165969181093e-18 3.352011018177306590e-18 1.626203382300081118e-19 1.563874235793905767e-17 2.846517612914763691e-18 1.352930297595154949e-19
1.102000000000000000e+03 1.851490784813900094e-18 3.250769786864159011e-18 1.563423055690242596e-19 1.527880889303912578e-17 2.720661432233037608e-18 1.302599970912404841e-19
1.112000000000000000e+03 1.812402604961791076e-18 3.155640989995907898e-18 1.503663454174535804e-19 1.492211853080695617e-17 2.604035272788712727e-18 1.254688626941436349e-19
1.122000000000000000e+03 1.774961266326427301e-18 3.066310053891581379e-18 1.446761598739346997e-19 1.457148756517377340e-17 2.496088542407487458e-18 1.209078691413515154e-19
1.132000000000000000e+03 1.739195981820779388e-18 2.982410147740328728e-18 1.392560837144119234e-19 1.422961606670332180e-17 2.396195796241435602e-18 1.165651074863106392e-19
1.142000000000000000e+03 1.705111943572023906e-18 2.903536146403049640e-18 1.340907375113649451e-19 1.389881531149688853e-17 2.303686117255547914e-18 1.124283776724532422e-19
1.152000000000000000e+03 1.672690941989017083e-18 2.829255342403321053e-18 1.291654880676543125e-19 1.358083905184730716e-17 2.217861852032991024e-18 1.084856033369778493e-19
1.162000000000000000e+03 1.641892676713134385e-18 2.759120468303928809e-18 1.244662278092246787e-19 1.327681650979026972e-17 2.138023440806521774e-18 1.047248013608675893e-19
1.172000000000000000e+03 1.612656479865967008e-18 2.692683678178915550e-18 1.199794470942997221e-19 1.298727230824065336e-17 2.063473355585487489e-18 1.011342133730729126e-19
1.182000000000000000e+03 1.584903048779440773e-18 2.629493248067159407e-18 1.156923642830474172e-19 1.271221424593010368e-17 1.993544526414400035e-18 9.770251343828857771e-20
1.192000000000000000e+03 1.558536229293481926e-18 2.569114730801221547e-18 1.115927773816715873e-19 1.245126749378935416e-17 1.927596309829661946e-18 9.441877238505847663e-20
1.202000000000000000e+03 1.533445183819723573e-18 2.511146105202044225e-18 1.076695393517161949e-19 1.220383382017489812e-17 1.865028926292830425e-18 9.127289681088477416e-20
1.212000000000000000e+03 1.509507148109317688e-18 2.455218905330002820e-18 1.039120566910017520e-19 1.196925089423272454e-17 1.805285975191822359e-18 8.825531641330227722e-20
1.222000000000000000e+03 1.486590912231975106e-18 2.401003140370445896e-18 1.003104297434891984e-19 1.174692676728642063e-17 1.747868987540136784e-18 8.535715428373800293e-20
1.232000000000000000e+03 1.464560762966876082e-18 2.348213927815352639e-18 9.685566313111469837e-20 1.153642866860255454e-17 1.692340569846137350e-18 8.257041564471140267e-20
1.242000000000000000e+03 1.443280699094833150e-18 2.296612922113655074e-18 9.353945689529813698e-20 1.133750773304132289e-17 1.638326613010244350e-18 7.988785555409997374e-20
1.252000000000000000e+03 1.422618636304801055e-18 2.246011687010137604e-18 9.035420819201376797e-20 1.115005750192513226e-17 1.585525814375855547e-18 7.730300875277460689e-20
1.262000000000000000e+03 1.402450490773389585e-18 2.196257047845639771e-18 8.729315071431042228e-20 1.097401082451353705e-17 1.533704737077982442e-18 7.481025898114597584e-20
1.272000000000000000e+03 1.382663697900439700e-18 2.147281275548444123e-18 8.434997611558407545e-20 1.080919356641780219e-17 1.482706019416462620e-18 7.240463177827621908e-20
1.282000000000000000e+03 1.363160189766727368e-18 2.099030951605327542e-18 8.151926586334759394e-20 1.065516736699476016e-17 1.432438194513289609e-18 7.008199483166700672e-20
1.292000000000000000e+03 1.343858794141206282e-18 2.051493810769668137e-18 7.879588262280087549e-20 1.051109572956084315e-17 1.382875582008437995e-18 6.783863636279746690e-20
1.302000000000000000e+03 1.324697022278383073e-18 2.004691831470686190e-18 7.617532656183071818e-20 1.037566780152700857e-17 1.334048487083444028e-18 6.567149422747816396e-20
1.312000000000000000e+03 1.305632154768349505e-18 1.958674086119598939e-18 7.365346246045847102e-20 1.024710106660862711e-17 1.286032239351136003e-18 6.357792292489124045e-20
1.322000000000000000e+03 1.286641416865043702e-18 1.913509732828448024e-18 7.122656782562222844e-20 1.012323331600828266e-17 1.238934719297698422e-18 6.155569744140679193e-20
1.332000000000000000e+03 1.267721300304759583e-18 1.869281265840853958e-18 6.889121197992386416e-20 1.000169352948616521e-17 1.192885655301817451e-18 5.960289761002046575e-20
1.342000000000000000e+03 1.248885933230329624e-18 1.826076726696530438e-18 6.664420506732828600e-20 9.880127155421965094e-18 1.148022060133445876e-18 5.771783232512932837e-20
1.352000000000000000e+03 1.230164867223349124e-18 1.783984675713556766e-18 6.448256597145981299e-20 9.756438965266687933e-18 1.104484331896774278e-18 5.589900483519127795e-20
1.362000000000000000e+03 1.211600241462090093e-18 1.743094740789934776e-18 6.240335583139477850e-20 9.629007294697088535e-18 1.062394286162202936e-18 5.414493198503217460e-20
1.372000000000000000e+03 1.193243399716726378e-18 1.703469149434378629e-18 6.040378368020645202e-20 9.496836495014100263e-18 1.021866406291396526e-18 5.245421919919833373e-20
1.382000000000000000e+03 1.175151027384603125e-18 1.665158848566357922e-18 5.848108445507535112e-20 9.359613198564673489e-18 9.829911955601397454e-19 5.082543299197740332e-20
1.392000000000000000e+03 1.157381290532942504e-18 1.628208356043756885e-18 5.663262893135599256e-20 9.217676210064269036e-18 9.458330500642296583e-19 4.925717000594248950e-20
1.402000000000000000e+03 1.139990217149174550e-18 1.592643265323675448e-18 5.485582822660493673e-20 9.071910613426686237e-18 9.104291562125466851e-19 4.774795685895417119e-20
1.412000000000000000e+03 1.123028440440698578e-18 1.558471170250038419e-18 5.314789306554823736e-20 8.923587623957382522e-18 8.767898278867006521e-19 4.629605641303785094e-20
1.422000000000000000e+03 1.106538725740473354e-18 1.525682447708718598e-18 5.150612765484094311e-20 8.774188010322656678e-18 8.449012669163998826e-19 4.489968761924781045e-20
1.432000000000000000e+03 1.090554303614086124e-18 1.494251478750756940e-18 4.992795206586777156e-20 8.625228732704722672e-18 8.147260077959821305e-19 4.355703756823256332e-20
1.442000000000000000e+03 1.075098004679806943e-18 1.464137875282222473e-18 4.841051997398642094e-20 8.478117141613718711e-18 7.862092754550938000e-19 4.226598523887044472e-20
1.452000000000000000e+03 1.060182231130134711e-18 1.435287009690968030e-18 4.695128405866219804e-20 8.334049426794067195e-18 7.592781033566195788e-19 4.102452848843999589e-20
1.462000000000000000e+03 1.045809384303611642e-18 1.407641218204275597e-18 4.554746850690219852e-20 8.193947827634165349e-18 7.338432110564765162e-19 3.983039788602483690e-20
1.472000000000000000e+03 1.031972628339957008e-18 1.381127892226938163e-18 4.419652226984343656e-20 8.058440299779878935e-18 7.098072604181248580e-19 3.868141977847245358e-20
1.482000000000000000e+03 1.018656645247954982e-18 1.355668309970601672e-18 4.289585235865139946e-20 7.927871227037480651e-18 6.870671603258218408e-19 3.757533170978107613e-20
1.492000000000000000e+03 1.005838302120313377e-18 1.331179577531296725e-18 4.164299211063955548e-20 7.802338152695929311e-18 6.655163978760275927e-19 3.650992483906023998e-20
1.502000000000000000e+03 9.934872306104747720e-19 1.307576865129455733e-18 4.043542828833928562e-20 7.681744804431148848e-18 6.450461659159751549e-19 3.548292168313965999e-20
1.512000000000000000e+03 9.815664576536375184e-19 1.284775699009261358e-18 3.927089163467415973e-20 7.565867286737193935e-18 6.255487425562717604e-19 3.449221676576577336e-20
1.522000000000000000e+03 9.700332325415172606e-19 1.262693920513264383e-18 3.814724056480823771e-20 7.454421361094528063e-18 6.069185363425535672e-19 3.353579773478367347e-20
1.532000000000000000e+03 9.588401415720183002e-19 1.241253184262860092e-18 3.706231094606939260e-20 7.347125621852027442e-18 5.890549063597045517e-19 3.261164387636263339e-20
1.542000000000000000e+03 9.479365303369712213e-19 1.220380545378821591e-18 3.601423470205113723e-20 7.243754369273233882e-18 5.718645562862870764e-19 3.171798518052647693e-20
1.552000000000000000e+03 9.372702100694711466e-19 1.200009046284299719e-18 3.500116278038279487e-20 7.144170327537919891e-18 5.552644465461739077e-19 3.085310128882468434e-20
1.562000000000000000e+03 9.267893970882946047e-19 1.180082011411672745e-18 3.402144293955176096e-20 7.048339033247773051e-18 5.391813726703737911e-19 3.001546348530245203e-20
1.572000000000000000e+03 9.164446674591780576e-19 1.160546042021507221e-18 3.307354192557263133e-20 6.956307240965928357e-18 5.235539199127509513e-19 2.920367738856096698e-20
1.582000000000000000e+03 9.061908601860926364e-19 1.141356338747279903e-18 3.215606003090322670e-20 6.868162757576275852e-18 5.083296731468269888e-19 2.841648989765581188e-20
1.592000000000000000e+03 8.959887520327152413e-19 1.122480065725796498e-18 3.126785867552496847e-20 6.783972452046464270e-18 4.934689210730577391e-19 2.765290237926670660e-20
1.602000000000000000e+03 8.858064047420570770e-19 1.103892420275907082e-18 3.040772842021981286e-20 6.703712397317290173e-18 4.789416633324225211e-19 2.691189895520053604e-20
1.612000000000000000e+03 8.756201713617496213e-19 1.085576528352001379e-18 2.957473936667079423e-20 6.627212458069066681e-18 4.647292411623532335e-19 2.619272483910228999e-20
1.622000000000000000e+03 8.654152094281649864e-19 1.067523022832131990e-18 2.876792012067460170e-20 6.554119702593069979e-18 4.508201368704706936e-19 2.549462122422563868e-20
1.632000000000000000e+03 8.551853962196070421e-19 1.049728538722653322e-18 2.798644728559756319e-20 6.483900114212513517e-18 4.372136347582484600e-19 2.481698430907481684e-20
1.642000000000000000e+03 8.449328373801847202e-19 1.032192656319985942e-18 2.722961506891548347e-20 6.415872384825252645e-18 4.239148386937690056e-19 2.415932458312385352e-20
1.652000000000000000e+03 8.346670367335664205e-19 1.014931311768729517e-18 2.649669095847925975e-20 6.349269598107655654e-18 4.109319427798640213e-19 2.352115223984200713e-20
1.662000000000000000e+03 8.244037573886293759e-19 9.979551362877898498e-19 2.578705776519220320e-20 6.283318357579544182e-18 3.982763448254833597e-19 2.290207755109343436e-20
1.672000000000000000e+03 8.141636769961643960e-19 9.812782860589748394e-19 2.510007254554766630e-20 6.217314983946451424e-18 3.859618731472857126e-19 2.230170247357513392e-20
1.682000000000000000e+03 8.039709167408255572e-19 9.649167026745530288e-19 2.443519392167597887e-20 6.150693610499603511e-18 3.740038872605399651e-19 2.171971712411340334e-20
1.692000000000000000e+03 7.938514644093880319e-19 9.488868873247081352e-19 2.379170082052189428e-20 6.083070674899916852e-18 3.624169645959141237e-19 2.115566877857600025e-20
1.702000000000000000e+03 7.838316841109159979e-19 9.332052586350291154e-19 2.316907252208319553e-20 6.014265772343723823e-18 3.512144089332859617e-19 2.060925915967071199e-20
1.712000000000000000e+03 7.739369643046681575e-19 9.178872742056770757e-19 2.256677362069394362e-20 5.944299474572509584e-18 3.404062957940649506e-19 2.008016648870393269e-20
1.722000000000000000e+03 7.641905366033514618e-19 9.029467554646516569e-19 2.198408052001279002e-20 5.873367101259644697e-18 3.299998419473623665e-19 1.956790752527333792e-20
1.732000000000000000e+03 7.546125327221133566e-19 8.883954416881055326e-19 2.142045318589749856e-20 5.801800485659416973e-18 3.199981092470075254e-19 1.907212578060332362e-20
1.742000000000000000e+03 7.452193246762727979e-19 8.742424311294910931e-19 2.087520485726665752e-20 5.730016457986016193e-18 3.104017936773425128e-19 1.859233481818523186e-20
1.752000000000000000e+03 7.360232088090078637e-19 8.604944873417125362e-19 2.034771232280254045e-20 5.658468738918597975e-18 3.012056359847940543e-19 1.812807126041632694e-20
1.762000000000000000e+03 7.270323425567128882e-19 8.471536260753908603e-19 1.983727689175690171e-20 5.587601213845373803e-18 2.924036934793788568e-19 1.767880164458292197e-20
1.772000000000000000e+03 7.182509590784017617e-19 8.342185676425825539e-19 1.934317859198009450e-20 5.517811857549554184e-18 2.839853696532197636e-19 1.724395147455520810e-20
1.782000000000000000e+03 7.096797799680335893e-19 8.216855745161256057e-19 1.886488894459166219e-20 5.449432659685695662e-18 2.759373994519756915e-19 1.682308184834139009e-20
1.792000000000000000e+03 7.013163963534853451e-19 8.095469975727357380e-19 1.840169410964506372e-20 5.382711346798220614e-18 2.682422588524237223e-19 1.641558355310431143e-20
1.802000000000000000e+03 6.931556638404290944e-19 7.977915788725098394e-19 1.795290391072143854e-20 5.317814025010209872e-18 2.608805907624346682e-19 1.602085241101037046e-20
1.812000000000000000e+03 6.851900324341795251e-19 7.864048291326022389e-19 1.751789845198342173e-20 5.254836816099579044e-18 2.538300520992194444e-19 1.563832276189923027e-20
1.822000000000000000e+03 6.774098072642826770e-19 7.753690553526007020e-19 1.709604257648475784e-20 5.193818213880032073e-18 2.470679550685814200e-19 1.526740986394298719e-20
1.832000000000000000e+03 6.698034086467081254e-19 7.646637199297546820e-19 1.668668269241433926e-20 5.134753820661280032e-18 2.405705029091476107e-19 1.490750516991679412e-20
1.842000000000000000e+03 6.623577460398579309e-19 7.542675410816488759e-19 1.628933927694123764e-20 5.077623556085741551e-18 2.343128600658175251e-19 1.455813175519844457e-20
1.852000000000000000e+03 6.550585381223544240e-19 7.441560233766627984e-19 1.590338380385303397e-20 5.022394119101225099e-18 2.282707199342993559e-19 1.421869209585733325e-20
1.862000000000000000e+03 6.478908402499318498e-19 7.343037455367328632e-19 1.552839596004861418e-20 4.969034441341072316e-18 2.224218270060088717e-19 1.388876082245863861e-20
1.872000000000000000e+03 6.408395085004119627e-19 7.246842764852790755e-19 1.516387453365383730e-20 4.917509917923985507e-18 2.167461557260920178e-19 1.356785502501161453e-20
1.882000000000000000e+03 6.338897824191195793e-19 7.152711413731478201e-19 1.480937923925657251e-20 4.867783003819117763e-18 2.112258434565149064e-19 1.325554818982039708e-20
1.892000000000000000e+03 6.270278099276182031e-19 7.060386601851867803e-19 1.446454921862482269e-20 4.819800735297703081e-18 2.058455672688952559e-19 1.295148723469063868e-20
1.902000000000000000e+03 6.202411544914938094e-19 6.969624041054457465e-19 1.412902290224652518e-20 4.773480252574147192e-18 2.005921180528195530e-19 1.265532708439064503e-20
1.912000000000000000e+03 6.135192587190925688e-19 6.880199193855338959e-19 1.380249667801198941e-20 4.728702966720248915e-18 1.954553001150692741e-19 1.236678174871985653e-20
1.922000000000000000e+03 6.068537905785542677e-19 6.791912589722913623e-19 1.348471511599409480e-20 4.685298611972204933e-18 1.904269007747564984e-19 1.208561274263839495e-20
1.932000000000000000e+03 6.002388698816130302e-19 6.704595320731088327e-19 1.317543832587676076e-20 4.643041862907437202e-18 1.855027082469434477e-19 1.181161134557228068e-20
1.942000000000000000e+03 5.936711372912997405e-19 6.618118277787924678e-19 1.287444143574012264e-20 4.601661502185795921e-18 1.806789079544428714e-19 1.154458413034283307e-20
1.952000000000000000e+03 5.871497636002453279e-19 6.532375028510888226e-19 1.258151161145630087e-20 4.560858889766268186e-18 1.759557287858555428e-19 1.128436499235100356e-20
1.962000000000000000e+03 5.806761584822258534e-19 6.447294500989700303e-19 1.229636592377722620e-20 4.520319615569429405e-18 1.713345063152864174e-19 1.103073767604635870e-20
1.972000000000000000e+03 5.742537903204047135e-19 6.362856628041667235e-19 1.201898887157956439e-20 4.479751070240036218e-18 1.668183376270664529e-19 1.078371076476392919e-20
1.982000000000000000e+03 5.678876835825113713e-19 6.279072240395031683e-19 1.174923950928283557e-20 4.438907000171318382e-18 1.624103306507803378e-19 1.054319381519988061e-20
1.992000000000000000e+03 5.615838906523445967e-19 6.195983656368941522e-19 1.148692585561230191e-20 4.397595797232534170e-18 1.581141177080454548e-19 1.030905908838368988e-20
2.002000000000000000e+03 5.553490461971715113e-19 6.113662288282315020e-19 1.123186375570090657e-20 4.355708697662080908e-18 1.539333009424277351e-19 1.008118651538526518e-20
2.012000000000000000e+03 5.491898199747500090e-19 6.032205985692661561e-19 1.098397950509967715e-20 4.313212366487037028e-18 1.498704285728523448e-19 9.859541629240305968e-21
2.022000000000000000e+03 5.431125153517745809e-19 5.951730039272603419e-19 1.074302342014191207e-20 4.270151765993627026e-18 1.459283863723806067e-19 9.643950318453244974e-21
2.032000000000000000e+03 5.371227683017824293e-19 5.872365015102254183e-19 1.050894160642416572e-20 4.226639777935241520e-18 1.421087993100659092e-19 9.434391180710570733e-21
2.042000000000000000e+03 5.312252173628999732e-19 5.794258163072017029e-19 1.028140095688165159e-20 4.182825575536347987e-18 1.384126980262153118e-19 9.230615263993693996e-21
2.052000000000000000e+03 5.254235000554393370e-19 5.717556870806857403e-19 1.006038279714391800e-20 4.138900941297334704e-18 1.348406029776227685e-19 9.032624399550881965e-21
2.062000000000000000e+03 5.197200959712695482e-19 5.642402776489733034e-19 9.845648221373192213e-21 4.095061267950895749e-18 1.313923579705756322e-19 8.840239105051683783e-21
2.072000000000000000e+03 5.141164461824910397e-19 5.568930804846922515e-19 9.637019228994015161e-21 4.051501250326167925e-18 1.280669528004148122e-19 8.653324283946704279e-21
2.082000000000000000e+03 5.086129783774957705e-19 5.497258124722964265e-19 9.434239225580607699e-21 4.008394238805747423e-18 1.248621412259186938e-19 8.471674543643040095e-21
2.092000000000000000e+03 5.032093216240149442e-19 5.427484163434459301e-19 9.237159334571188457e-21 3.965895493215828285e-18 1.217748720015707900e-19 8.295166322221517976e-21
2.102000000000000000e+03 4.979043471991039421e-19 5.359682652898793222e-19 9.045593690469499879e-21 3.924121900480790883e-18 1.188009983512138673e-19 8.123639519497416540e-21
2.112000000000000000e+03 4.926962387339590434e-19 5.293893913757266779e-19 8.859279403131539502e-21 3.883152236367086178e-18 1.159354440965226870e-19 7.956865703907271236e-21
2.122000000000000000e+03 4.875827167572585065e-19 5.230131490151283291e-19 8.678075842270201754e-21 3.843049634119560365e-18 1.131729793744512852e-19 7.794712765440233017e-21
2.132000000000000000e+03 4.825608963068183264e-19 5.168372471082117895e-19 8.501725973019458063e-21 3.803829477336871270e-18 1.105083814520022845e-19 7.636952854758996017e-21
2.142000000000000000e+03 4.776275585661522062e-19 5.108558299145447643e-19 8.330055654495751946e-21 3.765505155669803925e-18 1.079360690248413149e-19 7.483421772148682038e-21
2.152000000000000000e+03 4.727790782807035697e-19 5.050601365636718733e-19 8.162834667258886239e-21 3.728065685935742673e-18 1.054510061915991285e-19 7.333911284542936987e-21
2.162000000000000000e+03 4.680114792752038428e-19 4.994388247676024570e-19 7.999914282494373960e-21 3.691490244981383733e-18 1.030468999657692980e-19 7.188271682586781102e-21
2.172000000000000000e+03 4.633207209826642538e-19 4.939781467274537983e-19 7.841185188060995724e-21 3.655774315443943150e-18 1.007179203569689319e-19 7.046386378951584965e-21
2.182000000000000000e+03 4.587024770238226895e-19 4.886613478503866025e-19 7.686411899389104647e-21 3.620888962633242520e-18 9.845805335668507877e-20 6.908034810126226560e-21
2.192000000000000000e+03 4.541525935129477232e-19 4.834704131819511359e-19 7.535460800718369769e-21 3.586829112544812955e-18 9.626212821535123296e-20 6.773082315435781340e-21
2.202000000000000000e+03 4.496672013828868328e-19 4.783880212324809009e-19 7.388307197788656570e-21 3.553585919720064679e-18 9.412467856568505523e-20 6.641480683415238627e-21
2.212000000000000000e+03 4.452423827791908720e-19 4.733932931427493100e-19 7.244644325575262711e-21 3.521131771457608259e-18 9.204156786243404422e-20 6.512959375599550780e-21
2.222000000000000000e+03 4.408750111846593043e-19 4.684688807845378396e-19 7.104523626457058359e-21 3.489445097906720717e-18 9.000888293526701947e-20 6.387539126855828184e-21
2.232000000000000000e+03 4.365621416105656348e-19 4.635965407950319588e-19 6.967737620565296733e-21 3.458488845056723568e-18 8.802304720832020173e-20 6.265032762548203283e-21
2.242000000000000000e+03 4.323016737761442666e-19 4.587610539423592436e-19 6.834280158310799814e-21 3.428215766194044041e-18 8.608064171217911941e-20 6.145417162671835334e-21
2.252000000000000000e+03 4.280919034218818104e-19 4.539483714645265124e-19 6.704006721654931524e-21 3.398556246356528374e-18 8.417950072783051617e-20 6.028563760711895489e-21
2.262000000000000000e+03 4.239318688712784830e-19 4.491479927051439292e-19 6.576938521297906127e-21 3.369438840012294423e-18 8.231832141473298634e-20 5.914483088935317183e-21
2.272000000000000000e+03 4.198207999251845718e-19 4.443508647204308943e-19 6.452862712836155419e-21 3.340760874122438472e-18 8.049635720931644952e-20 5.802999412882182526e-21
2.282000000000000000e+03 4.157586697414057555e-19 4.395526091335004753e-19 6.331810318258482494e-21 3.312432435021080533e-18 7.871342703206785658e-20 5.694138107646404646e-21
2.292000000000000000e+03 4.117458903642804146e-19 4.347519252004481903e-19 6.213751544874362793e-21 3.284367006845202952e-18 7.696944796076343439e-20 5.587876478480587566e-21
2.302000000000000000e+03 4.077829835765243806e-19 4.299500291831238158e-19 6.098590429157508505e-21 3.256486462605774045e-18 7.526473395033891056e-20 5.484140846919001130e-21
2.312000000000000000e+03 4.038707072613027468e-19 4.251514861274385439e-19 5.986250564877651341e-21 3.228723328508846510e-18 7.359955813522673406e-20 5.382873760334691825e-21
2.322000000000000000e+03 4.000098347348610781e-19 4.203636666546770749e-19 5.876690426633401897e-21 3.201027014699149991e-18 7.197493818317582498e-20 5.284050468096368159e-21
2.332000000000000000e+03 3.962012645866316369e-19 4.155965925418367056e-19 5.769873779814902624e-21 3.173386669760065389e-18 7.039103281452143734e-20 5.187646470108697148e-21
2.342000000000000000e+03 3.924456540368633756e-19 4.108610752907325672e-19 5.665625034726610600e-21 3.145793186965639569e-18 6.884909455746402396e-20 5.093530646165843766e-21
2.352000000000000000e+03 3.887434507276935941e-19 4.061710166231711377e-19 5.563983771327687709e-21 3.118269445241006547e-18 6.734995615497691227e-20 5.001744170730990817e-21
2.362000000000000000e+03 3.850952050364399051e-19 4.015411451615871674e-19 5.464924135308272906e-21 3.090852732096660210e-18 6.589457797509905425e-20 4.912276254971477933e-21
2.372000000000000000e+03 3.815009524693618260e-19 3.969854812989753458e-19 5.368315940219858677e-21 3.063589434053436728e-18 6.448299362523485429e-20 4.825026547323808867e-21
2.382000000000000000e+03 3.779606027829830078e-19 3.925181604550955440e-19 5.274089527495097946e-21 3.036529005777034945e-18 6.311516334388624614e-20 4.739943166741653204e-21
2.392000000000000000e+03 3.744738705889835272e-19 3.881528257095683077e-19 5.182199610544899988e-21 3.009729039304129432e-18 6.179003288254366807e-20 4.656988016019886932e-21
2.402000000000000000e+03 3.710402122892429571e-19 3.839006846442496022e-19 5.092554320161656150e-21 2.983224405565107072e-18 6.050675709821339862e-20 4.576085914747458001e-21
2.412000000000000000e+03 3.676590966718223138e-19 3.797710698311822504e-19 5.005089700591078545e-21 2.957078910412524896e-18 5.926394801450701805e-20 4.497180750169123880e-21
2.422000000000000000e+03 3.643297499358579401e-19 3.757715102025683360e-19 4.919720367013146901e-21 2.931307991222409707e-18 5.805939104022711649e-20 4.420193686216258043e-21
2.432000000000000000e+03 3.610512217344126920e-19 3.719047532594812615e-19 4.836335912107398231e-21 2.905935378771046275e-18 5.689053992116706224e-20 4.345022766435633687e-21
2.442000000000000000e+03 3.578227980320856168e-19 3.681735822921399299e-19 4.754950785590487547e-21 2.880989264471105736e-18 5.575527171272887480e-20 4.271669005154732837e-21
2.452000000000000000e+03 3.546434281524999329e-19 3.645752287566804881e-19 4.675455418936928746e-21 2.856469975228250121e-18 5.465155807522164968e-20 4.200032743104430804e-21
2.462000000000000000e+03 3.515119232587694453e-19 3.611040256874815689e-19 4.597747508942776217e-21 2.832375870167589160e-18 5.357744417394945826e-20 4.130020017650561695e-21
2.472000000000000000e+03 3.484271227163209219e-19 3.577519665680569441e-19 4.521765484967142523e-21 2.808706187345804551e-18 5.253099033601969831e-20 4.061569356341310539e-21
2.482000000000000000e+03 3.453882356918220967e-19 3.545110998408021241e-19 4.447523070332269482e-21 2.785470876176974783e-18 5.151018159925421135e-20 3.994679493555232907e-21
2.492000000000000000e+03 3.423937573943149648e-19 3.513662342170890146e-19 4.374880189587032507e-21 2.762648425769349433e-18 5.051310674458372713e-20 3.929224464758579922e-21
2.502000000000000000e+03 3.394426037521499059e-19 3.483044266496088829e-19 4.303833432307794439e-21 2.740239007673377613e-18 4.953776469147712029e-20 3.865188286698185560e-21
2.512000000000000000e+03 3.365336405089532077e-19 3.453109909888916431e-19 4.234334279511709963e-21 2.718227271753209715e-18 4.858312149680124724e-20 3.802524107224036062e-21
2.522000000000000000e+03 3.336655886180621521e-19 3.423703995136848551e-19 4.166318663274863053e-21 2.696592520183900051e-18 4.764751588409978115e-20 3.741168541741292793e-21
2.532000000000000000e+03 3.308374658859427029e-19 3.394669265234266790e-19 4.099749148862866688e-21 2.675333611167538462e-18 4.673062925471406683e-20 3.681087968703196492e-21
2.542000000000000000e+03 3.280479045502250956e-19 3.365851952768035838e-19 4.034490499724668655e-21 2.654405219115713501e-18 4.583206127152507920e-20 3.622169432249251355e-21
2.552000000000000000e+03 3.252964254552535995e-19 3.337149958119156426e-19 3.970685556280889104e-21 2.633813049293500162e-18 4.495193210353841440e-20 3.564528284905353780e-21
2.562000000000000000e+03 3.225821032996023912e-19 3.308438140716049536e-19 3.908269741585927886e-21 2.613529696606577595e-18 4.408999588140930059e-20 3.508110074683137198e-21
2.572000000000000000e+03 3.199036279611543546e-19 3.279617386926921544e-19 3.847172915166245737e-21 2.593499763175732637e-18 4.324623689876743998e-20 3.452857621431317542e-21
2.582000000000000000e+03 3.172607067879406884e-19 3.250625441898188981e-19 3.787398791229975240e-21 2.573713761125009770e-18 4.242077281059997994e-20 3.398774803620418563e-21
2.592000000000000000e+03 3.146532070204021300e-19 3.221432004481609256e-19 3.728922649810885471e-21 2.554150742358258210e-18 4.161317844899344880e-20 3.345839496513376903e-21
2.602000000000000000e+03 3.120797273553889876e-19 3.192007162716078931e-19 3.671677847339321782e-21 2.534744896036228212e-18 4.082355452152147613e-20 3.293999003699997228e-21
2.612000000000000000e+03 3.095403523959062930e-19 3.162380429614285369e-19 3.615710306086804611e-21 2.515485642613551580e-18 4.005156116899227202e-20 3.243289301540434188e-21
2.622000000000000000e+03 3.070342132771199154e-19 3.132573866503476591e-19 3.560897152288137223e-21 2.496364789025315228e-18 3.929735108857043096e-20 3.193613543494323965e-21
2.632000000000000000e+03 3.045619320996367258e-19 3.102683467111570079e-19 3.507356936069617514e-21 2.477386997882466409e-18 3.856101703806772867e-20 3.145069699681237432e-21
2.642000000000000000e+03 3.021224555325167742e-19 3.072776608870715145e-19 3.454974729270277289e-21 2.458511657181315198e-18 3.784277492736061528e-20 3.097568197296544341e-21
2.652000000000000000e+03 2.997156488133776192e-19 3.042963040692634892e-19 3.403753103065456549e-21 2.439771121069430002e-18 3.714282173426054697e-20 3.051114537896813382e-21
2.662000000000000000e+03 2.973410100292294021e-19 3.013358006440335520e-19 3.353647459563868407e-21 2.421150374812016167e-18 3.646114346403973063e-20 3.005674839473793666e-21
2.672000000000000000e+03 2.949981858067068302e-19 2.984086967360439360e-19 3.304639360844480342e-21 2.402652060388047115e-18 3.579747563296420729e-20 2.961234669017984687e-21
2.682000000000000000e+03 2.926871655905572873e-19 2.955278608228938988e-19 3.256710819775803010e-21 2.384322188459512501e-18 3.515143876348549954e-20 2.917779228035502119e-21
2.692000000000000000e+03 2.904079496145000758e-19 2.927068095858278662e-19 3.209842882375571598e-21 2.366176577985585467e-18 3.452232433497487966e-20 2.875290586695764167e-21
2.702000000000000000e+03 2.881598241518071278e-19 2.899566720222716628e-19 3.164026323993698324e-21 2.348231483711879658e-18 3.390996790708824030e-20 2.833761971884261848e-21
2.712000000000000000e+03 2.859422729206059817e-19 2.872872265636983547e-19 3.119202756118076076e-21 2.330488862482027635e-18 3.331342060989226110e-20 2.793141498146483443e-21
2.722000000000000000e+03 2.837552287585246178e-19 2.847048875874324018e-19 3.075321043443255345e-21 2.312971919371771928e-18 3.273255765721643256e-20 2.753388549895689733e-21
2.732000000000000000e+03 2.815981851803813526e-19 2.822110286788744109e-19 3.032336046587941676e-21 2.295686103012820390e-18 3.216722778107471347e-20 2.714466613571557051e-21
2.742000000000000000e+03 2.794702646919977646e-19 2.798165937070426944e-19 2.990273329888881477e-21 2.278627994293578349e-18 3.161718977330802748e-20 2.676396026170040360e-21
2.752000000000000000e+03 2.773724246421906553e-19 2.775257475357995628e-19 2.949160612759671845e-21 2.261836887453937084e-18 3.108198434484736919e-20 2.639196788979515172e-21
2.762000000000000000e+03 2.753034894604631324e-19 2.753322141857871650e-19 2.908893082091255268e-21 2.245280088857576289e-18 3.056091042163983939e-20 2.602779699351943306e-21
2.772000000000000000e+03 2.732624667244555171e-19 2.732276541270107310e-19 2.869429883481475229e-21 2.228951246985307343e-18 3.005346725856197793e-20 2.567108095461888845e-21
2.782000000000000000e+03 2.712505455081768100e-19 2.712149915914095024e-19 2.830857135623891069e-21 2.212891640808016453e-18 2.955877983126606397e-20 2.532245400766796512e-21
2.792000000000000000e+03 2.692651993460420001e-19 2.692753318360627741e-19 2.793019438280417205e-21 2.197038379111948143e-18 2.907642424187028132e-20 2.498062598603396113e-21
2.802000000000000000e+03 2.673079246434274438e-19 2.674075256084318662e-19 2.756012943227879198e-21 2.181459333406991284e-18 2.860555064720908263e-20 2.464630871399674070e-21
2.812000000000000000e+03 2.653764410205001702e-19 2.655912654063561640e-19 2.719706100624255594e-21 2.166048029257408778e-18 2.814511464477497765e-20 2.431835534240036217e-21
2.822000000000000000e+03 2.634708687309862783e-19 2.638188331061389979e-19 2.684163641339762297e-21 2.150870815886840972e-18 2.769374130576473667e-20 2.399717815864957686e-21
2.832000000000000000e+03 2.615918881252455406e-19 2.620771616914816031e-19 2.649344407642222824e-21 2.135932779990098582e-18 2.725063987254456540e-20 2.368238022393408428e-21
2.842000000000000000e+03 2.597385782350556491e-19 2.603551688152134950e-19 2.615259448072954443e-21 2.121214689268385775e-18 2.681522467094828869e-20 2.337399677460262859e-21
2.852000000000000000e+03 2.579079853446379999e-19 2.586364533678751345e-19 2.581830688270285123e-21 2.106676651847068009e-18 2.638702501943143112e-20 2.307135337812944838e-21
2.862000000000000000e+03 2.561009807314122023e-19 2.569150577431051572e-19 2.549064460978650125e-21 2.092300896567633359e-18 2.596566579777565456e-20 2.277446894745253453e-21
2.872000000000000000e+03 2.543191136613298510e-19 2.551848165895044265e-19 2.517015585564578419e-21 2.078156953009809642e-18 2.555076597036557165e-20 2.248374956154021424e-21
2.882000000000000000e+03 2.525589389355119383e-19 2.534325595306230496e-19 2.485569167938125473e-21 2.064186571173929977e-18 2.514198974278395722e-20 2.219823900147334759e-21
2.892000000000000000e+03 2.508224212598897093e-19 2.516592375148413918e-19 2.454782259303575637e-21 2.050410999456779431e-18 2.473929023235089960e-20 2.191839160053503953e-21
2.902000000000000000e+03 2.491066487068049551e-19 2.498607534411771042e-19 2.424623042337878904e-21 2.036749210647575468e-18 2.434330974354973752e-20 2.164399816571083224e-21
2.912000000000000000e+03 2.474129578896516772e-19 2.480354286508239356e-19 2.395032865038672081e-21 2.023270992619046200e-18 2.395460027612799865e-20 2.137463726199941563e-21
2.922000000000000000e+03 2.457412039154676188e-19 2.461865382902101083e-19 2.365999383975627919e-21 2.009966462559114798e-18 2.357432470543245694e-20 2.111030883965687054e-21
2.932000000000000000e+03 2.440894026392039339e-19 2.443168973116572957e-19 2.337496491913837476e-21 1.996764949313018832e-18 2.320288619108109766e-20 2.085084240498016507e-21
2.942000000000000000e+03 2.424593981939267551e-19 2.424359926712766512e-19 2.309602882119847346e-21 1.983742579407591272e-18 2.284095099783299629e-20 2.059693287221661357e-21
2.952000000000000000e+03 2.408474944366182377e-19 2.405480283633546090e-19 2.282226495784074047e-21 1.970822939078843292e-18 2.248887187168605150e-20 2.034788274404073460e-21
2.962000000000000000e+03 2.392580045145836900e-19 2.386666271173238539e-19 2.255405435438520067e-21 1.958088464516508619e-18 2.214716015649148772e-20 2.010405802388882936e-21
2.972000000000000000e+03 2.376874708986743326e-19 2.367989137590414998e-19 2.229083435081476019e-21 1.945512801539857951e-18 2.181563307605135966e-20 1.986500654944277339e-21
2.982000000000000000e+03 2.361364740754147458e-19 2.349568794436026002e-19 2.203220159604170860e-21 1.933073482660607325e-18 2.149443762290850241e-20 1.963043664418590483e-21
2.992000000000000000e+03 2.346068345244001904e-19 2.331524848701056028e-19 2.177844330629530878e-21 1.920800418202136020e-18 2.118317372554531151e-20 1.940056047717759069e-21
3.002000000000000000e+03 2.330946099400141063e-19 2.313961158497124519e-19 2.152920609430094376e-21 1.908701624515279907e-18 2.088097998441230796e-20 1.917503633437884343e-21
3.012000000000000000e+03 2.316030361535303029e-19 2.296983352785521213e-19 2.128441125752130864e-21 1.896789023870906116e-18 2.058657788240633335e-20 1.895370853700139555e-21
3.022000000000000000e+03 2.301313220886933851e-19 2.280667871645283115e-19 2.104384133634674908e-21 1.885060564110467416e-18 2.029906929957182124e-20 1.873633649619530627e-21
3.032000000000000000e+03 2.286809860379687175e-19 2.265119700910868337e-19 2.080786535738317504e-21 1.873538205042107014e-18 2.001775258137270293e-20 1.852316339185514975e-21
3.042000000000000000e+03 2.272482318958952168e-19 2.250307057979765669e-19 2.057526046990848358e-21 1.862179978709428924e-18 1.974196131938703653e-20 1.831315934636445160e-21
3.052000000000000000e+03 2.258351421133882666e-19 2.236300917431075738e-19 2.034661790037436478e-21 1.850996525234688328e-18 1.947112993966382197e-20 1.810675120432726334e-21
3.062000000000000000e+03 2.244428869989203135e-19 2.223141808199840380e-19 2.012244367343808431e-21 1.840049957032860089e-18 1.920458540241634926e-20 1.790428513165743429e-21
3.072000000000000000e+03 2.230695620092600713e-19 2.210696202465430876e-19 1.990156094748811239e-21 1.829240682287432023e-18 1.894173670997937581e-20 1.770476609477915643e-21
3.082000000000000000e+03 2.217172342232468611e-19 2.199007187445230082e-19 1.968463893997522558e-21 1.818619168311037316e-18 1.868199622111112746e-20 1.750867556465262954e-21
3.092000000000000000e+03 2.203837589870532161e-19 2.187925360426487208e-19 1.947133802389436413e-21 1.808157867568014775e-18 1.842537000837509942e-20 1.731573212205295300e-21
3.102000000000000000e+03 2.190705371632531424e-19 2.177422414718311996e-19 1.926183962677805799e-21 1.797899617575690548e-18 1.817148505580088760e-20 1.712604374176608162e-21
3.112000000000000000e+03 2.177770988795550566e-19 2.167306728709034500e-19 1.905563904408714808e-21 1.787756738591914750e-18 1.792093890425695300e-20 1.693924961244973561e-21
3.122000000000000000e+03 2.164982622855009772e-19 2.157480268815493772e-19 1.885249372485941242e-21 1.777668757864356999e-18 1.767419400435117723e-20 1.675518940850312017e-21
3.132000000000000000e+03 2.152412891428498688e-19 2.147947077840321896e-19 1.865343147407376908e-21 1.767790313534968323e-18 1.743190827430231072e-20 1.657474059716769132e-21
3.142000000000000000e+03 2.140025298651003882e-19 2.138563485170557136e-19 1.845804104994583386e-21 1.758042814821356682e-18 1.719421668937059545e-20 1.639758008822485086e-21
3.152000000000000000e+03 2.127803890994090951e-19 2.129200428845572235e-19 1.826612601866508819e-21 1.748406453585612366e-18 1.696128849829699188e-20 1.622356136954761035e-21
3.162000000000000000e+03 2.115770063197356187e-19 2.119791308989362833e-19 1.807780312863815765e-21 1.738882774622993917e-18 1.673282880263796511e-20 1.605274917244166970e-21
3.172000000000000000e+03 2.103912720296027583e-19 2.110211937070933956e-19 1.789303877452571622e-21 1.729498663827515182e-18 1.650884195778328300e-20 1.588511189130533136e-21
3.182000000000000000e+03 2.092170253687088887e-19 2.100380092877342270e-19 1.771142132851205054e-21 1.720202744930273408e-18 1.628921357497342035e-20 1.572030832125958984e-21
3.192000000000000000e+03 2.080626188835608777e-19 2.090357952905118029e-19 1.753357699964317040e-21 1.710992551189082439e-18 1.607338987721758986e-20 1.555879053745225690e-21
3.202000000000000000e+03 2.069191431434800199e-19 2.079979421357976994e-19 1.735858082219005204e-21 1.701850399008488545e-18 1.586087622857809769e-20 1.539977061884628423e-21
3.212000000000000000e+03 2.057939586580606492e-19 2.069345578147854680e-19 1.718724007147119066e-21 1.692873171171952984e-18 1.565165388558399752e-20 1.524389363355186927e-21
3.222000000000000000e+03 2.046837548078089342e-19 2.058470338716285160e-19 1.701915139762061506e-21 1.683963729209231525e-18 1.544611645252694066e-20 1.509087833037528679e-21
3.232000000000000000e+03 2.035849899218354741e-19 2.047327873656094171e-19 1.685387402768739215e-21 1.675165649070731758e-18 1.524480249475631947e-20 1.494042847860101723e-21
3.242000000000000000e+03 2.024994274836869480e-19 2.036019618540784317e-19 1.669161576528035609e-21 1.666411366320498265e-18 1.504824794230888534e-20 1.479276777541500077e-21
3.252000000000000000e+03 2.014290247537906070e-19 2.024634488793784947e-19 1.653210389844597295e-21 1.657772970582510599e-18 1.485678449717274727e-20 1.464772410036884895e-21
3.262000000000000000e+03 2.003718549879414167e-19 2.013225761172746008e-19 1.637509484012527372e-21 1.649245941746254583e-18 1.467065639983846784e-20 1.450513610555543628e-21
3.272000000000000000e+03 1.993266654486752127e-19 2.001893432504164245e-19 1.622077215488621534e-21 1.640902646499317495e-18 1.448965794213496195e-20 1.436513735315948802e-21
3.282000000000000000e+03 1.982970190758294661e-19 1.990777162286640800e-19 1.606893373838847251e-21 1.632641650279717720e-18 1.431400015937728581e-20 1.422760248171336023e-21
3.292000000000000000e+03 1.972785125182910913e-19 1.980005509379244519e-19 1.591955208379093827e-21 1.624462677077768591e-18 1.414314538805864730e-20 1.409246508464892659e-21
3.302000000000000000e+03 1.962773973575254073e-19 1.969640308560050255e-19 1.577204125213407010e-21 1.616499333798096660e-18 1.397721592046921745e-20 1.395928894452523740e-21
3.312000000000000000e+03 1.952861987156782226e-19 1.959519856643677747e-19 1.562546809182954695e-21 1.608695331410122794e-18 1.381609409900606889e-20 1.382732299630568058e-21
3.322000000000000000e+03 1.943118962133887500e-19 1.950143619029415250e-19 1.548134399082063598e-21 1.601016615773972390e-18 1.365979486215230833e-20 1.369778409483030550e-21
3.332000000000000000e+03 1.933533329558837255e-19 1.941496199104252552e-19 1.533950750891278781e-21 1.593569262341208984e-18 1.350784968536090934e-20 1.357050030108142878e-21
3.342000000000000000e+03 1.924070550725018641e-19 1.933638219309068847e-19 1.519969463453192687e-21 1.586207720516533935e-18 1.335976727673709175e-20 1.344521717594887521e-21
3.352000000000000000e+03 1.914764620833993055e-19 1.926506939959219173e-19 1.506134249741232933e-21 1.579042763612514218e-18 1.321515384691839114e-20 1.332145498961311639e-21
3.362000000000000000e+03 1.905697345321148269e-19 1.920249081470449602e-19 1.492528863620366839e-21 1.572120090357233527e-18 1.307319660339058874e-20 1.319979812989517944e-21
3.372000000000000000e+03 1.896740311799822439e-19 1.914803242022868817e-19 1.479060012530892467e-21 1.565192490263948582e-18 1.293332181851486841e-20 1.307944704807441774e-21
3.382000000000000000e+03 1.888033658872437525e-19 1.910164409625799519e-19 1.465840189324385444e-21 1.558552155450054826e-18 1.279462923704219939e-20 1.296119679800650633e-21
3.392000000000000000e+03 1.879374256370860648e-19 1.906101086603856400e-19 1.452722548477406062e-21 1.551892324893234390e-18 1.265680431265062198e-20 1.284384283055957522e-21
3.402000000000000000e+03 1.870979269377477077e-19 1.902694286927662318e-19 1.439848792261962048e-21 1.545405803688140798e-18 1.251960324578478404e-20 1.272848121582988707e-21
3.412000000000000000e+03 1.862774544844492154e-19 1.899755849295203054e-19 1.427190235489863408e-21 1.539048948640522067e-18 1.238319741096205982e-20 1.261489091410518471e-21
3.422000000000000000e+03 1.854775956062450604e-19 1.897247640434065017e-19 1.414757760908133316e-21 1.532795940912124632e-18 1.224779436552288217e-20 1.250317544810476372e-21
3.432000000000000000e+03 1.846902537073667398e-19 1.894972015448443445e-19 1.402509963747266260e-21 1.526532909146676533e-18 1.211354574630479827e-20 1.239301270921879930e-21
3.442000000000000000e+03 1.839223235964880929e-19 1.892784667530632012e-19 1.390502579938403798e-21 1.520355817810922956e-18 1.198051751482368353e-20 1.228484142052699016e-21
3.452000000000000000e+03 1.831740223735966517e-19 1.890601922905746851e-19 1.378763552219909687e-21 1.514282349154069681e-18 1.184862053664310137e-20 1.217886581946074451e-21
3.462000000000000000e+03 1.824379205608304724e-19 1.888250535676618414e-19 1.367236401442406196e-21 1.508210423497825439e-18 1.171754564592704537e-20 1.207460012210752807e-21
3.472000000000000000e+03 1.817240056724405232e-19 1.885624552294422597e-19 1.355986460406888251e-21 1.502278050019044037e-18 1.158709945398888753e-20 1.197253278981324906e-21
3.482000000000000000e+03 1.810220610671027335e-19 1.882717577245446301e-19 1.344993407719503248e-21 1.496437175689329598e-18 1.145740431349622718e-20 1.187251128437689874e-21
3.492000000000000000e+03 1.803300061958441823e-19 1.879254539866572282e-19 1.334223912339478844e-21 1.490629104000444531e-18 1.132859883368301083e-20 1.177427686038118931e-21
3.502000000000000000e+03 1.796617785613280784e-19 1.875358640727549795e-19 1.323591098008236606e-21 1.484792863535705561e-18 1.120131650058892183e-20 1.167723125753618990e-21
3.512000000000000000e+03 1.789929913346048719e-19 1.870972091267158474e-19 1.313233497776630624e-21 1.479006427127593848e-18 1.107559653127298487e-20 1.158244518851377143e-21
3.522000000000000000e+03 1.783470977494320048e-19 1.866244763244236052e-19 1.303168282403935737e-21 1.473352708936829679e-18 1.095181204905622747e-20 1.149010829355452796e-21
3.532000000000000000e+03 1.777078943622404078e-19 1.861106590860422117e-19 1.293312275449911937e-21 1.467727080975458936e-18 1.083048430492595438e-20 1.139962127626696488e-21
3.542000000000000000e+03 1.770672475219092710e-19 1.855496736762225505e-19 1.283632391679786326e-21 1.462015886828179405e-18 1.071261920100066441e-20 1.131083479207790552e-21
3.552000000000000000e+03 1.764609897836172433e-19 1.849827711814156116e-19 1.274310943372901662e-21 1.456539871696583615e-18 1.059910259478246253e-20 1.122529885386547230e-21
3.562000000000000000e+03 1.758428703962572530e-19 1.843777658165617351e-19 1.265031740946924803e-21 1.451045462823948730e-18 1.049119977054456243e-20 1.114067495770368002e-21
3.572000000000000000e+03 1.752475162668232810e-19 1.837786832458956467e-19 1.256032768569739568e-21 1.445611749011719525e-18 1.038961736819309799e-20 1.105892773021926317e-21
3.582000000000000000e+03 1.746507294210129288e-19 1.831788327948555632e-19 1.247125185234813608e-21 1.440179021175591935e-18 1.029450002454268165e-20 1.097860437017643588e-21
3.592000000000000000e+03 1.740650282985691799e-19 1.826001775292087181e-19 1.238420355288330130e-21 1.434878138952036692e-18 1.020532937315724003e-20 1.090052942152937535e-21
3.602000000000000000e+03 1.734888260383041080e-19 1.820503703702828488e-19 1.229792820022284510e-21 1.429728924135991007e-18 1.012167543425892282e-20 1.082368870043439947e-21
3.612000000000000000e+03 1.729378867477109039e-19 1.815530004491423070e-19 1.221348572778020199e-21 1.424838218251902799e-18 1.004294595355887784e-20 1.074885391012621499e-21
3.622000000000000000e+03 1.723758877207663668e-19 1.811005328860775590e-19 1.212891191109398393e-21 1.420053693959208149e-18 9.968345457592100612e-21 1.067439680399581978e-21
3.632000000000000000e+03 1.718256760390739164e-19 1.807196596159473685e-19 1.204538525299937609e-21 1.415283896673039388e-18 9.896924665119144393e-21 1.060113975186183326e-21
3.642000000000000000e+03 1.713027657281382944e-19 1.804199370534426034e-19 1.196298260508719768e-21 1.410932817704048759e-18 9.827536015616084726e-21 1.052902187131370086e-21
3.652000000000000000e+03 1.707900541183317461e-19 1.801984637289105828e-19 1.188120739639885799e-21 1.406776263606120493e-18 9.759019014946946759e-21 1.045751589632113660e-21
3.662000000000000000e+03 1.702872914189435876e-19 1.800600361043502605e-19 1.179969300026131798e-21 1.402901831109352442e-18 9.690219584033994737e-21 1.038620638896420230e-21
3.672000000000000000e+03 1.697998281058573309e-19 1.800048972935640668e-19 1.171889362517847766e-21 1.399175305998616189e-18 9.620444484228993702e-21 1.031536574730300176e-21
3.682000000000000000e+03 1.693351989478690708e-19 1.800319497172322864e-19 1.163882166361088726e-21 1.395642318617510934e-18 9.548915587377673750e-21 1.024491522486812048e-21
3.692000000000000000e+03 1.688819507605186875e-19 1.800784209549047822e-19 1.155822733897084292e-21 1.392362344007018473e-18 9.475847893781426548e-21 1.017388529600845184e-21
3.702000000000000000e+03 1.684477953981479992e-19 1.802038384706268384e-19 1.147861271138709517e-21 1.389289049462393399e-18 9.401590725184055584e-21 1.010350008105176299e-21
3.712000000000000000e+03 1.680378947709715226e-19 1.804036863069511827e-19 1.140025876875295268e-21 1.386327020788389216e-18 9.326751711483437827e-21 1.003404522038272384e-21
3.722000000000000000e+03 1.676475852097964378e-19 1.806455947410234956e-19 1.132264346236583546e-21 1.383498848636439537e-18 9.251689631341882742e-21 9.965144442638924371e-22
3.732000000000000000e+03 1.672669545637043556e-19 1.809159067808605348e-19 1.124590599752662814e-21 1.380616863237657926e-18 9.176878888001277837e-21 9.896950919210344821e-22
3.742000000000000000e+03 1.669119910991192514e-19 1.812109667408275703e-19 1.117063847794441092e-21 1.378008259537970568e-18 9.102524012134508512e-21 9.829952509257844999e-22
3.752000000000000000e+03 1.665783582378471246e-19 1.815081268111686304e-19 1.109653939444013335e-21 1.375385619490962813e-18 9.029043348438837657e-21 9.763954368166735936e-22
3.762000000000000000e+03 1.662620341866737785e-19 1.817814661824623952e-19 1.102388999573878879e-21 1.372754127170763773e-18 8.956545099599017688e-21 9.699178261025758812e-22
3.772000000000000000e+03 1.659667510722003284e-19 1.820331690016980212e-19 1.095292323701355251e-21 1.370353006378452977e-18 8.884653280821399353e-21 9.635763773835254325e-22
3.782000000000000000e+03 1.656650923455023556e-19 1.822218307346833097e-19 1.088304462642932677e-21 1.367665298221085034e-18 8.812762964498752123e-21 9.573156212037356492e-22
3.792000000000000000e+03 1.654037830399553037e-19 1.823713312676449004e-19 1.081542644776520081e-21 1.365119013902086034e-18 8.740606846245468181e-21 9.512254932461742665e-22
3.802000000000000000e+03 1.651535611428480487e-19 1.824549664228541145e-19 1.074976581388445756e-21 1.362727738493603009e-18 8.668078180840741207e-21 9.452794306307695698e-22
3.812000000000000000e+03 1.649109185790948636e-19 1.824713309267223220e-19 1.068544611593445919e-21 1.360125302800726616e-18 8.595155916965158179e-21 9.394290131467380478e-22
3.822000000000000000e+03 1.646598809902711309e-19 1.824106677577965122e-19 1.062267967379738350e-21 1.357562736040605239e-18 8.521905168105152169e-21 9.336906181903162997e-22
3.832000000000000000e+03 1.644488796725807209e-19 1.823091274752254191e-19 1.056254250201799484e-21 1.355193785525565172e-18 8.448489665928727569e-21 9.281516750416171214e-22
3.842000000000000000e+03 1.642275773361968770e-19 1.821353548829063993e-19 1.050346347867097833e-21 1.352681806475662489e-18 8.375443092323734706e-21 9.226944601292671559e-22
3.852000000000000000e+03 1.640134206399592169e-19 1.819197877130775169e-19 1.044597196010813089e-21 1.349995586638259014e-18 8.303442966691186651e-21 9.173693291606066815e-22
3.862000000000000000e+03 1.638145067823533956e-19 1.816693220801028355e-19 1.038997738317175364e-21 1.347454578019704409e-18 8.233852127680457685e-21 9.121865784008019449e-22
3.872000000000000000e+03 1.636067308408660232e-19 1.813995210165267913e-19 1.033543772219311096e-21 1.344977621526037525e-18 8.167642681287314909e-21 9.071548261509409285e-22
3.882000000000000000e+03 1.634064197278541575e-19 1.811170243886616943e-19 1.028141285018072528e-21 1.342438924261213644e-18 8.106222556537716651e-21 9.022201680115139459e-22
3.892000000000000000e+03 1.632062804394327731e-19 1.808160938794543654e-19 1.022629316258366021e-21 1.339792472835240571e-18 8.050435463012756831e-21 8.972694641960025114e-22
3.902000000000000000e+03 1.630278211134108739e-19 1.805556122740137338e-19 1.017338349765181730e-21 1.337483231513158413e-18 8.000679730908957786e-21 8.925650028094648365e-22
3.912000000000000000e+03 1.628476779729225735e-19 1.803420697881793912e-19 1.012144737274065823e-21 1.335166603614184767e-18 7.956504165951472898e-21 8.880056026504834539e-22
3.922000000000000000e+03 1.626662335555749736e-19 1.801866215551667407e-19 1.007002084184167051e-21 1.333174798569080444e-18 7.917121766721938066e-21 8.835463154743855455e-22
3.932000000000000000e+03 1.624981124531498272e-19 1.801127979079858591e-19 1.001886965276620034e-21 1.330999006936210302e-18 7.881598853039675828e-21 8.791582035436172643e-22
3.942000000000000000e+03 1.623520109664783411e-19 1.801139410777548397e-19 9.968104094686488960e-22 1.329335706447740345e-18 7.848527623382234053e-21 8.748324836141094798e-22
3.952000000000000000e+03 1.621942708935516862e-19 1.802161132154494716e-19 9.917022264011716299e-22 1.327840866893308514e-18 7.816643774059099793e-21 8.704987033223224436e-22
3.962000000000000000e+03 1.620742274432703671e-19 1.804219915500527048e-19 9.866542879679478074e-22 1.326497007082704583e-18 7.784303923233807825e-21 8.662086165877018017e-22
3.972000000000000000e+03 1.619368838343955113e-19 1.807093044152756282e-19 9.814964383693351014e-22 1.325196817596648887e-18 7.750428413255358586e-21 8.618155297216434726e-22
3.982000000000000000e+03 1.618400430684393563e-19 1.811182498826244077e-19 9.764609723713906834e-22 1.324468054298590701e-18 7.714250395338670562e-21 8.574918006819052700e-22
3.992000000000000000e+03 1.617701354206120079e-19 1.816158455064636884e-19 9.713985538530236163e-22 1.323672929244726197e-18 7.675483788965309102e-21 8.531173129460237404e-22
4.002000000000000000e+03 1.617087919839402016e-19 1.822004548549936574e-19 9.663877210462274295e-22 1.322995985822000779e-18 7.634157900993877493e-21 8.487524399154369584e-22
4.012000000000000000e+03 1.616708489249679642e-19 1.828629490332024498e-19 9.614086473460072908e-22 1.322459594654485580e-18 7.590522856087285558e-21 8.443850627817997178e-22
4.022000000000000000e+03 1.616597633844361499e-19 1.835784520073142449e-19 9.564930611502665229e-22 1.321920157245726873e-18 7.544950320782507092e-21 8.400435755107635531e-22
4.032000000000000000e+03 1.616710781896056203e-19 1.843310309782073225e-19 9.516567159745717950e-22 1.321303672775156703e-18 7.497961081753991596e-21 8.357459103121317944e-22
4.042000000000000000e+03 1.617047550100321526e-19 1.851127886586041170e-19 9.469456574327990457e-22 1.320872315135753356e-18 7.450006355358323429e-21 8.315329405837635071e-22
4.052000000000000000e+03 1.617679323663780330e-19 1.858986843472320487e-19 9.424085084283867366e-22 1.320284301149113242e-18 7.401961489440319030e-21 8.274524428552836931e-22
4.062000000000000000e+03 1.618733426461349996e-19 1.866592941241771403e-19 9.380274136173568131e-22 1.319988101573806798e-18 7.354304913911098704e-21 8.234964540624447666e-22
4.072000000000000000e+03 1.619732160209415118e-19 1.873604224596954554e-19 9.337633975888412489e-22 1.319374060172612785e-18 7.308032109343261009e-21 8.196452931199919163e-22
4.082000000000000000e+03 1.621065429959243082e-19 1.879173428743223474e-19 9.294957720675376046e-22 1.318966971405957510e-18 7.263936562339327568e-21 8.158157540289570604e-22
4.092000000000000000e+03 1.622359979809720619e-19 1.884494061284039070e-19 9.255017719789758256e-22 1.318362688796115480e-18 7.222453759903086756e-21 8.122283246204003141e-22
4.102000000000000000e+03 1.624131720667528758e-19 1.889333369678147419e-19 9.218518568649057042e-22 1.318116121892510461e-18 7.183406586054441435e-21 8.089362348931825718e-22
4.112000000000000000e+03 1.626106019221982497e-19 1.893207929471431397e-19 9.184160987450443941e-22 1.317836161253456555e-18 7.146154381067425529e-21 8.058296864810002841e-22
4.122000000000000000e+03 1.627541196229928848e-19 1.895946609238112272e-19 9.151483640027842049e-22 1.317228397012079478e-18 7.109937848783164492e-21 8.028613867194555128e-22
4.132000000000000000e+03 1.629815766231644358e-19 1.897950423929629097e-19 9.122569433690222910e-22 1.317059184809243116e-18 7.073648522102617163e-21 8.001818484375282556e-22
4.142000000000000000e+03 1.631592022338769899e-19 1.898867865856605940e-19 9.095097543390200018e-22 1.316515244119826531e-18 7.036646547443184442e-21 7.975999008001658155e-22
4.152000000000000000e+03 1.633911993478022934e-19 1.899048839546106748e-19 9.071054661789052383e-22 1.316219972678455087e-18 6.998474460858801209e-21 7.952654644259399711e-22
4.162000000000000000e+03 1.635669786713140556e-19 1.898381449133082175e-19 9.048485608890290503e-22 1.315704710443615543e-18 6.959528626997335783e-21 7.930298397700085049e-22
4.172000000000000000e+03 1.637716006129461749e-19 1.897262590463259448e-19 9.028384155017973775e-22 1.314937981303004852e-18 6.921126806660423753e-21 7.909888253491639075e-22
4.182000000000000000e+03 1.639764541995843281e-19 1.895597562989340940e-19 9.009528922905246395e-22 1.314420506071549732e-18 6.885824325987128482e-21 7.890813553872794367e-22
4.192000000000000000e+03 1.641844265014633111e-19 1.893772817668380070e-19 8.992906414323624001e-22 1.313911319741420864e-18 6.856315471581741067e-21 7.874197118443094065e-22
4.202000000000000000e+03 1.643558094790534744e-19 1.891921183518383596e-19 8.977280974140653100e-22 1.313007630873305172e-18 6.834526570934780538e-21 7.859345727059232632e-22
4.212000000000000000e+03 1.645237627103910034e-19 1.890219372231330240e-19 8.962537408909868488e-22 1.312204111987240308e-18 6.821203780584582768e-21 7.846289547449565107e-22
4.222000000000000000e+03 1.647078576759210282e-19 1.888897321358742606e-19 8.949584446953738446e-22 1.311655820976750330e-18 6.815947847338257682e-21 7.835683225803067826e-22
4.232000000000000000e+03 1.648647629668354605e-19 1.888016996597015707e-19 8.935791498503293196e-22 1.311067319680115827e-18 6.817514832735200099e-21 7.825332694417907898e-22
4.242000000000000000e+03 1.650473990773239204e-19 1.887753626635591086e-19 8.922218906183924646e-22 1.310859104389137439e-18 6.824251422044485858e-21 7.815842053384443285e-22
4.252000000000000000e+03 1.652223290948948779e-19 1.888224863109645305e-19 8.909211074984783790e-22 1.310876510809415286e-18 6.834626945542779382e-21 7.807261306024203114e-22
4.262000000000000000e+03 1.653697591703015999e-19 1.889411106907673602e-19 8.894876974919517005e-22 1.310938638177211245e-18 6.847087946334163680e-21 7.797923650373370259e-22
4.272000000000000000e+03 1.655715602461717685e-19 1.890523123256588462e-19 8.878757407284538029e-22 1.311737171744590902e-18 6.860475230126071860e-21 7.787326254439815094e-22
4.282000000000000000e+03 1.657433653914569033e-19 1.892411057767971282e-19 8.862085913051498814e-22 1.312823130838631245e-18 6.873358045454157148e-21 7.776223858570776801e-22
4.292000000000000000e+03 1.659503884854824969e-19 1.895135879207995049e-19 8.845405591256939145e-22 1.314217424816643874e-18 6.884526919237256618e-21 7.764896664484531758e-22
4.302000000000000000e+03 1.661392050781574916e-19 1.898653792045680547e-19 8.828145728152876655e-22 1.315662257009892341e-18 6.892962495831489259e-21 7.752766039709870936e-22
4.312000000000000000e+03 1.663438966237674788e-19 1.902862969457959401e-19 8.810724834848642520e-22 1.317649293295372048e-18 6.898171578474837670e-21 7.740104866710666391e-22
4.322000000000000000e+03 1.665888460155672560e-19 1.907295281780530043e-19 8.792668223757699029e-22 1.319944643525220440e-18 6.899770497667251296e-21 7.726500498002910040e-22
4.332000000000000000e+03 1.668202194740369682e-19 1.912060433587650383e-19 8.773748665531700532e-22 1.322119226783097406e-18 6.897949954788368409e-21 7.711794332170453926e-22
4.342000000000000000e+03 1.670671978851449458e-19 1.916688578271906703e-19 8.754755768675992439e-22 1.324453398218827289e-18 6.892796156053214098e-21 7.696610108843387178e-22
4.352000000000000000e+03 1.673476346878895770e-19 1.921370591563082182e-19 8.735799935943330751e-22 1.326879627301428095e-18 6.884269228055219985e-21 7.681037772764700936e-22
4.362000000000000000e+03 1.676259455531914453e-19 1.925684521052747263e-19 8.717023666334756409e-22 1.329167050582959704e-18 6.872282061511583441e-21 7.665163612607754821e-22
4.372000000000000000e+03 1.679124336113583235e-19 1.929497765515695701e-19 8.698295708192246306e-22 1.331143523812810409e-18 6.857270837288597187e-21 7.648940990757525992e-22
4.382000000000000000e+03 1.682483067466872254e-19 1.932718258628785411e-19 8.680641748611797786e-22 1.333520030653074737e-18 6.839879158335776911e-21 7.633252588392669898e-22
4.392000000000000000e+03 1.685412047718903762e-19 1.935133512988875584e-19 8.662776202523098346e-22 1.335122957056739485e-18 6.820738099876986416e-21 7.617156182236489238e-22
4.402000000000000000e+03 1.688371480697754056e-19 1.936711768092029714e-19 8.645913137634206645e-22 1.336759490764174272e-18 6.800297033504920213e-21 7.601657540623719023e-22
4.412000000000000000e+03 1.691774445625532604e-19 1.937445204215810657e-19 8.630750669406283310e-22 1.338572835982298388e-18 6.778619224842731494e-21 7.587311607894701267e-22
4.422000000000000000e+03 1.694657127826512081e-19 1.937262954402046006e-19 8.615597294267014312e-22 1.339714229815087513e-18 6.755529906545930329e-21 7.572764272682704535e-22
4.432000000000000000e+03 1.697732281557982161e-19 1.936264073549816617e-19 8.601805692056445273e-22 1.340952345866606773e-18 6.730465895052179131e-21 7.559006001207842042e-22
4.442000000000000000e+03 1.700395355602758920e-19 1.934462166691878153e-19 8.588606676479076333e-22 1.341626228455208488e-18 6.703133755994366427e-21 7.545387896301771408e-22
4.452000000000000000e+03 1.703025212964715868e-19 1.931985747076947443e-19 8.576453394537263412e-22 1.342365187584246557e-18 6.673158194031486082e-21 7.532218528687862249e-22
4.462000000000000000e+03 1.705554480138074203e-19 1.928867844217898324e-19 8.563023529331124576e-22 1.342749797752584375e-18 6.641479423421389331e-21 7.517819133320614559e-22
4.472000000000000000e+03 1.707611706780947227e-19 1.925273176875985345e-19 8.549196329219345174e-22 1.342891865387402765e-18 6.609879861182027978e-21 7.503090523630626401e-22
4.482000000000000000e+03 1.709632386686149747e-19 1.921465939963214817e-19 8.536414829676441251e-22 1.342775954337268426e-18 6.580980766323398671e-21 7.489496141794566137e-22
4.492000000000000000e+03 1.711174239931878427e-19 1.917526183753065765e-19 8.524447552991047114e-22 1.342585422000676993e-18 6.557099551141760659e-21 7.477156390783748701e-22
4.502000000000000000e+03 1.712646228118687186e-19 1.913584530406580015e-19 8.512376470168957427e-22 1.341958683822453439e-18 6.539665435765891912e-21 7.465567019494889548e-22
4.512000000000000000e+03 1.713704200144545625e-19 1.909743820404725979e-19 8.500329054423268297e-22 1.341397373549867557e-18 6.528550986154311852e-21 7.454811722949040581e-22
4.522000000000000000e+03 1.714587360231991055e-19 1.906094593545609291e-19 8.486999630149073318e-22 1.340547346258882420e-18 6.522719231800510747e-21 7.443757217314811035e-22
4.532000000000000000e+03 1.715069233450976223e-19 1.902746682484078803e-19 8.472966553067037278e-22 1.339734547366430440e-18 6.520391364908905880e-21 7.432613036961984125e-22
4.542000000000000000e+03 1.715654640264770229e-19 1.899734290823545227e-19 8.458194014686106774e-22 1.338920658743408896e-18 6.519206483983958938e-21 7.421052092108095925e-22
4.552000000000000000e+03 1.715609603283400776e-19 1.897109089475226109e-19 8.441855405646092675e-22 1.337859303704402311e-18 6.516958313617990702e-21 7.408137226151010499e-22
4.562000000000000000e+03 1.715677376460758994e-19 1.894880401952927854e-19 8.424399523906186684e-22 1.336957027352485678e-18 6.512089999439954764e-21 7.394028589422209766e-22
4.572000000000000000e+03 1.715522671240418093e-19 1.893029261394837057e-19 8.405928574409114620e-22 1.335932532000850282e-18 6.503762760756837938e-21 7.378691082219944516e-22
4.582000000000000000e+03 1.715292573870844807e-19 1.891482557204519212e-19 8.385958678849556899e-22 1.334880763966187676e-18 6.491640789651825008e-21 7.361712097011163291e-22
4.592000000000000000e+03 1.714950255186942977e-19 1.890202015890531251e-19 8.365122023267743052e-22 1.333817422344474048e-18 6.475804655723236657e-21 7.343588743643215723e-22
4.602000000000000000e+03 1.714577811600005867e-19 1.889113083266571944e-19 8.343296751699009843e-22 1.332493295513271820e-18 6.456606921118242580e-21 7.324272067269580864e-22
4.612000000000000000e+03 1.714092062750634087e-19 1.888120153645482046e-19 8.320732708157897565e-22 1.331049659668618636e-18 6.434782327511140940e-21 7.304045947318027371e-22
4.622000000000000000e+03 1.713600438232529865e-19 1.887112994702276532e-19 8.298137274059905794e-22 1.329368054107440872e-18 6.411162305913118345e-21 7.283561560673544887e-22
4.632000000000000000e+03 1.713039651881615378e-19 1.886027145265826994e-19 8.275596684124109051e-22 1.327665375634447378e-18 6.387320324303897837e-21 7.263086180966487145e-22
4.642000000000000000e+03 1.712570414301520619e-19 1.884765650559537308e-19 8.254020995960103635e-22 1.325855323282238256e-18 6.364682472772425096e-21 7.243506418061424697e-22
4.652000000000000000e+03 1.711914165088578321e-19 1.883251358732233650e-19 8.232708506066798884e-22 1.324060319331548119e-18 6.345511370402496228e-21 7.224570000111711710e-22
4.662000000000000000e+03 1.711201144624130445e-19 1.880728428287875538e-19 8.208193782843024166e-22 1.322228685670815620e-18 6.332034556563650744e-21 7.203888574822215515e-22
4.672000000000000000e+03 1.710231547324694280e-19 1.878366481119069128e-19 8.187216814639255937e-22 1.320311788331205384e-18 6.326400385610324825e-21 7.186941872810438360e-22
4.682000000000000000e+03 1.709249713883826445e-19 1.875802226206732832e-19 8.168532516448209413e-22 1.318599838641860522e-18 6.330237130079312991e-21 7.172973296455903078e-22
4.692000000000000000e+03 1.708118402059096471e-19 1.872898516647709866e-19 8.152119172206047890e-22 1.317028790438484905e-18 6.344865917120089718e-21 7.162114817916163732e-22
4.702000000000000000e+03 1.706699855915180084e-19 1.869648343217718988e-19 8.137515762697016445e-22 1.315431200551797890e-18 6.371378695531065556e-21 7.154118560627464091e-22
4.712000000000000000e+03 1.705150480746797213e-19 1.866106858389223668e-19 8.125328653728178187e-22 1.313964901429686181e-18 6.409993425879440957e-21 7.149443623419034458e-22
4.722000000000000000e+03 1.703418359186508746e-19 1.862255951327578701e-19 8.115835671394121337e-22 1.312691546392493319e-18 6.460319861705162474e-21 7.148206683391924695e-22
4.732000000000000000e+03 1.701494808936917550e-19 1.858168393562989962e-19 8.108714563878243837e-22 1.311422955108377929e-18 6.520610154248074341e-21 7.149892983828460337e-22
4.742000000000000000e+03 1.699245599262042474e-19 1.853836275784136732e-19 8.103398392606104589e-22 1.310086943689398991e-18 6.588416334843585236e-21 7.153719629731882010e-22
4.752000000000000000e+03 1.696710276227704798e-19 1.849353235151352414e-19 8.099768069638753715e-22 1.308501264634064259e-18 6.659836924482045901e-21 7.159106443138945826e-22
4.762000000000000000e+03 1.693963486161213488e-19 1.844760386889140031e-19 8.097848491795938237e-22 1.306893113149061682e-18 6.729613038410315687e-21 7.165468736543144618e-22
4.772000000000000000e+03 1.690974572968886302e-19 1.840103182578002839e-19 8.097111759745795871e-22 1.305064788834129540e-18 6.790814124826812878e-21 7.171643642915041689e-22
4.782000000000000000e+03 1.687755448591639058e-19 1.835425564103868201e-19 8.096972146339565162e-22 1.303048174227653883e-18 6.836202047087428747e-21 7.176430494499807043e-22
4.792000000000000000e+03 1.684277537258312579e-19 1.830755218598024404e-19 8.096898177822117039e-22 1.300774397764383547e-18 6.861887202329458775e-21 7.179051790389493751e-22
4.802000000000000000e+03 1.680604036260587015e-19 1.826124674540127299e-19 8.096407171380112069e-22 1.298282619720452545e-18 6.871998109662468857e-21 7.179625030508051293e-22
4.812000000000000000e+03 1.676768489156219703e-19 1.821538202462640242e-19 8.095009681417918383e-22 1.295627214517122428e-18 6.878048792999607511e-21 7.179036464997642542e-22
4.822000000000000000e+03 1.672722778366166731e-19 1.817014583424929033e-19 8.091856876172331780e-22 1.292721518515422836e-18 6.891339695308257548e-21 7.177847464632232706e-22
4.832000000000000000e+03 1.668544858235934593e-19 1.812547266681651254e-19 8.086817799207410124e-22 1.289673446150706010e-18 6.917035636172467866e-21 7.176501160793600594e-22
4.842000000000000000e+03 1.664239932513120912e-19 1.808119383149618600e-19 8.079143798892081183e-22 1.286502480918957683e-18 6.954223502283765540e-21 7.174274897700925646e-22
4.852000000000000000e+03 1.659845685839105228e-19 1.803706323056690690e-19 8.062414228712615888e-22 1.283220295003646406e-18 6.999420156637677510e-21 7.165683245247689040e-22
4.862000000000000000e+03 1.655361116580564333e-19 1.799332199950555326e-19 8.046357338960578509e-22 1.279830881623223070e-18 7.047678264055840521e-21 7.157842367173489233e-22
4.872000000000000000e+03 1.650840006940622549e-19 1.794991617131289104e-19 8.027866161410947732e-22 1.276397169941555859e-18 7.094461836550272397e-21 7.147819369701287114e-22
4.882000000000000000e+03 1.646274451688879282e-19 1.790644336649476087e-19 8.007186715124065906e-22 1.272929786839492562e-18 7.135970341843516176e-21 7.135427696181413589e-22
4.892000000000000000e+03 1.641688588740966751e-19 1.786285173676797331e-19 7.983431526920798583e-22 1.269436901072099309e-18 7.169641719511911432e-21 7.119726014945449814e-22
4.902000000000000000e+03 1.637100320070070427e-19 1.781921382418727302e-19 7.956911528232317167e-22 1.265919578769121146e-18 7.193701492030472556e-21 7.100811478124854427e-22
4.912000000000000000e+03 1.632499246370408132e-19 1.777528002442750099e-19 7.926923652482879208e-22 1.262365180699055906e-18 7.207777313120727027e-21 7.078112648323679439e-22
4.922000000000000000e+03 1.627901428836228452e-19 1.773118701736330814e-19 7.894312150892789718e-22 1.258780951849480169e-18 7.211838085216719961e-21 7.052321489280079955e-22
4.932000000000000000e+03 1.623309142021896588e-19 1.768693458460684158e-19 7.858956185153921277e-22 1.255167784556105130e-18 7.206224512382005614e-21 7.023392321638752527e-22
4.942000000000000000e+03 1.618728290796878131e-19 1.764263325754651166e-19 7.821179732987330276e-22 1.251537740327426602e-18 7.191572287519879357e-21 6.991657867234178296e-22
4.952000000000000000e+03 1.614161125880423088e-19 1.759829625446646264e-19 7.781295017797392071e-22 1.247901435869159589e-18 7.169592534168332061e-21 6.957538388741416729e-22
4.962000000000000000e+03 1.609614874964836274e-19 1.755411322644720456e-19 7.739696893644120704e-22 1.244271899019960082e-18 7.142422421735084860e-21 6.921556192322362410e-22
4.972000000000000000e+03 1.605092658006827862e-19 1.751011105948239609e-19 7.696744307142271498e-22 1.240658167948395976e-18 7.112143766014158818e-21 6.884196225766335790e-22
4.982000000000000000e+03 1.600597177915526726e-19 1.746638236675947894e-19 7.652868798234341323e-22 1.237068541757566352e-18 7.080378524179715693e-21 6.845956687818207914e-22
4.992000000000000000e+03 1.596132930500530188e-19 1.742320871748423905e-19 7.608543913603713156e-22 1.233501350656649300e-18 7.047806361306372364e-21 6.807280763872135628e-22
5.002000000000000000e+03 1.591701057709814797e-19 1.738076909547206584e-19 7.564279916078122946e-22 1.229961372414262042e-18 7.013860422058375038e-21 6.768524642831705348e-22
