# els,n0s['EB'],n0s[q'EE'],n0s['TT'],n0s['TB'],n0s['TE'], mv
2.000000000000000000e+00 7.015486438537372623e-09 5.235644017680509509e-09 1.379197302679554319e-08 6.862315695612342090e-08 7.289452821609552065e-09 1.792747451209235332e-09
1.020000000000000000e+02 1.045316214297605630e-15 9.829882307508109367e-16 2.243758992863157031e-15 1.026574988226382889e-14 1.408067731075698851e-15 3.098623386827431915e-16
2.020000000000000000e+02 6.959824032139193729e-17 1.258251334823959517e-16 1.788291830604325366e-16 6.947417260656026879e-16 2.175107597127905055e-16 2.945985087159053991e-17
3.020000000000000000e+02 1.464392642509287429e-17 5.416811788229676177e-17 4.082999857445183322e-17 1.501566853770175203e-16 1.573111589192011483e-16 8.047831513608914184e-18
4.020000000000000000e+02 5.006295087675875536e-18 1.873301758932037561e-17 1.301671110460535985e-17 5.134814546269299018e-17 5.727860863168821415e-17 2.725627870045404655e-18
5.020000000000000000e+02 2.227591949183510701e-18 7.318516701661635054e-18 5.259365967155811216e-18 2.287277146538780466e-17 2.173826382975563835e-17 1.155516467721933141e-18
6.020000000000000000e+02 1.188861703554732678e-18 4.061629731055585228e-18 2.549078207975031105e-18 1.220718548635012192e-17 1.467133293087735813e-17 6.136004206063967967e-19
7.020000000000000000e+02 7.193586355401190212e-19 2.324951324829026522e-18 1.357429783938516107e-18 7.528289574433283441e-18 8.580361252427866045e-18 3.563401264670127043e-19
8.020000000000000000e+02 4.729732944928241070e-19 1.332330967872032749e-18 7.748705124602538358e-19 5.013320056362046687e-18 4.598452703184896453e-18 2.187073615159883662e-19
9.020000000000000000e+02 3.347566988092548153e-19 8.760863161856688343e-19 4.751201529972194081e-19 3.510554160220638649e-18 3.145457416891031786e-18 1.462803309063859601e-19
1.002000000000000000e+03 2.504826044095441399e-19 6.034843028989899717e-19 3.049485883894600253e-19 2.605338587653702088e-18 2.153330714802636818e-18 1.022829290173916157e-19
1.102000000000000000e+03 1.937205657769630145e-19 4.123343631927964663e-19 2.022192207347911085e-19 2.017697682122149483e-18 1.390685674441020544e-18 7.274259749015553091e-20
1.202000000000000000e+03 1.548356853174240202e-19 3.010276265964241520e-19 1.392581241251288993e-19 1.600342174339736834e-18 1.003204381434008444e-18 5.381263736295251197e-20
1.302000000000000000e+03 1.273352986501081501e-19 2.291048210306895962e-19 9.848083865484831484e-20 1.314325747725478426e-18 7.439890226868628349e-19 4.085416571904841114e-20
1.402000000000000000e+03 1.063745375930369394e-19 1.733861481881948327e-19 7.089305678970841300e-20 1.101041391384335915e-18 5.301775068890759522e-19 3.118337975990100198e-20
1.502000000000000000e+03 9.019727202336420359e-20 1.358229914035353266e-19 5.225697497303651875e-20 9.252344872214211203e-19 3.974048197982201488e-19 2.428205968903777860e-20
1.602000000000000000e+03 7.750351321558597648e-20 1.101559830807849607e-19 3.928666453991127189e-20 7.888332958785903761e-19 3.084507153974141641e-19 1.925138641474865809e-20
1.702000000000000000e+03 6.696730399615108026e-20 8.931055048219671247e-20 2.992777068346467511e-20 6.815123147017941332e-19 2.350323377837678926e-19 1.532205752416797529e-20
1.802000000000000000e+03 5.813287187269535813e-20 7.376771742112633107e-20 2.318857655582491263e-20 5.908806284528953092e-19 1.833450347491708764e-19 1.234121396665701979e-20
1.902000000000000000e+03 5.077141414933071970e-20 6.260691223153851859e-20 1.824039076358849015e-20 5.158550877002279338e-19 1.471820016085617748e-19 1.007810281034609803e-20
2.002000000000000000e+03 4.450216689105984623e-20 5.332386936820610111e-20 1.449338287722419940e-20 4.533547617976315729e-19 1.169874094153278478e-19 8.266180643464200891e-21
2.102000000000000000e+03 3.912195557021486001e-20 4.589957844285706932e-20 1.166885499906398111e-20 3.990010324872388053e-19 9.403183611015824812e-20 6.840555720990747893e-21
2.202000000000000000e+03 3.453758055319042901e-20 4.034339173885680271e-20 9.522811822076085485e-21 3.524036784696880531e-19 7.735913216494577761e-20 5.730115482956431717e-21
2.302000000000000000e+03 3.061148131610533708e-20 3.564676608353509097e-20 7.852163906034530903e-21 3.129977534434670518e-19 6.363796750194443895e-20 4.831320551208864520e-21
2.402000000000000000e+03 2.722804344743382907e-20 3.167951614645764433e-20 6.549004072157316964e-21 2.792654493165530448e-19 5.289186369219116593e-20 4.107193242991981094e-21
2.502000000000000000e+03 2.432993426631823264e-20 2.865013395610191546e-20 5.522432805955386031e-21 2.503056167660049052e-19 4.469253188257923376e-20 3.527892918526721859e-21
2.602000000000000000e+03 2.185659224559068199e-20 2.602971083263516941e-20 4.698165589309345877e-21 2.254477188536054772e-19 3.768997233749673957e-20 3.048898251226251722e-21
2.702000000000000000e+03 1.973011180027794560e-20 2.369551394185242614e-20 4.036379516096901532e-21 2.040379225574639480e-19 3.213227449567337447e-20 2.654948000383186462e-21
2.802000000000000000e+03 1.790868235842360434e-20 2.198810028050401321e-20 3.500295498158620639e-21 1.856977380234010147e-19 2.776784587793443292e-20 2.334233698083431443e-21
2.902000000000000000e+03 1.635923411088870535e-20 2.051738885488473015e-20 3.063394400047512248e-21 1.698144052501100158e-19 2.396491256425494088e-20 2.066463960878812319e-21
3.002000000000000000e+03 1.502643893997635339e-20 1.902794012641917293e-20 2.705889001936989953e-21 1.560538391206470615e-19 2.095961053122556977e-20 1.842343898886367519e-21
3.102000000000000000e+03 1.388528348020034035e-20 1.804606498626404355e-20 2.404741433063905097e-21 1.445313530480279772e-19 1.863982628541430959e-20 1.656053997098218603e-21
3.202000000000000000e+03 1.292472969968181456e-20 1.726675967182147579e-20 2.150565114376756191e-21 1.346606482847952835e-19 1.642150561714507042e-20 1.495658793931412927e-21
3.302000000000000000e+03 1.210249898166166027e-20 1.628385260914937743e-20 1.941028173120913826e-21 1.260292780604278404e-19 1.465515634098468350e-20 1.359806039645406096e-21
3.402000000000000000e+03 1.140418870009114973e-20 1.578990355821461168e-20 1.758716307281363085e-21 1.189858225606531461e-19 1.331450579297415494e-20 1.245135191859424480e-21
3.502000000000000000e+03 1.084961348841967037e-20 1.565233546625994545e-20 1.603593995013987890e-21 1.130354721639912314e-19 1.193640983705153641e-20 1.146419930038280077e-21
3.602000000000000000e+03 1.039353781720171880e-20 1.504105115198001544e-20 1.481914391398098805e-21 1.076374123939987997e-19 1.080470102798192771e-20 1.064572820193840520e-21
3.702000000000000000e+03 1.001820665186399612e-20 1.479714978169265707e-20 1.377333499628955922e-21 1.037424538047974812e-19 1.020745200914995391e-20 9.989547793443492645e-22
3.802000000000000000e+03 9.764245549530408951e-21 1.501417994106679934e-20 1.283671091033837980e-21 1.012336380866275801e-19 9.395420993152118294e-21 9.395433115019060681e-22
3.902000000000000000e+03 9.586339270399826437e-21 1.458630937222066125e-20 1.212238431760797788e-21 9.880879676888323063e-20 8.656741311525016697e-21 8.901309301511497687e-22
4.002000000000000000e+03 9.454468338558704319e-21 1.444745912480725025e-20 1.150453149892747566e-21 9.740411803184583520e-20 8.293731296321957664e-21 8.510286143509882835e-22
4.102000000000000000e+03 9.446063491424226909e-21 1.491245859505911666e-20 1.096436208724248293e-21 9.693966307747961006e-20 7.772127590233327645e-21 8.170277837352424434e-22
4.202000000000000000e+03 9.506021710462642394e-21 1.454344824318065061e-20 1.072388611895926783e-21 9.641142136830002067e-20 7.312163473864562132e-21 7.977125512871552231e-22
4.302000000000000000e+03 9.540239569747179851e-21 1.406601697341436749e-20 1.062543626573447162e-21 9.658721009098852577e-20 7.439306123353360866e-21 7.925030447152967771e-22
4.402000000000000000e+03 9.614433630731390392e-21 1.395966853129953721e-20 1.047212617297033339e-21 9.862108575955562566e-20 7.281699128530696325e-21 7.824532970401401020e-22
4.502000000000000000e+03 9.653240839767204903e-21 1.327557648865017569e-20 1.038719939534704114e-21 9.901451683697829287e-20 6.927047748745957062e-21 7.715436021381522325e-22
4.602000000000000000e+03 9.538253148215675148e-21 1.251744029536478911e-20 1.022591918883252885e-21 9.779817181234666864e-20 6.728354825890198392e-21 7.567235151044871738e-22
4.702000000000000000e+03 9.352032250401526822e-21 1.188795455765040351e-20 9.963173607808521134e-22 9.569550065216814108e-20 6.524756258946400121e-21 7.361299043451117681e-22
4.802000000000000000e+03 9.053834437622153481e-21 1.116806347312609054e-20 9.937812170142762819e-22 9.351664955490929860e-20 6.938563287648495201e-21 7.347190298497199281e-22
4.902000000000000000e+03 8.657824880873979656e-21 1.045261256745936237e-20 9.734483616673602932e-22 8.974416728398894924e-20 7.176753784996734167e-21 7.199788339327029334e-22
5.002000000000000000e+03 8.256546493833300285e-21 9.811983593988094068e-21 9.089613666557790528e-22 8.560647634391639329e-20 6.792791679661963476e-21 6.747250374999035498e-22
