# els,n0s['EB'],n0s[q'EE'],n0s['TT'],n0s['TB'],n0s['TE'], mv
2.000000000000000000e+00 4.859632234674303908e-08 1.558959131112765022e-08 1.102587881576459010e-08 3.834212581359257450e-07 1.376607382352929746e-08 3.989321042488910480e-09
1.020000000000000000e+02 7.171776627172812219e-15 3.032677390583629554e-15 1.781726779993161020e-15 5.666511449771335006e-14 2.648485325693525313e-15 7.014333393704621082e-16
2.020000000000000000e+02 4.695249939555688426e-16 4.495120108821713316e-16 1.397794559077683746e-16 3.833291304082455544e-15 4.148068703306171284e-16 7.052083350248257278e-17
3.020000000000000000e+02 1.004811635701963591e-16 2.713222956914021891e-16 3.155917655905291393e-17 8.871070442886121106e-16 3.359282749776909472e-16 2.023130119267421230e-17
4.020000000000000000e+02 3.599913736681556021e-17 9.886275225278351846e-17 1.005647669629294343e-17 3.151713769576299260e-16 1.267647210313697647e-16 6.738844714513093747e-18
5.020000000000000000e+02 1.633828438218466940e-17 3.934728390088857155e-17 4.064145598405206332e-18 1.433570452106305120e-16 4.653352231659583178e-17 2.769006927362451778e-18
6.020000000000000000e+02 9.054105617409325360e-18 2.491074164932403700e-17 1.967378663526099866e-18 7.708504274520420292e-17 3.295832405918585052e-17 1.424105738459420901e-18
7.020000000000000000e+02 5.791439498800200947e-18 1.504253240410027844e-17 1.048068642191292240e-18 5.034806036300063071e-17 1.944476544470685081e-17 7.907812298535799261e-19
8.020000000000000000e+02 3.926546971082383016e-18 8.885336744404327820e-18 5.986598233449591965e-19 3.505442558868170875e-17 9.850307562867856229e-18 4.613256577557359862e-19
9.020000000000000000e+02 2.908003601167441057e-18 6.274522220138683789e-18 3.670379488587286517e-19 2.485122687785729166e-17 6.557274502196526844e-18 2.923541515092476291e-19
1.002000000000000000e+03 2.314651636934158196e-18 4.546879566470479178e-18 2.356675887732799314e-19 1.896903541526443975e-17 4.408336348180317375e-18 1.932446758245569351e-19
1.102000000000000000e+03 1.851373426922226322e-18 3.250111803750180805e-18 1.563395814170341101e-19 1.527773464038194817e-17 2.720483793987747398e-18 1.302559832026729194e-19
1.202000000000000000e+03 1.533360802556991682e-18 2.510421397753249816e-18 1.076671271783426762e-19 1.220351311471423578e-17 1.864888777147379727e-18 9.126955317759094819e-20
1.302000000000000000e+03 1.324604993137387495e-18 2.004166144228822630e-18 7.617337875540645224e-20 1.037506023517605032e-17 1.333906218401521930e-18 6.566888700086635193e-20
1.402000000000000000e+03 1.139937137715576493e-18 1.592203376168094210e-18 5.485426015400848709e-20 9.071301445995887888e-18 9.103822902146034037e-19 4.774613445477098998e-20
1.502000000000000000e+03 9.934520950846392019e-19 1.307125991928718207e-18 4.043406018337832582e-20 7.681569351959020152e-18 6.449257953465724910e-19 3.548112324603670657e-20
1.602000000000000000e+03 8.857675478201751235e-19 1.103461760113062504e-18 3.040654228384888502e-20 6.703542113671731145e-18 4.789027888125693828e-19 2.691055248065765889e-20
1.702000000000000000e+03 7.838080840714921969e-19 9.328519349534675646e-19 2.316806003873232141e-20 6.014037629658725980e-18 3.511535514416525448e-19 2.060805710645814443e-20
1.802000000000000000e+03 6.931442609600814158e-19 7.973924879805754101e-19 1.795192583472513793e-20 5.317715051007782550e-18 2.608550207087662201e-19 1.601980909799002357e-20
1.902000000000000000e+03 6.202300519461416996e-19 6.965889851572407852e-19 1.412814158765613224e-20 4.773400079022143952e-18 2.005399275355336552e-19 1.265428391074242286e-20
2.002000000000000000e+03 5.553419051328470491e-19 6.110282389988177976e-19 1.123103908139347543e-20 4.355592974309422379e-18 1.539163635327572793e-19 1.008035459868633874e-20
2.102000000000000000e+03 4.979012624143756437e-19 5.355917356627545971e-19 9.044790443542840379e-21 3.924068808066304822e-18 1.187573530818649817e-19 8.122699953296344677e-21
2.202000000000000000e+03 4.496645674374745015e-19 4.780135501491150772e-19 7.387489905927510887e-21 3.553564405989461933e-18 9.410460868994504056e-20 6.640647473439545931e-21
2.302000000000000000e+03 4.077812131632619648e-19 4.295985582169330527e-19 6.097829663993722692e-21 3.256449917806415723e-18 7.523138970576039371e-20 5.483290946524804347e-21
2.402000000000000000e+03 3.710395615441188226e-19 3.835230898946315610e-19 5.091737705244865276e-21 2.983200019543637235e-18 6.049017591388438728e-20 4.575277846913198510e-21
2.502000000000000000e+03 3.394421962389474352e-19 3.479179701900070670e-19 4.303001535654602124e-21 2.740228501146171964e-18 4.950529415431976726e-20 3.864271884449919113e-21
2.602000000000000000e+03 3.120794591742341079e-19 3.188269785164927916e-19 3.670793876405112593e-21 2.534729960459509687e-18 4.080475630765107613e-20 3.293125248260177684e-21
2.702000000000000000e+03 2.881597451839984833e-19 2.895679028340306396e-19 3.163102714415690569e-21 2.348221050034904323e-18 3.387937911896439223e-20 2.832770230612108558e-21
2.802000000000000000e+03 2.673078944790202426e-19 2.670055478721744160e-19 2.755006397010342646e-21 2.181455981810852593e-18 2.858487319532183589e-20 2.463638202161602660e-21
2.902000000000000000e+03 2.491066397596775054e-19 2.494565984720606221e-19 2.423624109760169448e-21 2.036745504598778515e-18 2.431730972966088155e-20 2.163367825886021348e-21
3.002000000000000000e+03 2.330946314412689058e-19 2.309908275140797475e-19 2.151836226867251310e-21 1.908698229624482201e-18 2.086153236965047528e-20 1.916451546813024925e-21
3.102000000000000000e+03 2.190705655421494217e-19 2.173213651695364082e-19 1.925036001401088973e-21 1.797898109746912398e-18 1.814743065367968091e-20 1.711457071772946430e-21
3.202000000000000000e+03 2.069191721394657035e-19 2.075661217491077055e-19 1.734618109560723036e-21 1.701849126469542290e-18 1.583935924234669427e-20 1.538774552572185089e-21
3.302000000000000000e+03 1.962774290158970497e-19 1.965325005633012362e-19 1.575899633616165384e-21 1.616498193716431786e-18 1.395703429237858795e-20 1.394683986134913711e-21
3.402000000000000000e+03 1.870979574085587834e-19 1.898188844679760876e-19 1.438432330019837479e-21 1.545405252312567521e-18 1.249532117825542342e-20 1.271469896484920065e-21
3.502000000000000000e+03 1.796618077501544792e-19 1.870534375471295816e-19 1.322088274447684333e-21 1.484792505551294491e-18 1.118215403437492287e-20 1.166326391445711240e-21
3.602000000000000000e+03 1.734888551573195446e-19 1.815626570152605525e-19 1.228201721981496277e-21 1.429728573012167645e-18 1.009660707513226190e-20 1.080832307286639390e-21
3.702000000000000000e+03 1.684478236829610600e-19 1.796821747482359826e-19 1.146204641051749579e-21 1.389288791174995251e-18 9.384651778021247482e-21 1.008854461365290173e-21
3.802000000000000000e+03 1.651535888989146897e-19 1.818867935528669156e-19 1.073242700603746138e-21 1.362727537721978542e-18 8.641673929524580141e-21 9.436092192487863198e-22
3.902000000000000000e+03 1.630278490956100737e-19 1.799673907720063648e-19 1.015525070968586922e-21 1.337483042313707233e-18 7.986814360308933032e-21 8.909822660610957693e-22
4.002000000000000000e+03 1.617088201447668760e-19 1.815624598418795531e-19 9.644927957636718638e-22 1.322995820787782909e-18 7.606384669918460405e-21 8.469333584744301625e-22
4.102000000000000000e+03 1.624132009352241582e-19 1.882171986233645141e-19 9.198347530942269628e-22 1.318115976850013948e-18 7.167273035295686523e-21 8.071652544852802357e-22
4.202000000000000000e+03 1.643558395960711471e-19 1.884434846376411608e-19 8.955809900821435193e-22 1.313007490136862725e-18 6.804260280141402004e-21 7.838754035094887002e-22
4.302000000000000000e+03 1.661392361745261169e-19 1.890659164785539693e-19 8.805094342730852722e-22 1.315662122556039832e-18 6.875395850624524850e-21 7.732632621944634047e-22
4.402000000000000000e+03 1.688371802030198148e-19 1.928175517415880088e-19 8.622083436646430888e-22 1.336759368895977164e-18 6.767179116017629238e-21 7.578962920080795059e-22
4.502000000000000000e+03 1.712646556096363087e-19 1.904954115994271154e-19 8.487109722150401567e-22 1.341958572935382709e-18 6.524239294638428089e-21 7.443990153647247492e-22
4.602000000000000000e+03 1.714578133278711458e-19 1.880319047886101897e-19 8.317381646243392485e-22 1.332493200640304727e-18 6.423123234038459760e-21 7.299856159007849162e-22
4.702000000000000000e+03 1.706700162551547308e-19 1.860820094956163040e-19 8.110683757808554565e-22 1.315431114858851758e-18 6.353101682778339052e-21 7.130945686933170777e-22
4.802000000000000000e+03 1.680604314718077629e-19 1.817463012017259562e-19 8.068220695233382826e-22 1.298282545375293067e-18 6.829251627712989898e-21 7.152655052153215270e-22
4.902000000000000000e+03 1.637100556990173132e-19 1.773388339031815700e-19 7.927523680818930600e-22 1.265919497970463359e-18 7.164447689082437124e-21 7.074420811854241802e-22
5.002000000000000000e+03 1.591701259347207126e-19 1.729722217817579426e-19 7.536779317452557139e-22 1.229961254657390535e-18 6.965962515149923134e-21 6.741911930420977225e-22
