# els,n0s['EB'],n0s[q'EE'],n0s['TT'],n0s['TB'],n0s['TE'], mv
2.000000000000000000e+00 2.368584780347750345e-09 3.205568637970919615e-09 4.921496122238043540e-09 2.338837714933163575e-08 4.552247833955889456e-09 8.334942057312119448e-10
1.200000000000000000e+01 1.827654679270547372e-12 2.480610145255259649e-12 3.800954120711554648e-12 1.804556795549245407e-11 3.524283800575310756e-12 6.441105018583382437e-13
2.200000000000000000e+01 1.617987058152457169e-13 2.211290565713854399e-13 3.371500334778063053e-13 1.597239263992139057e-12 3.145085311218673301e-13 5.722641419371298822e-14
3.200000000000000000e+01 3.615564426494977319e-14 4.995525979457972801e-14 7.556076421666671558e-14 3.567891594965771291e-13 7.117912227835377313e-14 1.285969666627133307e-14
4.200000000000000000e+01 1.218912719473357469e-14 1.709290029939453158e-14 2.557142206084111320e-14 1.202196376634234891e-13 2.441863547559783227e-14 4.368324090388188202e-15
5.200000000000000000e+01 5.190892696151424270e-15 7.416725907132472532e-15 1.094088021071225104e-14 5.116732040392156095e-14 1.063286029397516371e-14 1.878048559465787025e-15
6.200000000000000000e+01 2.570779953265899081e-15 3.757022708296682821e-15 5.448104871372077042e-15 2.532934631959206618e-14 5.410867432502463190e-15 9.407351639341411005e-16
7.200000000000000000e+01 1.415010235438446967e-15 2.123372771652887162e-15 3.017411201238308527e-15 1.393998053534761439e-14 3.075719705479364608e-15 5.246780424962718784e-16
8.200000000000000000e+01 8.420924484052864169e-16 1.302541587433961072e-15 1.808161631923742120e-15 8.298242144299567374e-15 1.900135116116863590e-15 3.169490138653781383e-16
9.200000000000000000e+01 5.321581879432096512e-16 8.517479326326553067e-16 1.151347994732877921e-15 5.247801103752415291e-15 1.253186846626140646e-15 2.036549753508568158e-16
1.020000000000000000e+02 3.526978880633003070e-16 5.863741331084478701e-16 7.693476106699010794e-16 3.481831449929866867e-15 8.715614751502250866e-16 1.374559618568718349e-16
1.120000000000000000e+02 2.429755631592056164e-16 4.211915783599667650e-16 5.346519220525358776e-16 2.401828790614990876e-15 6.335736678487089510e-16 9.657235420593147080e-17
1.220000000000000000e+02 1.728360749209430775e-16 3.135503992829274230e-16 3.838250365416274044e-16 1.710939058048989329e-15 4.782637003935331525e-16 7.014672070258844120e-17
1.320000000000000000e+02 1.263040760901094878e-16 2.406621383514639793e-16 2.831822298864599316e-16 1.252073125984807722e-15 3.730230513013387599e-16 5.240163618492802231e-17
1.420000000000000000e+02 9.444885404692610651e-17 1.896694070691863375e-16 2.138489459903641394e-16 9.375065166368094243e-16 2.994331945084418204e-16 4.009209508441530942e-17
1.520000000000000000e+02 7.204644222202191587e-17 1.529763282368325638e-16 1.647551562525537138e-16 7.159661671555951381e-16 2.466014367243010331e-16 3.131032303426865240e-17
1.620000000000000000e+02 5.592042279712308177e-17 1.259146038513354629e-16 1.291542966432432700e-16 5.562852654902104703e-16 2.078272547650764759e-16 2.489020361803113211e-17
1.720000000000000000e+02 4.407357016098280662e-17 1.055147449238796275e-16 1.027924014972168064e-16 4.388602348412587556e-16 1.788450701485376396e-16 2.009440734472185677e-17
1.820000000000000000e+02 3.521278004106492024e-17 8.982957940841524725e-17 8.290704869345691709e-17 3.509842490627771958e-16 1.568555684158309849e-16 1.644274558073412477e-17
1.920000000000000000e+02 2.847894270771462170e-17 7.754715462998855663e-17 6.765848726652040659e-17 2.841986583774185373e-16 1.399699570738149055e-16 1.361429420962317931e-17
2.020000000000000000e+02 2.328805331852088062e-17 6.776143990940812841e-17 5.579182487335998743e-17 2.327379320653628244e-16 1.268792669786245582e-16 1.138951034149639970e-17
2.120000000000000000e+02 1.923490414556799476e-17 5.983256533186329058e-17 4.643418369310782801e-17 1.925887045863767352e-16 1.166509164237468017e-16 9.615108667315877538e-18
2.220000000000000000e+02 1.603312510191039808e-17 5.329930814160578055e-17 3.896644977874488433e-17 1.609046224068231444e-16 1.085992338158826252e-16 8.182035589826288262e-18
2.320000000000000000e+02 1.347694392637022335e-17 4.782321454478966379e-17 3.294236076736152348e-17 1.356333815059521869e-16 1.022003591148773798e-16 7.011407553954403261e-18
2.420000000000000000e+02 1.141626195786451694e-17 4.315232232019939908e-17 2.803546797945299166e-17 1.152734845202434294e-16 9.703462548323822077e-17 6.045298832303994427e-18
2.520000000000000000e+02 9.740083771855635704e-18 3.909725729557387387e-17 2.400293963265290113e-17 9.871227922228493697e-17 9.274712433970724165e-17 5.240546746540537419e-18
2.620000000000000000e+02 8.365300370598589962e-18 3.551544629202898901e-17 2.066251401314211928e-17 8.511600934319653697e-17 8.902195878562165000e-17 4.564607792510040966e-18
2.720000000000000000e+02 7.228969511200516066e-18 3.230044530327723828e-17 1.787517450759120499e-17 7.385385517814775870e-17 8.556863028451852750e-17 3.992622934696751683e-18
2.820000000000000000e+02 6.282921155696385682e-18 2.937454040046905889e-17 1.553398461638948993e-17 6.444460389833094811e-17 8.212099076971347412e-17 3.505401073444917170e-18
2.920000000000000000e+02 5.489934228491101326e-18 2.668320873134795845e-17 1.355581836534557204e-17 5.651863159880090552e-17 7.844889012020872057e-17 3.087965719957353528e-18
3.020000000000000000e+02 4.820991144263037963e-18 2.419062171475158810e-17 1.187526631856161015e-17 4.979042497611548717e-17 7.438119935136696600e-17 2.728500762502903182e-18
3.120000000000000000e+02 4.253282875533011138e-18 2.187531455609595683e-17 1.044056835311549430e-17 4.403841427291755808e-17 6.982973862631712697e-17 2.417594152133342807e-18
3.220000000000000000e+02 3.768743196191658889e-18 1.972618625383511664e-17 9.210203122003434748e-18 3.908994820684697602e-17 6.480641665834624625e-17 2.147663388987575541e-18
3.320000000000000000e+02 3.352960275614371702e-18 1.773866764506245387e-17 8.150804112974033035e-18 3.480988425525030567e-17 5.942015132891417846e-17 1.912550550816473584e-18
3.420000000000000000e+02 2.994360834581102662e-18 1.591133121028346035e-17 7.235061100617576714e-18 3.109181196417039373e-17 5.385055135595380192e-17 1.707189850797657090e-18
3.520000000000000000e+02 2.683593016375475948e-18 1.424323322245088579e-17 6.440791966218403475e-18 2.785118778294143198e-17 4.830613586240253290e-17 1.527392995143632450e-18
3.620000000000000000e+02 2.413055435948755086e-18 1.273211357555450808e-17 5.749704752812197365e-18 2.501990463710550652e-17 4.298168049214424052e-17 1.369657014058957063e-18
3.720000000000000000e+02 2.176535098702295518e-18 1.137347487817022641e-17 5.146510003742943979e-18 2.254200035533428651e-17 3.802799422098388390e-17 1.231020429774336539e-18
3.820000000000000000e+02 1.968926524737615781e-18 1.016038668207707944e-17 4.618584222283413510e-18 2.037031835498352836e-17 3.353959330548127818e-17 1.108972606836239526e-18
3.920000000000000000e+02 1.786012622905427705e-18 9.083798668133945415e-18 4.155231333841160643e-18 1.846407319594547102e-17 2.955747061545369140e-17 1.001357165996854589e-18
4.020000000000000000e+02 1.624292712942175615e-18 8.133140047024211957e-18 3.747523498777211265e-18 1.678726985116222572e-17 2.608061764649271775e-17 9.063218406675067728e-19
4.120000000000000000e+02 1.480846091048067459e-18 7.296936205877075627e-18 3.387844274779286374e-18 1.530788775086715173e-17 2.307989158588280322e-17 8.222602595912362789e-19
4.220000000000000000e+02 1.353223861622466288e-18 6.563460731657279188e-18 3.069732579179546634e-18 1.399764057495865370e-17 2.051048457198459707e-17 7.477797753405633989e-19
4.320000000000000000e+02 1.239362335173443348e-18 5.921244494236233603e-18 2.787778571041228976e-18 1.283200903696480272e-17 1.832128874589947657e-17 6.816772279242069647e-19
4.420000000000000000e+02 1.137513729140711089e-18 5.359405354249119079e-18 2.537276574307971971e-18 1.179024175308145699e-17 1.646088841036770592e-17 6.229025815432875987e-19
4.520000000000000000e+02 1.046190260641932570e-18 4.867876043493135230e-18 2.314175639207729777e-18 1.085514662320536213e-17 1.488111811711785584e-17 5.705423543294877008e-19
4.620000000000000000e+02 9.641192215750762845e-19 4.437521533127157515e-18 2.115038417264110329e-18 1.001267541451227567e-17 1.353876956463846852e-17 5.238050666728913130e-19
4.720000000000000000e+02 8.902066246970792713e-19 4.060169924758913110e-18 1.936869956692101450e-18 9.251384494639741565e-18 1.239609276233261375e-17 4.819998939041786466e-19
4.820000000000000000e+02 8.235076871766690957e-19 3.728588995919729748e-18 1.777080978545231705e-18 8.561878804460765803e-18 1.142064458587781996e-17 4.445246954593322891e-19
4.920000000000000000e+02 7.632028732050349802e-19 3.436444588767396028e-18 1.633480298563598924e-18 7.936320142844938378e-18 1.058485948508523060e-17 4.108575854095471889e-19
5.020000000000000000e+02 7.085783415584488382e-19 3.178199007942588124e-18 1.504111216656530150e-18 7.368032763485243029e-18 9.865340978189853543e-18 3.805390759270653663e-19
5.120000000000000000e+02 6.590099874751278620e-19 2.949042952270487912e-18 1.387320148206002257e-18 6.851210375335466500e-18 9.242282371428735448e-18 3.531705844126725803e-19
5.220000000000000000e+02 6.139502854028304721e-19 2.744809550816214911e-18 1.281640282875135905e-18 6.380710423048242396e-18 8.698840137380663600e-18 3.284017542497230074e-19
5.320000000000000000e+02 5.729174110981788630e-19 2.561896978640109701e-18 1.185806239039179771e-18 5.951917674966395765e-18 8.220634847986784611e-18 3.059269385698225367e-19
5.420000000000000000e+02 5.354862325404332974e-19 2.397197937076241089e-18 1.098711480420493852e-18 5.560659650150276055e-18 7.795317136971120580e-18 2.854786172326485359e-19
5.520000000000000000e+02 5.012807505882246891e-19 2.248038006230081609e-18 1.019397681562661715e-18 5.203156953755179902e-18 7.412239552923793460e-18 2.668234267982786934e-19
5.620000000000000000e+02 4.699677517767418763e-19 2.112122837256939894e-18 9.470205222078333372e-19 4.875994797820804271e-18 7.062211276312053707e-18 2.497570318875328331e-19
5.720000000000000000e+02 4.412514637796632941e-19 1.987493705816064775e-18 8.808471549005893925e-19 4.576107133324746332e-18 6.737340270754273634e-18 2.341015056205326073e-19
5.820000000000000000e+02 4.148690196280799467e-19 1.872489876171059378e-18 8.202338391538631054e-19 4.300764899631618117e-18 6.430947119443744987e-18 2.197016587949919432e-19
5.920000000000000000e+02 3.905866244840374903e-19 1.765717415539299572e-18 7.646087795523483722e-19 4.047562538223587779e-18 6.137523315787163524e-18 2.064219356586370559e-19
6.020000000000000000e+02 3.681962592564208639e-19 1.666019298538785289e-18 7.134760529391322014e-19 3.814399223757649395e-18 5.852729389663142142e-18 1.941449881390479661e-19
6.120000000000000000e+02 3.475128286383201798e-19 1.572451761267075719e-18 6.663833627041604651e-19 3.599451046413307776e-18 5.573391551427344876e-18 1.827678109314771242e-19
6.220000000000000000e+02 3.283716862572583383e-19 1.484263166997786098e-18 6.229628628912105336e-19 3.401133303137385051e-18 5.297496356988145185e-18 1.722034464229663877e-19
6.320000000000000000e+02 3.106264485972734406e-19 1.400868525071953582e-18 5.828800525704225141e-19 3.218053243224232503e-18 5.024117728117402457e-18 1.623759000941662131e-19
6.420000000000000000e+02 2.941470308510937302e-19 1.321825788717348612e-18 5.458228089672771521e-19 3.048957743597964976e-18 4.753301408128292167e-18 1.532180277394508066e-19
6.520000000000000000e+02 2.788178963436826739e-19 1.246813157660967827e-18 5.115225056031448946e-19 2.892682847024666650e-18 4.485901418149878052e-18 1.446720785444710749e-19
6.620000000000000000e+02 2.645364631776682578e-19 1.175604813432037030e-18 4.797467440374702834e-19 2.748112306323293739e-18 4.223365765009479607e-18 1.366882006640873958e-19
6.720000000000000000e+02 2.512116373716011589e-19 1.108047371580499424e-18 4.502718909083385757e-19 2.614152761086739251e-18 3.967491188129581342e-18 1.292213761004336557e-19
6.820000000000000000e+02 2.387624839377760837e-19 1.044037132097203580e-18 4.229186270636264599e-19 2.489729233833407685e-18 3.720194002105483135e-18 1.222335886066709121e-19
6.920000000000000000e+02 2.271170085112996247e-19 9.835064165119854932e-19 3.974986268142859046e-19 2.373799323243539119e-18 3.483281709732684299e-18 1.156889200946119603e-19
7.020000000000000000e+02 2.162110822270128983e-19 9.263989314318001300e-19 3.738719119314803191e-19 2.265380048059864254e-18 3.258317150839327447e-18 1.095577627806017590e-19
7.120000000000000000e+02 2.059874579160343901e-19 8.726600667521620517e-19 3.518913154277050876e-19 2.163578366153865333e-18 3.046488226715532282e-18 1.038117961082439657e-19
7.220000000000000000e+02 1.963948764050141813e-19 8.222276685369273672e-19 3.314316346867931149e-19 2.067617213948212818e-18 2.848570828905265497e-18 9.842610816374043747e-20
7.320000000000000000e+02 1.873872974851900255e-19 7.750251875208410160e-19 3.123690558211849833e-19 1.976851457793380893e-18 2.664919164497918929e-18 9.337709939213945650e-20
7.420000000000000000e+02 1.789231882581869918e-19 7.309591642252703695e-19 2.946037998769867808e-19 1.890770847879094726e-18 2.495515790500013666e-18 8.864423934632250165e-20
7.520000000000000000e+02 1.709649169569912549e-19 6.899178861618354436e-19 2.780386479578394224e-19 1.808991346846485611e-18 2.340020247199831909e-18 8.420794247756915872e-20
7.620000000000000000e+02 1.634782110184583626e-19 6.517723907577440400e-19 2.625792518162643372e-19 1.731236926382763006e-18 2.197835903374949645e-18 8.004937567219794105e-20
7.720000000000000000e+02 1.564316818441572846e-19 6.163794477600147533e-19 2.481481899274498766e-19 1.657315077058794412e-18 2.068190661973483892e-18 7.615163585370086060e-20
7.820000000000000000e+02 1.497964210486026992e-19 5.835836929323869983e-19 2.346631862941450284e-19 1.587090309757654317e-18 1.950184041122363288e-18 7.249760023185505872e-20
7.920000000000000000e+02 1.435456519834886229e-19 5.532220791921054001e-19 2.220573939971868940e-19 1.520459301335428260e-18 1.842855797807728466e-18 6.907179478613169286e-20
8.020000000000000000e+02 1.376544397409070678e-19 5.251259172533958287e-19 2.102620342078282815e-19 1.457329058919993506e-18 1.745215527984422211e-18 6.585868943538404884e-20
8.120000000000000000e+02 1.320994496711344792e-19 4.991249369473263452e-19 1.992189062610299283e-19 1.397600938671674539e-18 1.656282324599424791e-18 6.284392054541926289e-20
8.220000000000000000e+02 1.268587682541985788e-19 4.750502785340880997e-19 1.888770912673272105e-19 1.341160191782520859e-18 1.575109272291319759e-18 6.001403047662793386e-20
8.320000000000000000e+02 1.219117579414485489e-19 4.527356609384279854e-19 1.791795715239260863e-19 1.287870422824648389e-18 1.500786914846572067e-18 5.735512097609407268e-20
8.420000000000000000e+02 1.172389621485113167e-19 4.320203722340913715e-19 1.700804953519869370e-19 1.237573478493919831e-18 1.432467539029746820e-18 5.485466182162098778e-20
8.520000000000000000e+02 1.128220280311171323e-19 4.127508754776110161e-19 1.615408921078864801e-19 1.190092422606191383e-18 1.369364928491692915e-18 5.250113928856650542e-20
8.620000000000000000e+02 1.086436521157633315e-19 3.947804979208959806e-19 1.535117596594245122e-19 1.145237302508383940e-18 1.310751968602351556e-18 5.028229021984965964e-20
8.720000000000000000e+02 1.046875452109728731e-19 3.779729336529833446e-19 1.459629277387067771e-19 1.102812479116713172e-18 1.255976631165572698e-18 4.818824931778871105e-20
8.820000000000000000e+02 1.009383941793979296e-19 3.622011145400129464e-19 1.388552582570000173e-19 1.062624230333170061e-18 1.204449241226359648e-18 4.620859552807791406e-20
8.920000000000000000e+02 9.738184626713516302e-20 3.473489665610862452e-19 1.321609884572804460e-19 1.024488259754160299e-18 1.155654164468749299e-18 4.433461139536207541e-20
9.020000000000000000e+02 9.400448466299604521e-20 3.333109368425913683e-19 1.258484757585889137e-19 9.882362576482347855e-19 1.109142627673160454e-18 4.255761626518235608e-20
9.120000000000000000e+02 9.079381301412124938e-20 3.199933488766179990e-19 1.198949625528220302e-19 9.537211286275480497e-19 1.064539680366125508e-18 4.087043737382347937e-20
9.220000000000000000e+02 8.773823450736805997e-20 3.073133136334175193e-19 1.142705574882015825e-19 9.208199855598735936e-19 1.021537038052784379e-18 3.926555529812445335e-20
9.320000000000000000e+02 8.482703289031615335e-20 2.952001467483583169e-19 1.089562085604165555e-19 8.894353041246507300e-19 9.798976851387836510e-19 3.773720219137055340e-20
9.420000000000000000e+02 8.205034676780145640e-20 2.835943345553468285e-19 1.039329986739687796e-19 8.594931140165631948e-19 9.394494145482778361e-19 3.628010579383240352e-20
9.520000000000000000e+02 7.939914582821535454e-20 2.724470303304111086e-19 9.918060205532354528e-20 8.309387094123614765e-19 9.000801168991184220e-19 3.488925533815821694e-20
9.620000000000000000e+02 7.686520268280124084e-20 2.617196868401277145e-19 9.468168819636595155e-20 8.037302529851288897e-19 8.617330962644875671e-19 3.356039741229867745e-20
9.720000000000000000e+02 7.444105655160947247e-20 2.513830336452645498e-19 9.041998141415521523e-20 7.778305500640948198e-19 8.243982852205744435e-19 3.228975458834717297e-20
9.820000000000000000e+02 7.211997544373958097e-20 2.414164123517876359e-19 8.638241287120829937e-20 7.531985281260490514e-19 7.881039603282302793e-19 3.107426118723095894e-20
9.920000000000000000e+02 6.989590289146726884e-20 2.318055278107946634e-19 8.255191493590204412e-20 7.297819175531283669e-19 7.529036814585735517e-19 2.991056373686235803e-20
1.002000000000000000e+03 6.776340836735432221e-20 2.225421113865316539e-19 7.891855826821668690e-20 7.075133438229780845e-19 7.188712800171863321e-19 2.879643579861656800e-20
1.012000000000000000e+03 6.571763144963096263e-20 2.136224624638713319e-19 7.547290136009889992e-20 6.863102452337879829e-19 6.860872843111179767e-19 2.772989096952439105e-20
1.022000000000000000e+03 6.375421804376950268e-20 2.050455186350367694e-19 7.220201532106476295e-20 6.660793186060737896e-19 6.546280252536219387e-19 2.670858899030687701e-20
1.032000000000000000e+03 6.186925004517727118e-20 1.968120193968303669e-19 6.909613488847965692e-20 6.467236915281564207e-19 6.245606452280911191e-19 2.573070098334715586e-20
1.042000000000000000e+03 6.005918282054844180e-20 1.889233420533511033e-19 6.614668150555708071e-20 6.281510777940650343e-19 5.959366099592155939e-19 2.479462839407808185e-20
1.052000000000000000e+03 5.832077882595238523e-20 1.813803563800721540e-19 6.334429475945475372e-20 6.102803570898738864e-19 5.687875206104895667e-19 2.389869899235477644e-20
1.062000000000000000e+03 5.665105508475346221e-20 1.741827546229268389e-19 6.068106438425505278e-20 5.930459498052620090e-19 5.431235936582116346e-19 2.304145587476622139e-20
1.072000000000000000e+03 5.504722656681988864e-20 1.673288769391766388e-19 5.814898256896069405e-20 5.763990357270488271e-19 5.189337785747574600e-19 2.222142369114845480e-20
1.082000000000000000e+03 5.350666183957687997e-20 1.608146720722301815e-19 5.574018808430708805e-20 5.603064287918585031e-19 4.961864371039768822e-19 2.143710673538434966e-20
1.092000000000000000e+03 5.202684536823282243e-20 1.546341479479762799e-19 5.344967887245144175e-20 5.447478562037438107e-19 4.748356747967019381e-19 2.068739542129840183e-20
1.102000000000000000e+03 5.060534923474242516e-20 1.487788724197310616e-19 5.127006222977921734e-20 5.297123692221205989e-19 4.548186098215704025e-19 1.997076405220998246e-20
1.112000000000000000e+03 4.923980758145451898e-20 1.432382617250778673e-19 4.919467372263887937e-20 5.151946451837791224e-19 4.360611400218807471e-19 1.928572592490882920e-20
1.122000000000000000e+03 4.792790128669781855e-20 1.379998459976897992e-19 4.721739313314072553e-20 5.011916573792831385e-19 4.184823549937737544e-19 1.863081185695930219e-20
1.132000000000000000e+03 4.666734921522468300e-20 1.330497513217121930e-19 4.533484341013557558e-20 4.876999890470802260e-19 4.019979922831632650e-19 1.800492867110667324e-20
1.142000000000000000e+03 4.545589881078005997e-20 1.283721881884964602e-19 4.353991692758118001e-20 4.747137685925345952e-19 3.865180642176377486e-19 1.740633186540434384e-20
1.152000000000000000e+03 4.429132980544725903e-20 1.239507286815842918e-19 4.182904776841141121e-20 4.622237206569239620e-19 3.719555225886543311e-19 1.683380285326657820e-20
1.162000000000000000e+03 4.317145223126711674e-20 1.197680301897030660e-19 4.019713571732876882e-20 4.502166394521739617e-19 3.582236636569327750e-19 1.628584176311623372e-20
1.172000000000000000e+03 4.209411343850766716e-20 1.158063297717896632e-19 3.863968539920520829e-20 4.386758209904355686e-19 3.452388980305431236e-19 1.576102305812325208e-20
1.182000000000000000e+03 4.105720462904292381e-20 1.120477940931633206e-19 3.715269182181946331e-20 4.275818796611494025e-19 3.329230213552926291e-19 1.525799632389601040e-20
1.192000000000000000e+03 4.005866575054495253e-20 1.084745588495500480e-19 3.573065077676034130e-20 4.169137495448123814e-19 3.212011470158738278e-19 1.477515036314894493e-20
1.202000000000000000e+03 3.909649811602252483e-20 1.050699635158413270e-19 3.437261883119445576e-20 4.066501784291658078e-19 3.100074221410936065e-19 1.431168469634259510e-20
1.212000000000000000e+03 3.816877158839151092e-20 1.018175930180921198e-19 3.307516912523696189e-20 3.967708470954575165e-19 2.992806875469938548e-19 1.386640095218058795e-20
1.222000000000000000e+03 3.727363213516638468e-20 9.870193186581531108e-20 3.183381493241429162e-20 3.872571283422809622e-19 2.889657820384573370e-19 1.343794337823256193e-20
1.232000000000000000e+03 3.640931901290601661e-20 9.570895715937126373e-20 3.064629275324101970e-20 3.780929059500618152e-19 2.790163642654947926e-19 1.302539821619253376e-20
1.242000000000000000e+03 3.557416857360608209e-20 9.282593610116645891e-20 2.950995122765087029e-20 3.692643726402719021e-19 2.693925868279284161e-19 1.262783292827668853e-20
1.252000000000000000e+03 3.476662223251813348e-20 9.004145784127308763e-20 2.842119400738752098e-20 3.607596090595846174e-19 2.600619672029047583e-19 1.224418955628835313e-20
1.262000000000000000e+03 3.398523376494150544e-20 8.734599877473462566e-20 2.737875040630525407e-20 3.525677282934143512e-19 2.509998659056679145e-19 1.187389797740151644e-20
1.272000000000000000e+03 3.322866707933131951e-20 8.473143208987166872e-20 2.637897360517753232e-20 3.446775821605833744e-19 2.421879732815233579e-19 1.151599308262314039e-20
1.282000000000000000e+03 3.249569847442229538e-20 8.219161083649458649e-20 2.542159260100665007e-20 3.370767927547310640e-19 2.336153251554385259e-19 1.117020668240319560e-20
1.292000000000000000e+03 3.178520943687034863e-20 7.972150723335543017e-20 2.450333154587733320e-20 3.297507375131552898e-19 2.252757026720604791e-19 1.083573696752484517e-20
1.302000000000000000e+03 3.109618720909461215e-20 7.731780527172011253e-20 2.362277931070045629e-20 3.226823949990412008e-19 2.171686735774883623e-19 1.051218802121240515e-20
1.312000000000000000e+03 3.042771472311504825e-20 7.497839483260895643e-20 2.277778817176234429e-20 3.158523847702990710e-19 2.092972423583952761e-19 1.019905504286690095e-20
1.322000000000000000e+03 2.977896683697445618e-20 7.270233293875737915e-20 2.196702950197683872e-20 3.092399687616859619e-19 2.016673829045330437e-19 9.896029473029924703e-21
1.332000000000000000e+03 2.914919960420194622e-20 7.048959935566293169e-20 2.118898882708203143e-20 3.028240425130012059e-19 1.942863965383387787e-19 9.602793725726759750e-21
1.342000000000000000e+03 2.853774084100772662e-20 6.834083897575966922e-20 2.044228539397464144e-20 2.965846215077138989e-19 1.871618830413160439e-19 9.319078069845714995e-21
1.352000000000000000e+03 2.794398194690405766e-20 6.625713568124704634e-20 1.972567833088500214e-20 2.905042700737439789e-19 1.803011824275779055e-19 9.044657866560036208e-21
1.362000000000000000e+03 2.736736538850111151e-20 6.423977938947197203e-20 1.903740494403453689e-20 2.845688347251160721e-19 1.737093699621922801e-19 8.779203670851849375e-21
1.372000000000000000e+03 2.680737850159645419e-20 6.229006421142074417e-20 1.837618212153005623e-20 2.787681916855257487e-19 1.673894733775459020e-19 8.522485910034288386e-21
1.382000000000000000e+03 2.626353906746766292e-20 6.040907449718009179e-20 1.774044301095735851e-20 2.730961390602297280e-19 1.613419937759409439e-19 8.274206492611255895e-21
1.392000000000000000e+03 2.573538642130343839e-20 5.859783804020530489e-20 1.712957348848763742e-20 2.675499270509460549e-19 1.555654949057402103e-19 8.034269045071709236e-21
1.402000000000000000e+03 2.522248019392716367e-20 5.685706610099732238e-20 1.654335168232963727e-20 2.621296801771195658e-19 1.500559600627711841e-19 7.802657422345694982e-21
1.412000000000000000e+03 2.472437858254502291e-20 5.518657738366962053e-20 1.597977557881591299e-20 2.568370980451268670e-19 1.448051793645734795e-19 7.578932166973679969e-21
1.422000000000000000e+03 2.424064347960248472e-20 5.358576148252766016e-20 1.543785196063918963e-20 2.516748120562459965e-19 1.398033727739971303e-19 7.362857225000955908e-21
1.432000000000000000e+03 2.377083482509234575e-20 5.205391643601121021e-20 1.491757811053328301e-20 2.466455023586586545e-19 1.350408747065562924e-19 7.154417342519727977e-21
1.442000000000000000e+03 2.331450242177395984e-20 5.058899986349207384e-20 1.441672791575110741e-20 2.417509127144132044e-19 1.305036456341219454e-19 6.953045039045680485e-21
1.452000000000000000e+03 2.287119962274027819e-20 4.918928606198661095e-20 1.393556022369297570e-20 2.369918607357525349e-19 1.261796376448568551e-19 6.758749190911578325e-21
1.462000000000000000e+03 2.244046786105642966e-20 4.785180263515561043e-20 1.347240090340117813e-20 2.323675967419214226e-19 1.220540089450839704e-19 6.571051514008074563e-21
1.472000000000000000e+03 2.202185384830420259e-20 4.657382547268595041e-20 1.302702663884356875e-20 2.278760151877149974e-19 1.181136493764629640e-19 6.389817747119429745e-21
1.482000000000000000e+03 2.161490170115281733e-20 4.535197553465984181e-20 1.259851361810755926e-20 2.235137014912138229e-19 1.143449681080529722e-19 6.214729768735394381e-21
1.492000000000000000e+03 2.121916184988494698e-20 4.418276603418117870e-20 1.218647313815616094e-20 2.192762627539790304e-19 1.107348704742749286e-19 6.045594437466655196e-21
1.502000000000000000e+03 2.083417908255789492e-20 4.306217554220440482e-20 1.178947491286296901e-20 2.151584276710360911e-19 1.072702682417579444e-19 5.881948376456584753e-21
1.512000000000000000e+03 2.045951634604155088e-20 4.198650803197240470e-20 1.140730136484234677e-20 2.111548563856222074e-19 1.039394785762798484e-19 5.723633805972908338e-21
1.522000000000000000e+03 2.009474331680847950e-20 4.095217115435759599e-20 1.103969185504640280e-20 2.072602872698750696e-19 1.007318439059656976e-19 5.570489885972550607e-21
1.532000000000000000e+03 1.973943401698221750e-20 3.995508003794246861e-20 1.068551067648861327e-20 2.034698528453742737e-19 9.763685486973175195e-20 5.422124353546594939e-21
1.542000000000000000e+03 1.939318387096886426e-20 3.899193237975899038e-20 1.034467020455621999e-20 1.997794115669447488e-19 9.464549928135088767e-20 5.278430879460127394e-21
1.552000000000000000e+03 1.905559113621492455e-20 3.805919549881355406e-20 1.001619249193531884e-20 1.961853977810279080e-19 9.174914136458149651e-20 5.139070018785046256e-21
1.562000000000000000e+03 1.872629002356811310e-20 3.715386017810408921e-20 9.699794420994555863e-21 1.926855100742118124e-19 8.894115033166193836e-20 5.003899889361115623e-21
1.572000000000000000e+03 1.840492140825530014e-20 3.627321846801092619e-20 9.394795264745169676e-21 1.892776927897727271e-19 8.621532911653849097e-20 4.872680134055258157e-21
1.582000000000000000e+03 1.809115303261732975e-20 3.541482434732012865e-20 9.100632731409907535e-21 1.859604633304524470e-19 8.356680685871446670e-20 4.745209982182561062e-21
1.592000000000000000e+03 1.778468660760387701e-20 3.457700354306096681e-20 8.817492041913654201e-21 1.827324840390796891e-19 8.099224552932911476e-20 4.621512468425413736e-21
1.602000000000000000e+03 1.748523247539910524e-20 3.375798120563104204e-20 8.544402860377460355e-21 1.795918175982711135e-19 7.848900890765454805e-20 4.501295957903215358e-21
1.612000000000000000e+03 1.719254345698756649e-20 3.295687808689027142e-20 8.281401155022270490e-21 1.765361169994126580e-19 7.605596197592173961e-20 4.384566473617660437e-21
1.622000000000000000e+03 1.690637871220745617e-20 3.217277976863388774e-20 8.027805905425467450e-21 1.735620078209163938e-19 7.369247898951406867e-20 4.271131033699367321e-21
1.632000000000000000e+03 1.662652795222284970e-20 3.140529021028016583e-20 7.783165554275364036e-21 1.706654406317602021e-19 7.139897571110108515e-20 4.160871533600115673e-21
1.642000000000000000e+03 1.635280178146175917e-20 3.065440878143640661e-20 7.547317698127373958e-21 1.678417606405738106e-19 6.917644180541670942e-20 4.053760645495210868e-21
1.652000000000000000e+03 1.608502313873962760e-20 2.992025682979734375e-20 7.319711726808725602e-21 1.650859378746181907e-19 6.702601290088284258e-20 3.949661708789686477e-21
1.662000000000000000e+03 1.582303709333230755e-20 2.920327937662964620e-20 7.100190815233830167e-21 1.623931339173215499e-19 6.494889348540008637e-20 3.848557356653467295e-21
1.672000000000000000e+03 1.556669081893197810e-20 2.850393845730094954e-20 6.888264395163866481e-21 1.597586807680093103e-19 6.294589390834531794e-20 3.750330712252129399e-21
1.682000000000000000e+03 1.531585135107145345e-20 2.782293588884984625e-20 6.683900253897067220e-21 1.571787005214065831e-19 6.101768491591587535e-20 3.655003849885598793e-21
1.692000000000000000e+03 1.507038700999207440e-20 2.716070957691172607e-20 6.486221393803982343e-21 1.546501237251754445e-19 5.916388276268655726e-20 3.562337409674338692e-21
1.702000000000000000e+03 1.483017524179435301e-20 2.651794508550722180e-20 6.295254882455058072e-21 1.521706669821174780e-19 5.738384054561482262e-20 3.472363527690754625e-21
1.712000000000000000e+03 1.459509956405044470e-20 2.589526630793448677e-20 6.110988355895984000e-21 1.497389078807061045e-19 5.567624112121481056e-20 3.385100905288579984e-21
1.722000000000000000e+03 1.436504209241573072e-20 2.529286450631501872e-20 5.932693264933830172e-21 1.473538966285855540e-19 5.403827432278209634e-20 3.300334636257677117e-21
1.732000000000000000e+03 1.413989152166793380e-20 2.471113769145736642e-20 5.760463455292743664e-21 1.450153551554928558e-19 5.246741883780005863e-20 3.218104854168193260e-21
1.742000000000000000e+03 1.391952594898962472e-20 2.414999996275964207e-20 5.593801009098998700e-21 1.427231479722390888e-19 5.096010419036587123e-20 3.138254419063634597e-21
1.752000000000000000e+03 1.370383636803006193e-20 2.360945857401298053e-20 5.432638723530098111e-21 1.404773197521722088e-19 4.951279715228787639e-20 3.060760661384683576e-21
1.762000000000000000e+03 1.349270456148252883e-20 2.308903471627445385e-20 5.276608764301222851e-21 1.382777711878861102e-19 4.812140174262702009e-20 2.985493628326106059e-21
1.772000000000000000e+03 1.328600738034570655e-20 2.258816617446288575e-20 5.125309616734843241e-21 1.361241881745299083e-19 4.678202411484486279e-20 2.912308178632232000e-21
1.782000000000000000e+03 1.308363972205117566e-20 2.210651039224574043e-20 4.979095075721792364e-21 1.340163157151632896e-19 4.549141788801107519e-20 2.841308423257923046e-21
1.792000000000000000e+03 1.288549024997192011e-20 2.164318337156032426e-20 4.837626784145484349e-21 1.319533707759565693e-19 4.424572775930800192e-20 2.772363888421451038e-21
1.802000000000000000e+03 1.269143592190435659e-20 2.119714907226817265e-20 4.700603597028985704e-21 1.299342745854877044e-19 4.304149137745767251e-20 2.705351921546770714e-21
1.812000000000000000e+03 1.250137064147628470e-20 2.076744649151550078e-20 4.568005372110071362e-21 1.279580254178662396e-19 4.187577540539573664e-20 2.640245486970736280e-21
1.822000000000000000e+03 1.231518289341709017e-20 2.035291234719973532e-20 4.439607659227808002e-21 1.260234227337237922e-19 4.074587189534051184e-20 2.576946837081848794e-21
1.832000000000000000e+03 1.213274925424435748e-20 1.995220341411529693e-20 4.315088636735240019e-21 1.241289824903618339e-19 3.964899396598117187e-20 2.515319965822196991e-21
1.842000000000000000e+03 1.195397521745292696e-20 1.956441931214531841e-20 4.194642070812067765e-21 1.222738191040907129e-19 3.858328685878815674e-20 2.455415405121473517e-21
1.852000000000000000e+03 1.177874330441731737e-20 1.918805672820614172e-20 4.077846501525647264e-21 1.204567934502079809e-19 3.754656091991414638e-20 2.397062601843460659e-21
1.862000000000000000e+03 1.160695892162804298e-20 1.882230912527043700e-20 3.964832571321095281e-21 1.186771205595490188e-19 3.653739561255576041e-20 2.340294998794800668e-21
1.872000000000000000e+03 1.143850947330801166e-20 1.846599820432285501e-20 3.855356689794285696e-21 1.169338999979689758e-19 3.555417582275645274e-20 2.285009891889821705e-21
1.882000000000000000e+03 1.127329844397409423e-20 1.811807358660760110e-20 3.749274569232793565e-21 1.152264274162273299e-19 3.459565858708481869e-20 2.231142442927766039e-21
1.892000000000000000e+03 1.111122501966579564e-20 1.777777242461045235e-20 3.646531498014283506e-21 1.135539886239648270e-19 3.366091232735303293e-20 2.178664779456149983e-21
1.902000000000000000e+03 1.095219570164334054e-20 1.744436223123668652e-20 3.546981328360682815e-21 1.119157566204577765e-19 3.274911097819402079e-20 2.127517665571854070e-21
1.912000000000000000e+03 1.079612386122086378e-20 1.711725103644698512e-20 3.450534573868266778e-21 1.103111296571460033e-19 3.185991489604935614e-20 2.077666194929622156e-21
1.922000000000000000e+03 1.064292735783804597e-20 1.679606444789439634e-20 3.357145848021128938e-21 1.087391952190618854e-19 3.099317959119584251e-20 2.029095514016784023e-21
1.932000000000000000e+03 1.049252481712127702e-20 1.648050142863006495e-20 3.266691757219577133e-21 1.071987017507877311e-19 3.014895763176658990e-20 1.981764113412762113e-21
1.942000000000000000e+03 1.034482671665570910e-20 1.617034259999172032e-20 3.179068121777820719e-21 1.056882466336562296e-19 2.932754839313078247e-20 1.935638865575316017e-21
1.952000000000000000e+03 1.019977755977772097e-20 1.586560940828927346e-20 3.094137630750008211e-21 1.042066251362344305e-19 2.852952653843619489e-20 1.890679701209885737e-21
1.962000000000000000e+03 1.005728387955519267e-20 1.556608987156036612e-20 3.011523393096963014e-21 1.027521340412758633e-19 2.775523726778502714e-20 1.846749751419106101e-21
1.972000000000000000e+03 9.917294808275913485e-21 1.527225924761312697e-20 2.931503064271332333e-21 1.013234115503599621e-19 2.700553351311539905e-20 1.803970085013828456e-21
1.982000000000000000e+03 9.779765508210897123e-21 1.498435267164382266e-20 2.854046068094958713e-21 9.991955936215895892e-20 2.628090548039795395e-20 1.762342845311247471e-21
1.992000000000000000e+03 9.644620761994656963e-21 1.470257244240412610e-20 2.778926240178231188e-21 9.853916485453071232e-20 2.558151751719879542e-20 1.721792015365089130e-21
2.002000000000000000e+03 9.511818413874587968e-21 1.442719678689534089e-20 2.705985313878312257e-21 9.718157713291906221e-20 2.490723486075764753e-20 1.682266741508809316e-21
2.012000000000000000e+03 9.381299921840807139e-21 1.415864421433022513e-20 2.635332744633718009e-21 9.584595936443368178e-20 2.425771750550902029e-20 1.643819242614473512e-21
2.022000000000000000e+03 9.253012433736306967e-21 1.389707670496440598e-20 2.566636107972316351e-21 9.453189877490208905e-20 2.363212130246401023e-20 1.606324428539300520e-21
2.032000000000000000e+03 9.126923704248650521e-21 1.364293923947130864e-20 2.500082280455891793e-21 9.323933576162403755e-20 2.302954063486214794e-20 1.569862794436455218e-21
2.042000000000000000e+03 9.002970351960939303e-21 1.339616598169712238e-20 2.435209452913375817e-21 9.196763246859633699e-20 2.244829745688422023e-20 1.534247854844422876e-21
2.052000000000000000e+03 8.881127772422710554e-21 1.315717486061619294e-20 2.372319504694180222e-21 9.071697109269896881e-20 2.188716291925136471e-20 1.499603289158788990e-21
2.062000000000000000e+03 8.761344481419314110e-21 1.292594311246129305e-20 2.311211927896602172e-21 8.948707673307080856e-20 2.134447470768775601e-20 1.465845168194652423e-21
2.072000000000000000e+03 8.643587652226160684e-21 1.270252609080672699e-20 2.251864888500426524e-21 8.827790731525676400e-20 2.081867903076202693e-20 1.432961971044939814e-21
2.082000000000000000e+03 8.527802943581083777e-21 1.248668524968213188e-20 2.194086900548939586e-21 8.708909308875995835e-20 2.030812249725948053e-20 1.400867983450466099e-21
2.092000000000000000e+03 8.413970066745117974e-21 1.227835336560758604e-20 2.137953400633243464e-21 8.592068729548998758e-20 1.981157813199978071e-20 1.369590366701108550e-21
2.102000000000000000e+03 8.302056888437234404e-21 1.207734328457860049e-20 2.083452523901952986e-21 8.477223278651980009e-20 1.932785109587057628e-20 1.339119384181576344e-21
2.112000000000000000e+03 8.192015924811420083e-21 1.188314749517067680e-20 2.030422345872022333e-21 8.364303358017491596e-20 1.885576244833760423e-20 1.309378708148337726e-21
2.122000000000000000e+03 8.083836160909473384e-21 1.169556018862235682e-20 1.978958201719894032e-21 8.253319790128680139e-20 1.839479400936045302e-20 1.280406283545380628e-21
2.132000000000000000e+03 7.977456785815551186e-21 1.151406016280069501e-20 1.928886333830938085e-21 8.144167276263969022e-20 1.794420392429715981e-20 1.252121620838206816e-21
2.142000000000000000e+03 7.872867575404912590e-21 1.133804337149120591e-20 1.880246657938659766e-21 8.036844427002072915e-20 1.750365606725227490e-20 1.224535940379672641e-21
2.152000000000000000e+03 7.770027790017430271e-21 1.116701717363530623e-20 1.832915582708461888e-21 7.931292938512872564e-20 1.707292173536879257e-20 1.197592560409530488e-21
2.162000000000000000e+03 7.668887098533019378e-21 1.100062447075330613e-20 1.786922059385417557e-21 7.827447453815604786e-20 1.665174227269999920e-20 1.171300635184964856e-21
2.172000000000000000e+03 7.569454911397226998e-21 1.083859475594883249e-20 1.742358361318784341e-21 7.725347801861190176e-20 1.624005875521488103e-20 1.145701009801714898e-21
2.182000000000000000e+03 7.471657078505405510e-21 1.068016832909722034e-20 1.699041501294364747e-21 7.624900114390338033e-20 1.583754993583954998e-20 1.120707167419705455e-21
2.192000000000000000e+03 7.375476477993138748e-21 1.052485713087065141e-20 1.656974836636724161e-21 7.526128922792913301e-20 1.544415622477442979e-20 1.096318670291789238e-21
2.202000000000000000e+03 7.280915598828042873e-21 1.037292172235779543e-20 1.616330630162082489e-21 7.429043302823433230e-20 1.505978751697322304e-20 1.072618182344954458e-21
2.212000000000000000e+03 7.187879016196418334e-21 1.022316383450666222e-20 1.576737281731118581e-21 7.333578163140617043e-20 1.468417793761380692e-20 1.049430639583188461e-21
2.222000000000000000e+03 7.096378496159599677e-21 1.007597823726383580e-20 1.538444532983299804e-21 7.239734031232562660e-20 1.431732799241337225e-20 1.026875196130319132e-21
2.232000000000000000e+03 7.006334513510026419e-21 9.930682565026591714e-21 1.501231882605987972e-21 7.147491952497372518e-20 1.395923717946607434e-20 1.004849723018765868e-21
2.242000000000000000e+03 6.917751677153184623e-21 9.787473955779101941e-21 1.465207440040551262e-21 7.056852286636222876e-20 1.361009345099916709e-20 9.834101001861731424e-22
2.252000000000000000e+03 6.830575089366365016e-21 9.646122212490935058e-21 1.430223559292263534e-21 6.967770945269222671e-20 1.327018480147036876e-20 9.624923998904877021e-22
2.262000000000000000e+03 6.744811670546674922e-21 9.506868840972525368e-21 1.396398272007573149e-21 6.880257551834060972e-20 1.294001905715675033e-20 9.421596318738875945e-22
2.272000000000000000e+03 6.660368699343336422e-21 9.369323476348915812e-21 1.363456293317841431e-21 6.794211882939657804e-20 1.262007288783511550e-20 9.222875273915985575e-22
2.282000000000000000e+03 6.577234556424205613e-21 9.233801737478146064e-21 1.331505796874579793e-21 6.709612960346316424e-20 1.231097818542216289e-20 9.029353185362086707e-22
2.292000000000000000e+03 6.495408536634440759e-21 9.100586155115617674e-21 1.300554198618222652e-21 6.626439393708866430e-20 1.201330273036952250e-20 8.841162067523693750e-22
2.302000000000000000e+03 6.414849214475809343e-21 8.969703322352707059e-21 1.270500051377990157e-21 6.544655955392736412e-20 1.172747510180550827e-20 8.657889698085428866e-22
2.312000000000000000e+03 6.335532294657166123e-21 8.841330679904356974e-21 1.241276817969522131e-21 6.464214100333682896e-20 1.145368785694296229e-20 8.479282564336589995e-22
2.322000000000000000e+03 6.257412172455467929e-21 8.715648580185433942e-21 1.212851030325143712e-21 6.385050322698724572e-20 1.119190757080046460e-20 8.305219812831245057e-22
2.332000000000000000e+03 6.180493675927809820e-21 8.592926105580866814e-21 1.185236624571601022e-21 6.307182252004293467e-20 1.094184220574610180e-20 8.135804300555233616e-22
2.342000000000000000e+03 6.104733326591072822e-21 8.473065093246841161e-21 1.158229903357468381e-21 6.230536756439068531e-20 1.070274238818496267e-20 7.970040368964619427e-22
2.352000000000000000e+03 6.030090424214063676e-21 8.356417946510875971e-21 1.131939085407954446e-21 6.155105376868327612e-20 1.047399271977088841e-20 7.808446270184954485e-22
2.362000000000000000e+03 5.956598771871954198e-21 8.243300081051399253e-21 1.106392940215944195e-21 6.080872418787087852e-20 1.025462822896685195e-20 7.651158305752042485e-22
2.372000000000000000e+03 5.884220823983032855e-21 8.133648653055759684e-21 1.081472908821345956e-21 6.007813427081510031e-20 1.004347482555839579e-20 7.497549743023589944e-22
2.382000000000000000e+03 5.812940790841072005e-21 8.027520083951809987e-21 1.057153419350375818e-21 5.935899895330437689e-20 9.839347078197035941e-21 7.347444975398379691e-22
2.392000000000000000e+03 5.742745088516626695e-21 7.925041490547891403e-21 1.033456216971111725e-21 5.865130010562075739e-20 9.641171426581598226e-21 7.200908410467117749e-22
2.402000000000000000e+03 5.673606881873415480e-21 7.826064675579069198e-21 1.010326417001843057e-21 5.795429442725667721e-20 9.447769341357064843e-21 7.057601030058272228e-22
2.412000000000000000e+03 5.605537010433985800e-21 7.730503062343505217e-21 9.877588620395672908e-22 5.726862626986104835e-20 9.258234294723104253e-21 6.917451527976236120e-22
2.422000000000000000e+03 5.538507710993681250e-21 7.638317621631195976e-21 9.657242502033456323e-22 5.659336085364605698e-20 9.071780831544159006e-21 6.780272100355553041e-22
2.432000000000000000e+03 5.472506108376467117e-21 7.549052619854550064e-21 9.441671048879708952e-22 5.592830448305280094e-20 8.887666867506284505e-21 6.645716528358434747e-22
2.442000000000000000e+03 5.407542179830971969e-21 7.462884651369113979e-21 9.231818805720181498e-22 5.527358549814654287e-20 8.705639331392239828e-21 6.514261587182425149e-22
2.452000000000000000e+03 5.343600422219386983e-21 7.379409230422114727e-21 9.027109452187907767e-22 5.462869485374095683e-20 8.525391566659598406e-21 6.385580549025050980e-22
2.462000000000000000e+03 5.280656294653384918e-21 7.298220374500771016e-21 8.827070988134153291e-22 5.399334158408984845e-20 8.346781821912542897e-21 6.259404043949877019e-22
2.472000000000000000e+03 5.218679353617379793e-21 7.219009418251652848e-21 8.631658906786716386e-22 5.336733281776374066e-20 8.169874870814528349e-21 6.135694600870931413e-22
2.482000000000000000e+03 5.157709169331754260e-21 7.141975281580153778e-21 8.441715371210933502e-22 5.275104265292098765e-20 7.994877169498654749e-21 6.014920939792990013e-22
2.492000000000000000e+03 5.097693454191727652e-21 7.066303447408161353e-21 8.256197913861570420e-22 5.214385657361110522e-20 7.821829911445250254e-21 5.896503964835168622e-22
2.502000000000000000e+03 5.038642977623823029e-21 6.991957420345670374e-21 8.075645974062772460e-22 5.154599824154705062e-20 7.650929562532499885e-21 5.780741597166377513e-22
2.512000000000000000e+03 4.980527008183879167e-21 6.918743540018907272e-21 7.899864334391584071e-22 5.095717710837314621e-20 7.482382242733684984e-21 5.667543063910624858e-22
2.522000000000000000e+03 4.923323732441513207e-21 6.846440828601917853e-21 7.728659639643029127e-22 5.037709583944274499e-20 7.316313063360103054e-21 5.556812990837291823e-22
2.532000000000000000e+03 4.867033726037824666e-21 6.774833299190023309e-21 7.561976600654958208e-22 4.980612247677127196e-20 7.152943858316132461e-21 5.448537001220053542e-22
2.542000000000000000e+03 4.811584125665894695e-21 6.703599143128074599e-21 7.398655672502148681e-22 4.924336453639322390e-20 6.992427938009306162e-21 5.342104656000493738e-22
2.552000000000000000e+03 4.757019828875049858e-21 6.633229532248306922e-21 7.240468837720743936e-22 4.868966361370168869e-20 6.835086599377923902e-21 5.238509404494059026e-22
2.562000000000000000e+03 4.703338632052698267e-21 6.563496485566953039e-21 7.086937323166556656e-22 4.814498278294383261e-20 6.681195985271742807e-21 5.137521405723545870e-22
2.572000000000000000e+03 4.650440359204243623e-21 6.494231294754189084e-21 6.937434573763379273e-22 4.760836079133501693e-20 6.531096242875157690e-21 5.038825120031093637e-22
2.582000000000000000e+03 4.598362356884481956e-21 6.425591653405288171e-21 6.792129438540727765e-22 4.708035734253136628e-20 6.385261209870524224e-21 4.942568146319836996e-22
2.592000000000000000e+03 4.547121148048571934e-21 6.357815817085344676e-21 6.650934012515920058e-22 4.656115252149044027e-20 6.244143306922576368e-21 4.848763406634252680e-22
2.602000000000000000e+03 4.496606425434422364e-21 6.290681404500948172e-21 6.513131066454041651e-22 4.604945247314383099e-20 6.108134963194330641e-21 4.757041338589142110e-22
2.612000000000000000e+03 4.446859969596670303e-21 6.224587557295324963e-21 6.379253193859062463e-22 4.554558894308035116e-20 5.977590361366878557e-21 4.667749324154156462e-22
2.622000000000000000e+03 4.397822464747007033e-21 6.159359228921136418e-21 6.248148794338399098e-22 4.504973514306267362e-20 5.852707257241335919e-21 4.580279980886546887e-22
2.632000000000000000e+03 4.349569877420309345e-21 6.095666685547298048e-21 6.121000663764501079e-22 4.456224263778706558e-20 5.733595969610265028e-21 4.495332212856795227e-22
2.642000000000000000e+03 4.302005107641653986e-21 6.033345461161700390e-21 5.996749722601505024e-22 4.408194489724339408e-20 5.620022218311060590e-21 4.412311938839732361e-22
2.652000000000000000e+03 4.255149119586765786e-21 5.972655909904209152e-21 5.875489847813603269e-22 4.360966469607645148e-20 5.511696148202845522e-21 4.331277044172124435e-22
2.662000000000000000e+03 4.208971066953074368e-21 5.913710948526755494e-21 5.756875355796671214e-22 4.314459142197503097e-20 5.408090333804737580e-21 4.252015671117614896e-22
2.672000000000000000e+03 4.163454668344398919e-21 5.856656625538535436e-21 5.640843989645483667e-22 4.268638940831082887e-20 5.308550983553758263e-21 4.174463541646458518e-22
2.682000000000000000e+03 4.118627835539111285e-21 5.801644744087117238e-21 5.527340840905386731e-22 4.223577389432545518e-20 5.212392614684648062e-21 4.098562991924805459e-22
2.692000000000000000e+03 4.074503569948076119e-21 5.748892057255454037e-21 5.416336588862404067e-22 4.179256454763688957e-20 5.118905159891433891e-21 4.024268657372949987e-22
2.702000000000000000e+03 4.031043928874332530e-21 5.698380285522883427e-21 5.307810102504390603e-22 4.135660774396035959e-20 5.027387275374715478e-21 3.951523143413515668e-22
2.712000000000000000e+03 3.988219817986416965e-21 5.650064954739396182e-21 5.201493325156043171e-22 4.092730956292600284e-20 4.937193958315313766e-21 3.880134675975583447e-22
2.722000000000000000e+03 3.946068282630720826e-21 5.603759229451773947e-21 5.097139077900306622e-22 4.050481180868199987e-20 4.847752732469232212e-21 3.809926033008834355e-22
2.732000000000000000e+03 3.904543939581674614e-21 5.558990164575862234e-21 4.994558985967438471e-22 4.008874155559576100e-20 4.758721512684231383e-21 3.740744618269101135e-22
2.742000000000000000e+03 3.863613600872586465e-21 5.516302052152630866e-21 4.894165855568636128e-22 3.967865103338162915e-20 4.669885410443919981e-21 3.672830828471162623e-22
2.752000000000000000e+03 3.823384756390938498e-21 5.475925996832619950e-21 4.796398079537026501e-22 3.927533443911787502e-20 4.581200298843962558e-21 3.606451868060359960e-22
2.762000000000000000e+03 3.783784323457066239e-21 5.437209599687838264e-21 4.700599128583405762e-22 3.887768157917781639e-20 4.492595528939042138e-21 3.541199239675217179e-22
2.772000000000000000e+03 3.744799901235196387e-21 5.399594266612137335e-21 4.606668436801143225e-22 3.848544813078380650e-20 4.404123791087738361e-21 3.476995843505250314e-22
2.782000000000000000e+03 3.706488660432634973e-21 5.363780267109156642e-21 4.515532991293572425e-22 3.809960126828373203e-20 4.316075291786149896e-21 3.414426220756188943e-22
2.792000000000000000e+03 3.668731873379685416e-21 5.328553265899981261e-21 4.426094910360669804e-22 3.771852066067931892e-20 4.228560187829673260e-21 3.352814075123335887e-22
2.802000000000000000e+03 3.631626217422324104e-21 5.294552381206268377e-21 4.339288594828539746e-22 3.734397498945977381e-20 4.141873031560495469e-21 3.292753356836612518e-22
2.812000000000000000e+03 3.595085965007100954e-21 5.260749968026078059e-21 4.254278434240206722e-22 3.697328720553090668e-20 4.056096521449321761e-21 3.233725619441248439e-22
2.822000000000000000e+03 3.559126754526138247e-21 5.227372316424561533e-21 4.171704860528469394e-22 3.660820752144568911e-20 3.971424095135238398e-21 3.176130613123155119e-22
2.832000000000000000e+03 3.523784655674171601e-21 5.194189441153226885e-21 4.091382218365345521e-22 3.624891702594390938e-20 3.887963108325170388e-21 3.119870257382047117e-22
2.842000000000000000e+03 3.489057569058959921e-21 5.161145703796046528e-21 4.013507346685731670e-22 3.589503304179243291e-20 3.805753506343224937e-21 3.065067247550379847e-22
2.852000000000000000e+03 3.454789072766968935e-21 5.127635214225672195e-21 3.937605563424622194e-22 3.554562937577517940e-20 3.724813050265860608e-21 3.011420418649467327e-22
2.862000000000000000e+03 3.421036248979857174e-21 5.093926661406351969e-21 3.863816827958055244e-22 3.520048209934740568e-20 3.645194451183074139e-21 2.959036694987559399e-22
2.872000000000000000e+03 3.387888532120011523e-21 5.060256061063602333e-21 3.792571340680280967e-22 3.486133262233394556e-20 3.567041344559464104e-21 2.908202129745882862e-22
2.882000000000000000e+03 3.355213406350847463e-21 5.026013158353229308e-21 3.723136546250806396e-22 3.452695485021224000e-20 3.490496643280431195e-21 2.858473309348096582e-22
2.892000000000000000e+03 3.323100854886172399e-21 4.991738273651234975e-21 3.655927567800065441e-22 3.419798808383430740e-20 3.415870357165572740e-21 2.810148053770432316e-22
2.902000000000000000e+03 3.291382952072518061e-21 4.957303314535609778e-21 3.590684343667837427e-22 3.387264188026292189e-20 3.343542326724309291e-21 2.763089644804747796e-22
2.912000000000000000e+03 3.260194664802675149e-21 4.922743215373290955e-21 3.527117051253307914e-22 3.355275712161114118e-20 3.274003320860443754e-21 2.717180226927224013e-22
2.922000000000000000e+03 3.229488423201319030e-21 4.888291836176877351e-21 3.465139631496496977e-22 3.323816892882651153e-20 3.207707405694203380e-21 2.672411553107880679e-22
2.932000000000000000e+03 3.199181520255989376e-21 4.853969522052859168e-21 3.404588841607124312e-22 3.292733167823891846e-20 3.145054817493262360e-21 2.628716051156398151e-22
2.942000000000000000e+03 3.169378229158401618e-21 4.820288885463562436e-21 3.345964148453415063e-22 3.262213065549881369e-20 3.086344297789006371e-21 2.586443545332358996e-22
2.952000000000000000e+03 3.139913456570189893e-21 4.787087080569072250e-21 3.288673877553337020e-22 3.232077381333271694e-20 3.031664664863385821e-21 2.545237534935275651e-22
2.962000000000000000e+03 3.110985971880353175e-21 4.754968343927542597e-21 3.232953026327165268e-22 3.202515888552739702e-20 2.980964009002497749e-21 2.505271989893432747e-22
2.972000000000000000e+03 3.082438707439052569e-21 4.723839416127735454e-21 3.178504851359012786e-22 3.173460019478936763e-20 2.933941448148628398e-21 2.466338332701576918e-22
2.982000000000000000e+03 3.054295157709059724e-21 4.693946840616030374e-21 3.125030958012425925e-22 3.144849992981467805e-20 2.890186161756979100e-21 2.428237739942421544e-22
2.992000000000000000e+03 3.026635902700451278e-21 4.665576997645629303e-21 3.072708689473237473e-22 3.116740815233987802e-20 2.849161643702049250e-21 2.391052652136397936e-22
3.002000000000000000e+03 2.999299566685047257e-21 4.638762778652961236e-21 3.021341289173753645e-22 3.089134911713595209e-20 2.810295019186309217e-21 2.354614208142353192e-22
3.012000000000000000e+03 2.972426862289502468e-21 4.613723168634002064e-21 2.970903349244104511e-22 3.062045532951276623e-20 2.772920756672432997e-21 2.318873819383430724e-22
3.022000000000000000e+03 2.945964340944669035e-21 4.590459076175363586e-21 2.921283969454558541e-22 3.035449459541979281e-20 2.736415793893539542e-21 2.283715855210941578e-22
3.032000000000000000e+03 2.919973712375284260e-21 4.569266513933786194e-21 2.872719929874230044e-22 3.009375582856759602e-20 2.700266602899028155e-21 2.249259730260707897e-22
3.042000000000000000e+03 2.894323247913348561e-21 4.549557684309989242e-21 2.824558444556301357e-22 2.983726978406147498e-20 2.663933127944095176e-21 2.215044588624174078e-22
3.052000000000000000e+03 2.869077297460132254e-21 4.531617068095805365e-21 2.777170221345596744e-22 2.958511316062573229e-20 2.627090845177505606e-21 2.181285109426299225e-22
3.062000000000000000e+03 2.844272515998022488e-21 4.515623547563437679e-21 2.730874998307580403e-22 2.933850672764793551e-20 2.589516090260441150e-21 2.148170236879983733e-22
3.072000000000000000e+03 2.819869597818281801e-21 4.500733913252257760e-21 2.685075981915402607e-22 2.909527620999571249e-20 2.550979225873624422e-21 2.115292818636263396e-22
3.082000000000000000e+03 2.795926100115570260e-21 4.487336194356593877e-21 2.640188063776758803e-22 2.885643048569026992e-20 2.511505007807523159e-21 2.082923895826279719e-22
3.092000000000000000e+03 2.772363936333131128e-21 4.474723260225706190e-21 2.596022696808768652e-22 2.862133116351704199e-20 2.471136595412759240e-21 2.050929494315397063e-22
3.102000000000000000e+03 2.749232633243571708e-21 4.463005231629847183e-21 2.552781046327651271e-22 2.839084470964511046e-20 2.430034696795250836e-21 2.019452208209640773e-22
3.112000000000000000e+03 2.726520163668118911e-21 4.451378578425717175e-21 2.510244404911885957e-22 2.816313102796397801e-20 2.388362173575946706e-21 1.988349225176743245e-22
3.122000000000000000e+03 2.704038821182494361e-21 4.439570719198529575e-21 2.468338056974192493e-22 2.793694928150415089e-20 2.346325399618746332e-21 1.957572996964342878e-22
3.132000000000000000e+03 2.682050034682502949e-21 4.428110547464697164e-21 2.427624794527179207e-22 2.771550768738953176e-20 2.304160071441604483e-21 1.927521235181198533e-22
3.142000000000000000e+03 2.660459344543429309e-21 4.416511013466161163e-21 2.387933957529216693e-22 2.749724929592855029e-20 2.262007821528127427e-21 1.898083933798854503e-22
3.152000000000000000e+03 2.639205349754422927e-21 4.404410506269080861e-21 2.349196390995073207e-22 2.728176655641669689e-20 2.220009525670100550e-21 1.869220053936165460e-22
3.162000000000000000e+03 2.618350204148051640e-21 4.391798551628185206e-21 2.311545550622951036e-22 2.706913591615119237e-20 2.178264608825361847e-21 1.841027164404209156e-22
3.172000000000000000e+03 2.597864580036010944e-21 4.378297011061221427e-21 2.274942068860193909e-22 2.685988335202826300e-20 2.136869410010226862e-21 1.813482679135309080e-22
3.182000000000000000e+03 2.577582722778378518e-21 4.363652539298940855e-21 2.239198900222814383e-22 2.665305578473458306e-20 2.095904438492141326e-21 1.786464213838000621e-22
3.192000000000000000e+03 2.557722545553764067e-21 4.348498256732556024e-21 2.204635593817402938e-22 2.644863802792024117e-20 2.055507462327052152e-21 1.760209702355774678e-22
3.202000000000000000e+03 2.538086490114471391e-21 4.331998542243455821e-21 2.170825392913218072e-22 2.624632153859662399e-20 2.015859237451231297e-21 1.734440608973670210e-22
3.212000000000000000e+03 2.518843383980796196e-21 4.314893658677551008e-21 2.138144467654112524e-22 2.604801188542352812e-20 1.977255086669073726e-21 1.709443271807041626e-22
3.222000000000000000e+03 2.499869352257865939e-21 4.297246249676061185e-21 2.106403646846562076e-22 2.585182188599214889e-20 1.940027145931450533e-21 1.685120154953943496e-22
3.232000000000000000e+03 2.481152738309351386e-21 4.278895236054817827e-21 2.075406201247961823e-22 2.565866416139948002e-20 1.904541126468004038e-21 1.661374751854525688e-22
3.242000000000000000e+03 2.462692081007858547e-21 4.260323560277218216e-21 2.045238310988294740e-22 2.546720437833665326e-20 1.871121540164137532e-21 1.638298319853283677e-22
3.252000000000000000e+03 2.444511132326703600e-21 4.241880524391099396e-21 2.015777260047556350e-22 2.527884361560662014e-20 1.839995025567702701e-21 1.615840846169181785e-22
3.262000000000000000e+03 2.426605278354897272e-21 4.223667438100715285e-21 1.986907738686945888e-22 2.509348714547991117e-20 1.811240785053917224e-21 1.593939354751807561e-22
3.272000000000000000e+03 2.408953390220246412e-21 4.205999551068541248e-21 1.958711095961472693e-22 2.491247273365789495e-20 1.784789374751181034e-21 1.572647870695317331e-22
3.282000000000000000e+03 2.391604512707563879e-21 4.189348959923719109e-21 1.931042761744974484e-22 2.473382654096935037e-20 1.760425179856802394e-21 1.551866276658466915e-22
3.292000000000000000e+03 2.374449460567347913e-21 4.174087229487740121e-21 1.903932253229253837e-22 2.455751186892839639e-20 1.737834808554404073e-21 1.531590414053740644e-22
3.302000000000000000e+03 2.357651877233554744e-21 4.160239941907727150e-21 1.877128481842200016e-22 2.438598936551954721e-20 1.716611164894799066e-21 1.511634059451913332e-22
3.312000000000000000e+03 2.341009252087989750e-21 4.146714610332567425e-21 1.850249276857661069e-22 2.421812628202964704e-20 1.696248466171840712e-21 1.491685544801996723e-22
3.322000000000000000e+03 2.324661716664568609e-21 4.135809217375042344e-21 1.823916239098257655e-22 2.405320938468745850e-20 1.676466161049796690e-21 1.472160854285894218e-22
3.332000000000000000e+03 2.308632776127444930e-21 4.127212642687922237e-21 1.798063776676278983e-22 2.389318397954089181e-20 1.656829552337587643e-21 1.452980589469498541e-22
3.342000000000000000e+03 2.292809479420933311e-21 4.121010502428349355e-21 1.772584428909557364e-22 2.373525457923413502e-20 1.636989268831285516e-21 1.434042450813441061e-22
3.352000000000000000e+03 2.277278374320243351e-21 4.116745800275508700e-21 1.747265497995775182e-22 2.358143524909084176e-20 1.616651680202500313e-21 1.415182122162990106e-22
3.362000000000000000e+03 2.262158316306796962e-21 4.115137246925515179e-21 1.722482483675600481e-22 2.343247437476088887e-20 1.595652575928731824e-21 1.396645332445435722e-22
3.372000000000000000e+03 2.247214587886159139e-21 4.115718718683290333e-21 1.697836115886557743e-22 2.328384063938175174e-20 1.573860115929606165e-21 1.378142258821645391e-22
3.382000000000000000e+03 2.232710136999376374e-21 4.118640957099848275e-21 1.673783615136469485e-22 2.314081056768930786e-20 1.551285471739845059e-21 1.359986713225678718e-22
3.392000000000000000e+03 2.218252246326309582e-21 4.122698719498018349e-21 1.649775375515403113e-22 2.299779426906313859e-20 1.527967780941310663e-21 1.341787911338003753e-22
3.402000000000000000e+03 2.204251408887751857e-21 4.128547374603239254e-21 1.626366458276696515e-22 2.285826865439360996e-20 1.504073250633157205e-21 1.323947510748677861e-22
3.412000000000000000e+03 2.190568824559217743e-21 4.135411260114346344e-21 1.603456920863622204e-22 2.272142576615553471e-20 1.479775668140913132e-21 1.306398650905309486e-22
3.422000000000000000e+03 2.177224891558380565e-21 4.143275159575922535e-21 1.581101305598159715e-22 2.258679125299276068e-20 1.455285237688523493e-21 1.289193939327605928e-22
3.432000000000000000e+03 2.164061611575731740e-21 4.151338195801628265e-21 1.559162462927077559e-22 2.245234342529251896e-20 1.430778382525240026e-21 1.272242117723710722e-22
3.442000000000000000e+03 2.151208024115426997e-21 4.159176375938322337e-21 1.537856441920388585e-22 2.231980438543088859e-20 1.406425803949902185e-21 1.255702406979654758e-22
3.452000000000000000e+03 2.138682111217312620e-21 4.166581363883714435e-21 1.517290184774754236e-22 2.218948108614282088e-20 1.382329610000544939e-21 1.239654688907774891e-22
3.462000000000000000e+03 2.126364442601527737e-21 4.172843577195895457e-21 1.497278409448204208e-22 2.205960531447137753e-20 1.358525108182893845e-21 1.223969273525276764e-22
3.472000000000000000e+03 2.114408791923915188e-21 4.177668283416633015e-21 1.478051995212403650e-22 2.193258057527826998e-20 1.335018370449496620e-21 1.208806459272830955e-22
3.482000000000000000e+03 2.102611386218879214e-21 4.181096669956939823e-21 1.459519822689770463e-22 2.180758142027289095e-20 1.311753364367452600e-21 1.194096395910400305e-22
3.492000000000000000e+03 2.091027834401138280e-21 4.181893031412932874e-21 1.441606489564753804e-22 2.168360015645309822e-20 1.288655531139561629e-21 1.179775908455969851e-22
3.502000000000000000e+03 2.079786634938727692e-21 4.180642657446536265e-21 1.424023066987890359e-22 2.155959013768245792e-20 1.265685721894158336e-21 1.165658352081591640e-22
3.512000000000000000e+03 2.068551203345828814e-21 4.177185377035524965e-21 1.407238117729643299e-22 2.143690349552128879e-20 1.242839243443186923e-21 1.152046985851565458e-22
3.522000000000000000e+03 2.057696115469999680e-21 4.172281271005758650e-21 1.391306243551620791e-22 2.131699011644121451e-20 1.220235261985082532e-21 1.139007598443310026e-22
3.532000000000000000e+03 2.046930174146834769e-21 4.165500544969705144e-21 1.375948878426030675e-22 2.119804086948426425e-20 1.198125210388562050e-21 1.126363704089121154e-22
3.542000000000000000e+03 2.036195229639797455e-21 4.156491589168912874e-21 1.361057487217957245e-22 2.107814490967692979e-20 1.176893181088648649e-21 1.114073917728761995e-22
3.552000000000000000e+03 2.025985506619286421e-21 4.147347242746988878e-21 1.347249487724822411e-22 2.096272762622565615e-20 1.156996347987332453e-21 1.102627519361464610e-22
3.562000000000000000e+03 2.015611826166833617e-21 4.136211519621175993e-21 1.333461737075336889e-22 2.084749645634095535e-20 1.138852423280117875e-21 1.091319844977521224e-22
3.572000000000000000e+03 2.005587985850749897e-21 4.125287918280152558e-21 1.320457826547152661e-22 2.073376392913069784e-20 1.122776413794061696e-21 1.080727662322329354e-22
3.582000000000000000e+03 1.995551579862359798e-21 4.114022163214863454e-21 1.307625828839365830e-22 2.062053657152905024e-20 1.108904253278998762e-21 1.070443790568138992e-22
3.592000000000000000e+03 1.985705570772869690e-21 4.103414065324430793e-21 1.295314300846930746e-22 2.050998627780135357e-20 1.097193176309486064e-21 1.060714656536550924e-22
3.602000000000000000e+03 1.976004473491236335e-21 4.093631454065726846e-21 1.283115594162512130e-22 2.040240002709412419e-20 1.087451820175165326e-21 1.051250731256782806e-22
3.612000000000000000e+03 1.966691393448484139e-21 4.085719813488439706e-21 1.271355619909872229e-22 2.029951159505877179e-20 1.079384823568015109e-21 1.042257403314206145e-22
3.622000000000000000e+03 1.957228132968033879e-21 4.079063045771214493e-21 1.259411579751652235e-22 2.019875740113794000e-20 1.072602250638775079e-21 1.033258841104652924e-22
3.632000000000000000e+03 1.947921681147468500e-21 4.074887500135069846e-21 1.247644326350112280e-22 2.009862224175573159e-20 1.066688361155955321e-21 1.024473275890661215e-22
3.642000000000000000e+03 1.938996143536180676e-21 4.073559851110997112e-21 1.236071580662160019e-22 2.000568379833043257e-20 1.061217301663922558e-21 1.015882041400910777e-22
3.652000000000000000e+03 1.930233381329737703e-21 4.074838386179996661e-21 1.224533631509430962e-22 1.991622848461889650e-20 1.055765505439777393e-21 1.007328797608362947e-22
3.662000000000000000e+03 1.921615636062458860e-21 4.078896879297218003e-21 1.212914834112087478e-22 1.983163635101188329e-20 1.049967902426805100e-21 9.987020617038259862e-23
3.672000000000000000e+03 1.913186130014821753e-21 4.085774634960374601e-21 1.201324769935917667e-22 1.974968979776815413e-20 1.043520488545273006e-21 9.900488337054075507e-23
3.682000000000000000e+03 1.905065852386629935e-21 4.095457464167313471e-21 1.189795694246171374e-22 1.967110600034247147e-20 1.036196344422897550e-21 9.813737635755423015e-23
3.692000000000000000e+03 1.897089086602784922e-21 4.105072943867950274e-21 1.177949303968249410e-22 1.959680430292054844e-20 1.027866035469285601e-21 9.723869099489765898e-23
3.702000000000000000e+03 1.889322049071646760e-21 4.117475359555791054e-21 1.166239752839879555e-22 1.952600246823897109e-20 1.018526351707698949e-21 9.634145002649477594e-23
3.712000000000000000e+03 1.881889896864504610e-21 4.132549324999991021e-21 1.154751873963626618e-22 1.945717408150247635e-20 1.008213967172635123e-21 9.545191649740241516e-23
3.722000000000000000e+03 1.874697394063025853e-21 4.148898466615287273e-21 1.143333866698703116e-22 1.939065492287799970e-20 9.970278542902357857e-22 9.455950830959631835e-23
3.732000000000000000e+03 1.867622731298262924e-21 4.165978874503937193e-21 1.132030932727203067e-22 1.932346519784879000e-20 9.851115624192731497e-22 9.366782507751048462e-23
3.742000000000000000e+03 1.860859199424887660e-21 4.183776724100160289e-21 1.121046383106632056e-22 1.926078391355664532e-20 9.726360794868082452e-22 9.279282823992929255e-23
3.752000000000000000e+03 1.854355062982882238e-21 4.201304272858320735e-21 1.110270950843044439e-22 1.919806133953421657e-20 9.597617711745357888e-22 9.192767767434040285e-23
3.762000000000000000e+03 1.848067599996663407e-21 4.217428476613619205e-21 1.099788419912190638e-22 1.913539433637544570e-20 9.466306457006693426e-22 9.107872515503368400e-23
3.772000000000000000e+03 1.842012720466505806e-21 4.232311168027877554e-21 1.089673444535770191e-22 1.907652359053829425e-20 9.333565074597581826e-22 9.025233563118260645e-23
3.782000000000000000e+03 1.835899311024732811e-21 4.243995035812112829e-21 1.079759481246087146e-22 1.901336412929186065e-20 9.199648660210314214e-22 8.943556979876628626e-23
3.792000000000000000e+03 1.830268686765102744e-21 4.253663416790975777e-21 1.070382950362335880e-22 1.895262599031113171e-20 9.064906089422214828e-22 8.865382921639541774e-23
3.802000000000000000e+03 1.824782554968266530e-21 4.260010450060977823e-21 1.061459112851818233e-22 1.889451057102140159e-20 8.929219950507039259e-22 8.789980241022476912e-23
3.812000000000000000e+03 1.819382906742052538e-21 4.262895801581788398e-21 1.052817948289372528e-22 1.883334317049791146e-20 8.792465515063873038e-22 8.716137157492167075e-23
3.822000000000000000e+03 1.813893259259854356e-21 4.261810712700981087e-21 1.044521298348304656e-22 1.877303287102337061e-20 8.654874730150030768e-22 8.644243622312768216e-23
3.832000000000000000e+03 1.808867341837424445e-21 4.258465113782095101e-21 1.036872174613631236e-22 1.871595092848312831e-20 8.517443449907753364e-22 8.576667351892668888e-23
3.842000000000000000e+03 1.803737132377527223e-21 4.251242128936766468e-21 1.029432686009516708e-22 1.865689734616415232e-20 8.382228818482245629e-22 8.510408140134293659e-23
3.852000000000000000e+03 1.798715708694290244e-21 4.241564878745859096e-21 1.022355383830736747e-22 1.859542896549173917e-20 8.252353460711592807e-22 8.446944049295259474e-23
3.862000000000000000e+03 1.793872979580263899e-21 4.229698924302160952e-21 1.015589141969971656e-22 1.853644205561815631e-20 8.131702552034651206e-22 8.386390839257417490e-23
3.872000000000000000e+03 1.788934827067852012e-21 4.216347065814743288e-21 1.009148565274105303e-22 1.847868344253555091e-20 8.023486028813684412e-22 8.329192916244621015e-23
3.882000000000000000e+03 1.784111224464742620e-21 4.201724759396293442e-21 1.002772557787282993e-22 1.842024416094225429e-20 7.929870767775621378e-22 8.273902956709940486e-23
3.892000000000000000e+03 1.779269187847644506e-21 4.185469697961353423e-21 9.960210897162044185e-23 1.836040830977366835e-20 7.851192265141806669e-22 8.217564768368002146e-23
3.902000000000000000e+03 1.774687234544923815e-21 4.170407838478414451e-21 9.897949369024740226e-23 1.830593420710976349e-20 7.786825742675970066e-22 8.166455551811994196e-23
3.912000000000000000e+03 1.770117218709344440e-21 4.156710942602574814e-21 9.837534294420248279e-23 1.825158472369928490e-20 7.734401582749931422e-22 8.117955463801964304e-23
3.922000000000000000e+03 1.765522019607586013e-21 4.144814954469600192e-21 9.777661570780159019e-23 1.820235370779827403e-20 7.690911738251164391e-22 8.070869857238287555e-23
3.932000000000000000e+03 1.761079702077363025e-21 4.135715815500500357e-21 9.717670921206859933e-23 1.815055443093663230e-20 7.653036685221995178e-22 8.024441288968305132e-23
3.942000000000000000e+03 1.756895120450454501e-21 4.129074761294809834e-21 9.658045190796856931e-23 1.810664046860665050e-20 7.617178221389338032e-22 7.978627777692180481e-23
3.952000000000000000e+03 1.752572590814322606e-21 4.126011297188591970e-21 9.596589136375420483e-23 1.806540974683797954e-20 7.580296609873692037e-22 7.931542789937214584e-23
3.962000000000000000e+03 1.748648908379544937e-21 4.126667532357620975e-21 9.535813577691933927e-23 1.802658188153624145e-20 7.539271678977225415e-22 7.884669202723527729e-23
3.972000000000000000e+03 1.744531431962498720e-21 4.130025191544451839e-21 9.471100354458166052e-23 1.798854082742192680e-20 7.491964411901388643e-22 7.834449480296820710e-23
3.982000000000000000e+03 1.740853240537766931e-21 4.137956533113918682e-21 9.408674224302203237e-23 1.795911594521282771e-20 7.437125532954136563e-22 7.785206955564675569e-23
3.992000000000000000e+03 1.737438134719588666e-21 4.149020675173069775e-21 9.344509306855317790e-23 1.792880185722681145e-20 7.374036584693209751e-22 7.733989241087166509e-23
4.002000000000000000e+03 1.734109162781997902e-21 4.163245272856005190e-21 9.280696381772759081e-23 1.790033407843946565e-20 7.303066020042681850e-22 7.682221240581572113e-23
4.012000000000000000e+03 1.730997328313218547e-21 4.180304531434228196e-21 9.216700974258842336e-23 1.787403215281841882e-20 7.225207847594713934e-22 7.629640073134382151e-23
4.022000000000000000e+03 1.728142300968530367e-21 4.199200916897621876e-21 9.153380968553177967e-23 1.784776281012948398e-20 7.141949128127469596e-22 7.576946376141811141e-23
4.032000000000000000e+03 1.725502848391440496e-21 4.219318175981308753e-21 9.091148090209342340e-23 1.782045322507165778e-20 7.055208540256614201e-22 7.524587539862432698e-23
4.042000000000000000e+03 1.723086546786721129e-21 4.240393440598646797e-21 9.031259766749539726e-23 1.779595294578157757e-20 6.967034684652977000e-22 7.473642208107377002e-23
4.052000000000000000e+03 1.720950766934150320e-21 4.261387517781087884e-21 8.974774733224573698e-23 1.776924606140170913e-20 6.879509551924160313e-22 7.425035295377726990e-23
4.062000000000000000e+03 1.719204785618452819e-21 4.281058290025359717e-21 8.921471338562067873e-23 1.774689542932377984e-20 6.794371555014952435e-22 7.378810871413466233e-23
4.072000000000000000e+03 1.717402753945453743e-21 4.297897992587095373e-21 8.870348731843929487e-23 1.772000588530578316e-20 6.713051358267425697e-22 7.334319901535266448e-23
4.082000000000000000e+03 1.715903182071871241e-21 4.308167157405399978e-21 8.818326983487169880e-23 1.769622248104545984e-20 6.636326846225225997e-22 7.289539791179694646e-23
4.092000000000000000e+03 1.714350832931887520e-21 4.317103616511958768e-21 8.772631766155539135e-23 1.766968333755423883e-20 6.564580116234326390e-22 7.249551603211399693e-23
4.102000000000000000e+03 1.713258604035995817e-21 4.323662980657659334e-21 8.735113027681631995e-23 1.764843735605244561e-20 6.497040767984370186e-22 7.215610233487114635e-23
4.112000000000000000e+03 1.712336461893565469e-21 4.325658481890086130e-21 8.702466576344406289e-23 1.762680966245841467e-20 6.431989760221487919e-22 7.185130515372408523e-23
4.122000000000000000e+03 1.710891737767559521e-21 4.322287777996347960e-21 8.673565299231159397e-23 1.760057167181809162e-20 6.367192711892316769e-22 7.156914883127666405e-23
4.132000000000000000e+03 1.710252905818251178e-21 4.315265212846947178e-21 8.654034350508327259e-23 1.758076887765653435e-20 6.300022286770719689e-22 7.134741436841239619e-23
4.142000000000000000e+03 1.709117466041529672e-21 4.302991974302232702e-21 8.637751753991423029e-23 1.755569717010211377e-20 6.228504544339249467e-22 7.113861191348977529e-23
4.152000000000000000e+03 1.708490869152533458e-21 4.286971382844456353e-21 8.629986357997065366e-23 1.753431593530821859e-20 6.152071286795685563e-22 7.097947184748772512e-23
4.162000000000000000e+03 1.707320171705576587e-21 4.266695837525130301e-21 8.625739062712616502e-23 1.750991578796200810e-20 6.072815319728189002e-22 7.083613179924693959e-23
4.172000000000000000e+03 1.706411607231179662e-21 4.243843077529373888e-21 8.627704191907693972e-23 1.748206796413341818e-20 5.995402533948534267e-22 7.073448592740742615e-23
4.182000000000000000e+03 1.705513078891540885e-21 4.218012840680607821e-21 8.632749185044427574e-23 1.745792050783928688e-20 5.926304978230572781e-22 7.066198825979061491e-23
4.192000000000000000e+03 1.704645609645271655e-21 4.190849899431491731e-21 8.643544715244370938e-23 1.743402865086862257e-20 5.871552018669846870e-22 7.064610960854367742e-23
4.202000000000000000e+03 1.703420133159666863e-21 4.162891396762107366e-21 8.656886550519594664e-23 1.740467913572096492e-20 5.834922399149915430e-22 7.067116001686136884e-23
4.212000000000000000e+03 1.702145210228654721e-21 4.134850538955179153e-21 8.672498604552575789e-23 1.737689561102661159e-20 5.817543102894471334e-22 7.073872045374841280e-23
4.222000000000000000e+03 1.701037310921318516e-21 4.107659845127273735e-21 8.692860737345316887e-23 1.735287238005719480e-20 5.818374497720769492e-22 7.086500488085236627e-23
4.232000000000000000e+03 1.699667191728852162e-21 4.081535739171541307e-21 8.710875249396442519e-23 1.732841656097529814e-20 5.834916627963926777e-22 7.099858280331292349e-23
4.242000000000000000e+03 1.698531839109263493e-21 4.057175846319619742e-21 8.729344426178968548e-23 1.730944332989632165e-20 5.863856649460146481e-22 7.115427771748239464e-23
4.252000000000000000e+03 1.697314857095851812e-21 4.035036690114891580e-21 8.749035469799111241e-23 1.729374247782510406e-20 5.901524679101754365e-22 7.133111166443686837e-23
4.262000000000000000e+03 1.695846528699380983e-21 4.015050651747093254e-21 8.764822966786502843e-23 1.727876706373435768e-20 5.943982282046227486e-22 7.148866933364720612e-23
4.272000000000000000e+03 1.694860908701768104e-21 3.994363692808016382e-21 8.775261205780766285e-23 1.727418273616953108e-20 5.987195775237844921e-22 7.161187365017428824e-23
4.282000000000000000e+03 1.693589895751652754e-21 3.976200835244900067e-21 8.783679594167443902e-23 1.727366407837075601e-20 6.027785210513729971e-22 7.171757161723321799e-23
4.292000000000000000e+03 1.692628455815501056e-21 3.960806452766449706e-21 8.791527609369791651e-23 1.727748588950075723e-20 6.062639059889562716e-22 7.181233689907937456e-23
4.302000000000000000e+03 1.691484718843131795e-21 3.948046072069484190e-21 8.797119722589253655e-23 1.728202923191869499e-20 6.089224239140179440e-22 7.188063757056017438e-23
4.312000000000000000e+03 1.690481701168094063e-21 3.937597068429695208e-21 8.801574890607193980e-23 1.729413047817960415e-20 6.105890829959098265e-22 7.192848393819913819e-23
4.322000000000000000e+03 1.689809431791062868e-21 3.927864362224416523e-21 8.803648766552931609e-23 1.731050073948488664e-20 6.111506252944451967e-22 7.194593046988772066e-23
4.332000000000000000e+03 1.689002714529447192e-21 3.919284257412977956e-21 8.802439918091380930e-23 1.732518010528509455e-20 6.106086024799070424e-22 7.192624832651973327e-23
4.342000000000000000e+03 1.688326373099506779e-21 3.910305336436645147e-21 8.800179776847085747e-23 1.734205626232750294e-20 6.090025382557809363e-22 7.188486660642886620e-23
4.352000000000000000e+03 1.687906714981511112e-21 3.901628054629294961e-21 8.797174830909059003e-23 1.736018086453968078e-20 6.064380774758876125e-22 7.182558806154906450e-23
4.362000000000000000e+03 1.687463353460129110e-21 3.891869324353049751e-21 8.793825466339029414e-23 1.737637849871638665e-20 6.030235434446177339e-22 7.175131855470782444e-23
4.372000000000000000e+03 1.687076883443001872e-21 3.880626326463242146e-21 8.789735431607201642e-23 1.738828966219605045e-20 5.989305526627547462e-22 7.166151788432912163e-23
4.382000000000000000e+03 1.687096878094631825e-21 3.867628787027407420e-21 8.787921542255271135e-23 1.740570769146005517e-20 5.943376397678593526e-22 7.157917789947779395e-23
4.392000000000000000e+03 1.686732889085330002e-21 3.852194878039623364e-21 8.784622343487071548e-23 1.741251157971117760e-20 5.893942822335740999e-22 7.147927024344260817e-23
4.402000000000000000e+03 1.686381018590762543e-21 3.834239929313041755e-21 8.783428988247388651e-23 1.741981242634349476e-20 5.842060310788298310e-22 7.138777984588982116e-23
4.412000000000000000e+03 1.686393539813696666e-21 3.813746751144584974e-21 8.786471543276119097e-23 1.742956602429698975e-20 5.788084556036212063e-22 7.131963253676926414e-23
4.422000000000000000e+03 1.685961349172094947e-21 3.790489827107295742e-21 8.788756579315649933e-23 1.743018502536441320e-20 5.731823530674696804e-22 7.123956986583609211e-23
4.432000000000000000e+03 1.685680024298104700e-21 3.764777673666961285e-21 8.794364478464031516e-23 1.743218314547667855e-20 5.672502927526862999e-22 7.117424538367430952e-23
4.442000000000000000e+03 1.685055213904374746e-21 3.736641550325299713e-21 8.800876651370521444e-23 1.742657165854702247e-20 5.609462294647119779e-22 7.110523311270789704e-23
4.452000000000000000e+03 1.684399184118527081e-21 3.706465950335390012e-21 8.809864577535426131e-23 1.742193223481655068e-20 5.542141150991615017e-22 7.104215154951303621e-23
4.462000000000000000e+03 1.683657891354052242e-21 3.674325257176289598e-21 8.814281465131141033e-23 1.741257129678389929e-20 5.471730985577543074e-22 7.094043550347619344e-23
4.472000000000000000e+03 1.682528706978265426e-21 3.640726987462252176e-21 8.816756501425679563e-23 1.740003111369326177e-20 5.401164657617536958e-22 7.082164482024276051e-23
4.482000000000000000e+03 1.681376098922045696e-21 3.606459909939334652e-21 8.821676261070375357e-23 1.738411743793726093e-20 5.335102474461604410e-22 7.072312208574537952e-23
4.492000000000000000e+03 1.679843371783443948e-21 3.571741026607870815e-21 8.828336002880192171e-23 1.736732376627910843e-20 5.277802431110893882e-22 7.064771543607096437e-23
4.502000000000000000e+03 1.678253474004489320e-21 3.536932708393684092e-21 8.833885573547092927e-23 1.734478181616365177e-20 5.231495704415593679e-22 7.058264413961835495e-23
4.512000000000000000e+03 1.676345166737169924e-21 3.502329787400168891e-21 8.838809654648579168e-23 1.732326729067801535e-20 5.195498759848277049e-22 7.053046879067264521e-23
4.522000000000000000e+03 1.674306318515051772e-21 3.468183947957639403e-21 8.838853877520439867e-23 1.729801699727408456e-20 5.167340440398467885e-22 7.046062738641361768e-23
4.532000000000000000e+03 1.671954563889457748e-21 3.434806150607707545e-21 8.835687813013927503e-23 1.727342313877309212e-20 5.143580396690459866e-22 7.037772596260529466e-23
4.542000000000000000e+03 1.669697524842447860e-21 3.402305867183007322e-21 8.829140537803941564e-23 1.724896429789040828e-20 5.120545218838480963e-22 7.027480247528366894e-23
4.552000000000000000e+03 1.666953718452397677e-21 3.370847811724899044e-21 8.816510203614745761e-23 1.722135029524799378e-20 5.094905789084463140e-22 7.012757206511609108e-23
4.562000000000000000e+03 1.664310823164842776e-21 3.340490558378850528e-21 8.799115456958361842e-23 1.719601311617085552e-20 5.064328420998104044e-22 6.994115420752788850e-23
4.572000000000000000e+03 1.661509760668860172e-21 3.311225572037500978e-21 8.777195098313878048e-23 1.716920154934317132e-20 5.027569015593446990e-22 6.971408653764189550e-23
4.582000000000000000e+03 1.658657060700160769e-21 3.282917055217604933e-21 8.749179288739431973e-23 1.714217375134489830e-20 4.984248321183098185e-22 6.943574447956985279e-23
4.592000000000000000e+03 1.655730693955441931e-21 3.255528139245934847e-21 8.717000851213078229e-23 1.711514119416101074e-20 4.934735407363222214e-22 6.911878363975349107e-23
4.602000000000000000e+03 1.652793799584237362e-21 3.228938892360760586e-21 8.680269863960241798e-23 1.708480010175335588e-20 4.879944128453191467e-22 6.876231312832199187e-23
4.612000000000000000e+03 1.649781442473970847e-21 3.202980918258854033e-21 8.639743975565061924e-23 1.705303200564377859e-20 4.821387802182801931e-22 6.837373397451692367e-23
4.622000000000000000e+03 1.646776847123280919e-21 3.177455711855030992e-21 8.597646021647936595e-23 1.701827600024686287e-20 4.760825628727084849e-22 6.797037926220749083e-23
4.632000000000000000e+03 1.643733733224265301e-21 3.152275834786547782e-21 8.554110218057260362e-23 1.698340944664744016e-20 4.700783883942167585e-22 6.755809792345042383e-23
4.642000000000000000e+03 1.640773796510865770e-21 3.127268792715548837e-21 8.512071721655281272e-23 1.694729268706013446e-20 4.643570064574685248e-22 6.716016113445800009e-23
4.652000000000000000e+03 1.637684432945512665e-21 3.102307225353334374e-21 8.469380829512388639e-23 1.691153816068367809e-20 4.592093811011401342e-22 6.676911432693165900e-23
4.662000000000000000e+03 1.634567371935179092e-21 3.075789338338083322e-21 8.415618363021724598e-23 1.687546513896686290e-20 4.548893072773691373e-22 6.632546537575944746e-23
4.672000000000000000e+03 1.631273719661280053e-21 3.050286155611807950e-21 8.371238859861657795e-23 1.683843951341865438e-20 4.516724881311260449e-22 6.596349261484798324e-23
4.682000000000000000e+03 1.627988844865818685e-21 3.024999948516142278e-21 8.332420432864817713e-23 1.680426323692462334e-20 4.497533149263759181e-22 6.566377137310488574e-23
4.692000000000000000e+03 1.624611352371661990e-21 2.999624007246624763e-21 8.299072542828013851e-23 1.677208660963685090e-20 4.492940552721046470e-22 6.542882793953916416e-23
4.702000000000000000e+03 1.621038322312815335e-21 2.974124503767524449e-21 8.269821322068731174e-23 1.673971491908042461e-20 4.504326705379004579e-22 6.525239728353760626e-23
4.712000000000000000e+03 1.617390926630520552e-21 2.948586733941781349e-21 8.246558848232075492e-23 1.670920593819862712e-20 4.532171438297881470e-22 6.514662030648445531e-23
4.722000000000000000e+03 1.613628059333315481e-21 2.922929451207141314e-21 8.230002731790729144e-23 1.668135697869500418e-20 4.576335369760532864e-22 6.511429848719393823e-23
4.732000000000000000e+03 1.609749084169581188e-21 2.897259177373427411e-21 8.219242804262578687e-23 1.665370825589545610e-20 4.635081646273718899e-22 6.514468925409307274e-23
4.742000000000000000e+03 1.605652948126633471e-21 2.871504924703433744e-21 8.212614700392557035e-23 1.662532400190015807e-20 4.705825072480939927e-22 6.522045028451542719e-23
4.752000000000000000e+03 1.601373874254854208e-21 2.845803811185922561e-21 8.209803586883428744e-23 1.659384465259948120e-20 4.783530710067786992e-22 6.532878920068263912e-23
4.762000000000000000e+03 1.596965222237892416e-21 2.820181988312277002e-21 8.210903445704036268e-23 1.656222280292370492e-20 4.860594520217453146e-22 6.545598237886656802e-23
4.772000000000000000e+03 1.592407285615886570e-21 2.794680401578560263e-21 8.214381995506760015e-23 1.652790471330509801e-20 4.926106664032648280e-22 6.557343721191378894e-23
4.782000000000000000e+03 1.587708412444454245e-21 2.769338078460772326e-21 8.218510144792853284e-23 1.649130897770187109e-20 4.967720627293806340e-22 6.565029153093260610e-23
4.792000000000000000e+03 1.582851037672910730e-21 2.744177111498401617e-21 8.221705245259207479e-23 1.645156108938464884e-20 4.977985668326412681e-22 6.566533402267382901e-23
4.802000000000000000e+03 1.577880337420038635e-21 2.719228544224487879e-21 8.222493361312545940e-23 1.640917404710240611e-20 4.963276283239992183e-22 6.562104437049834145e-23
4.812000000000000000e+03 1.572820025246239150e-21 2.694483039793827464e-21 8.219372808661888271e-23 1.636485458536372301e-20 4.943009292340649993e-22 6.554165096388873900e-23
4.822000000000000000e+03 1.567637679740646413e-21 2.669971754754090768e-21 8.209759693803616383e-23 1.631750100632024565e-20 4.935490560359237031e-22 6.544293726728410578e-23
4.832000000000000000e+03 1.562388464009746496e-21 2.645684143936016425e-21 8.193173968006656434e-23 1.626850385277292110e-20 4.947906204922347526e-22 6.533459326449880176e-23
4.842000000000000000e+03 1.557076744585822162e-21 2.621606973710297964e-21 8.167430713955822524e-23 1.621811781539228708e-20 4.977710535386273963e-22 6.519736940075345192e-23
4.852000000000000000e+03 1.551728282796193734e-21 2.597716512225084889e-21 8.113863849946189375e-23 1.616649265816256849e-20 5.018576933986134414e-22 6.489952322510399144e-23
4.862000000000000000e+03 1.546341956664038966e-21 2.574083012178794719e-21 8.061077649054365444e-23 1.611368505316926674e-20 5.062484884962746935e-22 6.460850584441451163e-23
4.872000000000000000e+03 1.540958876020433514e-21 2.550737377975982401e-21 8.000091572254900684e-23 1.606050129892184042e-20 5.102348878687705209e-22 6.425499168763254304e-23
4.882000000000000000e+03 1.535571992816363433e-21 2.527645926962211318e-21 7.931770687967112848e-23 1.600707239224472307e-20 5.132244667415933748e-22 6.383531074240500317e-23
4.892000000000000000e+03 1.530198092861074581e-21 2.504839830530878157e-21 7.853843039839593271e-23 1.595350230791388562e-20 5.148111733233173918e-22 6.332921950645337260e-23
4.902000000000000000e+03 1.524850482386729037e-21 2.482369909222395633e-21 7.767525764582450204e-23 1.589980579585523856e-20 5.147285694163807659e-22 6.274147373250793603e-23
4.912000000000000000e+03 1.519519863829320898e-21 2.460228509412513985e-21 7.671234415075445799e-23 1.584581628895509929e-20 5.129420610088720216e-22 6.206197179829898988e-23
4.922000000000000000e+03 1.514218806831459432e-21 2.438473560838118969e-21 7.567688607665193211e-23 1.579162541635736355e-20 5.094995341272412626e-22 6.130979092092445177e-23
4.932000000000000000e+03 1.508947566529411385e-21 2.417128173694313615e-21 7.456980279346368596e-23 1.573724410495674168e-20 5.045678767992513689e-22 6.048831320491194004e-23
4.942000000000000000e+03 1.503710954812928954e-21 2.396233114901438404e-21 7.340388138384176589e-23 1.568282361518748694e-20 4.983389437472432846e-22 5.960885398679527696e-23
4.952000000000000000e+03 1.498508722830447133e-21 2.375797764746958721e-21 7.219114945724606177e-23 1.562849647146903271e-20 4.911426353399844883e-22 5.868403745067703191e-23
4.962000000000000000e+03 1.493346754827938061e-21 2.355861763633963869e-21 7.094514854187902265e-23 1.557442217413708385e-20 4.833416045402252475e-22 5.772790659945388530e-23
4.972000000000000000e+03 1.488226286216318793e-21 2.336425408021721369e-21 6.967772548687898377e-23 1.552071344649345401e-20 4.752636468652336199e-22 5.675285416725866331e-23
4.982000000000000000e+03 1.483149267440624885e-21 2.317493194215848054e-21 6.840162179540747499e-23 1.546747311477586420e-20 4.671533136807978145e-22 5.577072281267724648e-23
4.992000000000000000e+03 1.478118819903690846e-21 2.299092389933792652e-21 6.712951542649395829e-23 1.541467715799796349e-20 4.591205273697235518e-22 5.479146588054166639e-23
5.002000000000000000e+03 1.473135068977645856e-21 2.281227864940330300e-21 6.587378634675578934e-23 1.536238128257054583e-20 4.510578818077565835e-22 5.382179243828052251e-23
