# els,n0s['EB'],n0s[q'EE'],n0s['TT'],n0s['TB'],n0s['TE'], mv
2.000000000000000000e+00 1.614832952901481009e-08 8.702191591773342020e-09 8.000753384154320515e-09 1.382316842219790212e-07 9.028364103078645574e-09 2.381950592917269536e-09
1.200000000000000000e+01 1.245749954815928799e-11 6.737986897340242217e-12 6.180188988203666113e-12 1.066237523229514578e-10 6.989620387070462314e-12 1.841822038485545599e-12
2.200000000000000000e+01 1.102298881321081208e-12 6.014775094547868348e-13 5.485145940408713967e-13 9.431564505382714686e-12 6.237643531023266971e-13 1.638788271343872084e-13
3.200000000000000000e+01 2.461641657806858166e-13 1.361807606711166078e-13 1.230543765792193253e-13 2.104792300176656048e-12 1.411771417845389963e-13 3.691343786780056600e-14
4.200000000000000000e+01 8.293183850784853502e-14 4.673897043236232504e-14 4.170309827680981403e-14 7.083472046536642111e-13 4.843869479667040877e-14 1.258036651509087952e-14
5.200000000000000000e+01 3.529309112557641903e-14 2.036035819100096796e-14 1.787516132943125072e-14 3.010990499111251445e-13 2.109779052903859147e-14 5.431469046884631357e-15
6.200000000000000000e+01 1.746711537791911960e-14 1.036394238912514823e-14 8.920657875541260022e-15 1.488894661655620297e-13 1.074111274985873415e-14 2.734819926769688891e-15
7.200000000000000000e+01 9.608044988813691756e-15 5.891624861428086717e-15 4.953404898885542566e-15 8.188278327669704994e-14 6.109820378037805017e-15 1.534738598580983418e-15
8.200000000000000000e+01 5.714253318870309678e-15 3.638931602213807037e-15 2.977009802336140838e-15 4.873312574986214330e-14 3.778278233901578100e-15 9.337894732200998741e-16
9.200000000000000000e+01 3.608790284685215274e-15 2.398520843592514391e-15 1.901840496876308094e-15 3.082781909045384690e-14 2.495208754173109293e-15 6.049469371835348972e-16
1.020000000000000000e+02 2.390197958054590556e-15 1.666363991403344891e-15 1.275419781082907196e-15 2.046828290966830769e-14 1.738403309413441293e-15 4.120930285363756324e-16
1.120000000000000000e+02 1.645459928068896639e-15 1.209460981256548488e-15 8.898041900507494118e-16 1.413321840943201701e-14 1.266539593928337530e-15 2.925089879209348272e-16
1.220000000000000000e+02 1.169594687169440147e-15 9.110418946322422785e-16 6.414531902836028100e-16 1.007871455952128687e-14 9.587294978117203514e-16 2.148750384700772524e-16
1.320000000000000000e+02 8.540466149997241568e-16 7.086182745564843343e-16 4.753436740380987851e-16 7.383415106720405125e-15 7.503143797158110430e-16 1.624946781112585356e-16
1.420000000000000000e+02 6.381476439281597549e-16 5.668773026901003380e-16 3.606144766383447744e-16 5.533587375564133102e-15 6.047799742864466584e-16 1.259709419905748594e-16
1.520000000000000000e+02 4.864183807658030131e-16 4.649228850835409049e-16 2.791505971985028357e-16 4.229323989880001569e-15 5.005408732724344398e-16 9.976737532913475558e-17
1.620000000000000000e+02 3.772888461629876797e-16 3.898912868732046275e-16 2.198972168771948988e-16 3.288427841212451666e-15 4.243293200087878204e-16 8.049169043668820911e-17
1.720000000000000000e+02 2.971974182376666418e-16 3.335856479073588059e-16 1.758771434215447280e-16 2.596266070473590869e-15 3.677116565029331732e-16 6.599363931426461179e-17
1.820000000000000000e+02 2.373634974060310732e-16 2.906199056851020249e-16 1.425553455098110168e-16 2.078438078256185357e-15 3.251680052354888155e-16 5.486922854919547680e-17
1.920000000000000000e+02 1.919529965811824409e-16 2.573542011106491151e-16 1.169068139412919826e-16 1.685302427875091477e-15 2.929909226253679303e-16 4.617750544862430789e-17
2.020000000000000000e+02 1.569995644381437467e-16 2.312618798660596931e-16 9.686675340781134513e-17 1.382915659512825527e-15 2.686301624763756956e-16 3.927312343789771516e-17
2.120000000000000000e+02 1.297508425429149792e-16 2.105411769248211027e-16 8.099651465925766645e-17 1.147561619755649308e-15 2.502887844702231952e-16 3.370436025152177479e-17
2.220000000000000000e+02 1.082615263859238814e-16 1.938694177008488321e-16 6.827494900173440872e-17 9.623537366982491726e-16 2.366644375562843121e-16 2.914927186909574423e-17
2.320000000000000000e+02 9.113383324725286963e-17 1.802438139584323598e-16 5.796498496936159049e-17 8.150691519685326779e-16 2.267754179613519349e-16 2.537475533063774602e-17
2.420000000000000000e+02 7.734832222126382210e-17 1.688766901792006501e-16 4.952640970858745375e-17 6.967341177851992807e-16 2.198363445830203588e-16 2.220970450073935823e-17
2.520000000000000000e+02 6.615138887725675749e-17 1.591263310430364784e-16 4.255764739617425055e-17 6.006793125596266984e-16 2.151622467583583800e-16 1.952700422735285191e-17
2.620000000000000000e+02 5.697908387467704600e-17 1.504544342162624993e-16 3.675630219457519970e-17 5.218963091528573944e-16 2.120903257396155499e-16 1.723124531814081073e-17
2.720000000000000000e+02 4.940466278288172201e-17 1.424042557118158974e-16 3.189185112145973625e-17 4.565918246061151994e-16 2.099169448414296150e-16 1.525014021072614945e-17
2.820000000000000000e+02 4.310191332020315737e-17 1.345962177101897682e-16 2.778655394478212849e-17 4.018744317003707993e-16 2.078577844547605614e-16 1.352843019449187852e-17
2.920000000000000000e+02 3.781914799453981349e-17 1.267367887508103089e-16 2.430187310041068204e-17 3.555317139686251260e-16 2.050495341526770902e-16 1.202347201631601376e-17
3.020000000000000000e+02 3.336051614046999203e-17 1.186364725291705825e-16 2.132869912638208222e-17 3.158699040710887336e-16 2.006236482875816716e-16 1.070203545735446233e-17
3.120000000000000000e+02 2.957242069872707659e-17 1.102206604902215476e-16 1.878025997637824083e-17 2.815964266575711328e-16 1.938429458840388446e-16 9.537853243981252462e-18
3.220000000000000000e+02 2.633353400421395137e-17 1.015310078477505070e-16 1.658688570976044668e-17 2.517313254498169766e-16 1.842942273275286641e-16 8.509856827918737895e-18
3.320000000000000000e+02 2.354738449421594303e-17 9.270638982171714293e-17 1.469214753764598287e-17 2.255376299898308388e-16 1.720416164457748757e-16 7.600847819389842865e-18
3.420000000000000000e+02 2.113680115738059266e-17 8.394636579587389305e-17 1.304994020455355317e-17 2.024644769887290639e-16 1.576470587136981199e-16 6.796509825683102876e-18
3.520000000000000000e+02 1.903971018126573166e-17 7.546684537744212121e-17 1.162231383313530442e-17 1.820986787781401052e-16 1.420219031994313840e-16 6.084696215503927251e-18
3.620000000000000000e+02 1.720592533301527726e-17 6.746034998331441029e-17 1.037779629944783327e-17 1.641229184865403612e-16 1.261748772882841264e-16 5.454909191950533090e-18
3.720000000000000000e+02 1.559467737786846233e-17 6.007022541107351143e-17 9.290108190126671965e-18 1.482804637713866165e-16 1.109771885694101224e-16 4.897931135332024405e-18
3.820000000000000000e+02 1.417269198683875496e-17 5.338105177013267655e-17 8.337188155003197899e-18 1.343471107735247408e-16 9.703129593958447553e-17 4.405570871723185858e-18
3.920000000000000000e+02 1.291268653038154516e-17 4.742263352236495592e-17 7.500406655521381843e-18 1.221120584413724939e-16 8.465387088683258391e-17 3.970486450407227111e-18
4.020000000000000000e+02 1.179218507314093897e-17 4.218175214613194397e-17 6.763966898502637891e-18 1.113684395428270842e-16 7.393058377097705017e-17 3.586073802442052255e-18
4.120000000000000000e+02 1.079257026609673003e-17 3.761473579122737748e-17 6.114414570969409345e-18 1.019129293538259290e-16 6.479404947656820745e-17 3.246379819117022138e-18
4.220000000000000000e+02 9.898330881108991317e-18 3.366102070902854764e-17 5.540252794767140746e-18 9.355211338215010530e-17 5.709402210584032126e-17 2.946059449904034746e-18
4.320000000000000000e+02 9.096454710519500251e-18 3.025319747600036356e-17 5.031633739929900452e-18 8.611141896415543389e-17 5.064767311692670579e-17 2.680339922151815103e-18
4.420000000000000000e+02 8.375945457395702885e-18 2.732317811198022096e-17 4.580090486240691184e-18 7.944232032838003274e-17 4.527005185420304748e-17 2.444974764781850989e-18
4.520000000000000000e+02 7.727432896358533164e-18 2.480639221226757834e-17 4.178330413005917054e-18 7.342514936268101516e-17 4.079033984682189203e-17 2.236204781748298857e-18
4.620000000000000000e+02 7.142866236638308516e-18 2.264400155858173746e-17 3.820063663027416298e-18 6.796759978354546573e-17 3.705859069396212743e-17 2.050716016619549455e-18
4.720000000000000000e+02 6.615270439356035486e-18 2.078371091653268974e-17 3.499852772871294494e-18 6.300020664412485579e-17 3.394708412978789694e-17 1.885593918432770062e-18
4.820000000000000000e+02 6.138553265358471558e-18 1.917977147019930737e-17 3.212991071277573245e-18 5.847060382979928949e-17 3.134874955306427563e-17 1.738279799632929219e-18
4.920000000000000000e+02 5.707354306324799357e-18 1.779289587639297408e-17 2.955402861231753729e-18 5.433807802779990562e-17 2.917476423856773291e-17 1.606535171878935279e-18
5.020000000000000000e+02 5.316926571725401293e-18 1.658905008260530193e-17 2.723548692080806469e-18 5.056916014656041378e-17 2.735129421862492366e-17 1.488397405479243102e-18
5.120000000000000000e+02 4.963043821771703301e-18 1.553904087472046992e-17 2.514358038763759345e-18 4.713449881432914631e-17 2.581676516611357445e-17 1.382151809544957267e-18
5.220000000000000000e+02 4.641926913158937346e-18 1.461779170732037701e-17 2.325160380122073519e-18 4.400690614366222948e-17 2.451929887166356341e-17 1.286300476671724220e-18
5.320000000000000000e+02 4.350185063995874644e-18 1.380370328897655145e-17 2.153633777388297615e-18 4.116034762108797226e-17 2.341452320049347727e-17 1.199537170018402939e-18
5.420000000000000000e+02 4.084768526459165894e-18 1.307811534185587788e-17 1.997757276979800567e-18 3.856961364382813434e-17 2.246381375640185859e-17 1.120724404656325338e-18
5.520000000000000000e+02 3.842929378462607770e-18 1.242487210868841180e-17 1.855771330633710893e-18 3.621041431538766114e-17 2.163288496511784139e-17 1.048873673637451794e-18
5.620000000000000000e+02 3.622188596156525352e-18 1.182999051312172919e-17 1.726142408731497329e-18 3.405970143491060207e-17 2.089082954102308131e-17 9.831278696488173814e-19
5.720000000000000000e+02 3.420308718733660355e-18 1.128142262720111206e-17 1.607533838903691875e-18 3.209608267633994208e-17 2.020952385522385944e-17 9.227462710826166712e-19
5.820000000000000000e+02 3.235270951697388815e-18 1.076890564517346934e-17 1.498779499975308483e-18 3.030022083561491406e-17 1.956347362423440270e-17 8.670911062950190087e-19
5.920000000000000000e+02 3.065256335940765701e-18 1.028389640554718223e-17 1.398860565317996832e-18 2.865513543748463271e-17 1.893002721940479360e-17 8.156155705284063631e-19
6.020000000000000000e+02 2.908629757357531356e-18 9.819440074120325297e-18 1.306887212650385524e-18 2.714635016339481373e-17 1.828987212945307124e-17 7.678529426157842826e-19
6.120000000000000000e+02 2.763926300699029457e-18 9.370194295025252812e-18 1.222079540751647659e-18 2.576183502605875753e-17 1.762779018506457105e-17 7.234065360940938708e-19
6.220000000000000000e+02 2.629839551163957188e-18 8.932416477273546689e-18 1.143756428757813997e-18 2.449171060867481481e-17 1.693343916561598275e-17 6.819421531137139762e-19
6.320000000000000000e+02 2.505211098163903149e-18 8.503834482452832509e-18 1.071318929143066927e-18 2.332771624427063543e-17 1.620187383938734695e-17 6.431780028364045887e-19
6.420000000000000000e+02 2.389020343441970805e-18 8.083501052385056891e-18 1.004238475477352516e-18 2.226250875634090242e-17 1.543370765593361433e-17 6.068765362064710094e-19
6.520000000000000000e+02 2.280375047517376446e-18 7.671593398134746612e-18 9.420488186404108839e-19 2.128890779716962784e-17 1.463469379764446770e-17 5.728377255663015017e-19
6.620000000000000000e+02 2.178501736830953182e-18 7.269149337162515930e-18 8.843371926948609448e-19 2.039922500914457747e-17 1.381475528407717847e-17 5.408922700652802063e-19
6.720000000000000000e+02 2.082735507482745993e-18 6.877790115652699421e-18 8.307349218797240256e-19 1.958482769485951087e-17 1.298660542157575009e-17 5.108950715151174626e-19
6.820000000000000000e+02 1.992509636990139672e-18 6.499369162840428220e-18 7.809139478551859111e-19 1.883604063194097387e-17 1.216408727163514079e-17 4.827208935075754348e-19
6.920000000000000000e+02 1.907345216867512370e-18 6.135972371316539323e-18 7.345770863329758753e-19 1.814240755628962137e-17 1.136065267936791935e-17 4.562600805730988510e-19
7.020000000000000000e+02 1.826840815322640988e-18 5.789362954918830787e-18 6.914584261846376369e-19 1.749324485993606056e-17 1.058814847384696695e-17 4.314152562576876073e-19
7.120000000000000000e+02 1.750662018620969530e-18 5.461002277440841404e-18 6.513146857854973035e-19 1.687836286581217064e-17 9.856019185374361473e-18 4.080977225314619738e-19
7.220000000000000000e+02 1.678531046658606364e-18 5.151946620304390271e-18 6.139245233847447524e-19 1.628880015941819088e-17 9.170961384126735627e-18 3.862261218488397624e-19
7.320000000000000000e+02 1.610217112599813606e-18 4.862809784237809266e-18 5.790841230946608584e-19 1.571743462941352066e-17 8.536956684542618596e-18 3.657239309307384438e-19
7.420000000000000000e+02 1.545526927329041112e-18 4.593772228730246396e-18 5.466069582421773191e-19 1.515935564163444019e-17 7.955583580301780600e-18 3.465187891881073044e-19
7.520000000000000000e+02 1.484296124096392030e-18 4.344622512041674919e-18 5.163202010370446333e-19 1.461195860183530686e-17 7.426462727247172074e-18 3.285406973585504899e-19
7.620000000000000000e+02 1.426381446739022100e-18 4.114815354916101190e-18 4.880631628805472732e-19 1.407475784312361723e-17 6.947739188626194902e-18 3.117211808059157295e-19
7.720000000000000000e+02 1.371653768889381491e-18 3.903538300093915753e-18 4.616875056993879733e-19 1.354896314878265386e-17 6.516541068005281179e-18 2.959933717157531340e-19
7.820000000000000000e+02 1.319992188114392998e-18 3.709775419783967523e-18 4.370542436465514036e-19 1.303691663952081547e-17 6.129349164302194588e-18 2.812909010559493812e-19
7.920000000000000000e+02 1.271279070913429817e-18 3.532380515755032222e-18 4.140348119646529354e-19 1.254150025628442124e-17 5.782313277268069310e-18 2.675487323786755734e-19
8.020000000000000000e+02 1.225396319297684923e-18 3.370099543542371100e-18 3.925088791246575442e-19 1.206558657974345714e-17 5.471454454167669431e-18 2.547024551544731979e-19
8.120000000000000000e+02 1.182222502924669594e-18 3.221632197306005051e-18 3.723649698127685376e-19 1.161161634275926578e-17 5.192821773894897641e-18 2.426891374601289494e-19
8.220000000000000000e+02 1.141631395302682824e-18 3.085679377135586999e-18 3.534997426614034750e-19 1.118131656935367677e-17 4.942609351996983213e-18 2.314476873350865203e-19
8.320000000000000000e+02 1.103491344010112324e-18 2.960952215431884875e-18 3.358162201920865129e-19 1.077555702566918187e-17 4.717194769778577615e-18 2.209185044013490186e-19
8.420000000000000000e+02 1.067665557328714074e-18 2.846194165353655271e-18 3.192251868078176339e-19 1.039433915214936508e-17 4.513179789924938601e-18 2.110446571946172731e-19
8.520000000000000000e+02 1.034012836630520205e-18 2.740197437979553730e-18 3.036445142847674744e-19 1.003687484228864366e-17 4.327399832684373650e-18 2.017721154836793998e-19
8.620000000000000000e+02 1.002388628218229056e-18 2.641815094795167872e-18 2.889969364899374372e-19 9.701734052063012570e-18 4.156934443689199523e-18 1.930492528073745251e-19
8.720000000000000000e+02 9.726463197829444819e-19 2.549968749719627502e-18 2.752129950160482016e-19 9.387029917362363000e-18 3.999108874647057802e-18 1.848285467243979103e-19
8.820000000000000000e+02 9.446384979714199600e-19 2.463675247327580747e-18 2.622275857316587661e-19 9.090622783443986934e-18 3.851496584642145901e-18 1.770654932171434230e-19
8.920000000000000000e+02 9.182185705080613362e-19 2.382029618948458965e-18 2.499820286974176900e-19 8.810321106043490562e-18 3.711932340818978657e-18 1.697197079790584002e-19
9.020000000000000000e+02 8.932422697240301655e-19 2.304225031570981258e-18 2.384219934143233034e-19 8.544077920108408229e-18 3.578522870317021288e-18 1.627542849852357694e-19
9.120000000000000000e+02 8.695692506843011748e-19 2.229559062231142989e-18 2.274987081348391108e-19 8.290155855747772348e-18 3.449660969976388435e-18 1.561365142628717172e-19
9.220000000000000000e+02 8.470647554505640066e-19 2.157439784181579164e-18 2.171667137097459637e-19 8.047252278522450218e-18 3.324034720699811804e-18 1.498369294844817105e-19
9.320000000000000000e+02 8.256011462580833618e-19 2.087389154314626556e-18 2.073857632984294335e-19 7.814572132376497284e-18 3.200636344926336501e-18 1.438302225695396427e-19
9.420000000000000000e+02 8.050594094562497346e-19 2.019043377652481252e-18 1.981192050827645495e-19 7.591826853683164594e-18 3.078761587946360297e-18 1.380944395900315314e-19
9.520000000000000000e+02 7.853306973227780432e-19 1.952150565107247946e-18 1.893334608753879166e-19 7.379157065133769924e-18 2.958001647787214210e-18 1.326106233837563982e-19
9.620000000000000000e+02 7.663177184344473418e-19 1.886562301108406764e-18 1.809982584206446976e-19 7.176983615358640743e-18 2.838222288616464214e-18 1.273627543909814632e-19
9.720000000000000000e+02 7.479358610092832711e-19 1.822223580093542580e-18 1.730861485681044858e-19 6.985797161943890279e-18 2.719534312270608606e-18 1.223373199417271013e-19
9.820000000000000000e+02 7.301139425755571643e-19 1.759166697877772813e-18 1.655723892638670490e-19 6.805918962762054484e-18 2.602247126541200226e-18 1.175230551082466004e-19
9.920000000000000000e+02 7.127945307358903306e-19 1.697471565301340925e-18 1.584337739677385353e-19 6.637284912520453708e-18 2.486817654515717832e-18 1.129100159223010288e-19
1.002000000000000000e+03 6.959338674073377374e-19 1.637262581095420052e-18 1.516498859178564663e-19 6.479305765726509673e-18 2.373797372638847604e-18 1.084900708598482425e-19
1.012000000000000000e+03 6.795014041878027721e-19 1.578701556629384612e-18 1.452019277724872761e-19 6.330839667648189778e-18 2.263781659957022631e-18 1.042561988334539514e-19
1.022000000000000000e+03 6.634788215351901775e-19 1.521959301627061000e-18 1.390719403873585032e-19 6.190297425117013198e-18 2.157348304282624767e-18 1.002018752527040040e-19
1.032000000000000000e+03 6.478582083961813284e-19 1.467201142204715271e-18 1.332435336457183265e-19 6.055838455136491404e-18 2.055018451624138120e-18 9.632133778397836789e-20
1.042000000000000000e+03 6.326403656292986270e-19 1.414575984499665269e-18 1.277014475731902794e-19 5.925624694756742700e-18 1.957222286373996732e-18 9.260927905986680854e-20
1.052000000000000000e+03 6.178326223521693612e-19 1.364205327924966516e-18 1.224311272932112996e-19 5.798045768439699048e-18 1.864288780616525538e-18 8.906055164539822934e-20
1.062000000000000000e+03 6.034469753896636480e-19 1.316174498052082005e-18 1.174188993773581018e-19 5.671894237001739290e-18 1.776428817050806764e-18 8.567016014402821802e-20
1.072000000000000000e+03 5.894978950331665992e-19 1.270551552838324046e-18 1.126516581950563247e-19 5.546445620049917347e-18 1.693738490988357288e-18 8.243311989017997755e-20
1.082000000000000000e+03 5.760004548124766603e-19 1.227353813030487416e-18 1.081167818818085469e-19 5.421457196570411288e-18 1.616212314636143441e-18 7.934422645334434536e-20
1.092000000000000000e+03 5.629687390780025128e-19 1.186565862214317137e-18 1.038026084138335267e-19 5.297103066288181578e-18 1.543754565204146578e-18 7.639834452089464962e-20
1.102000000000000000e+03 5.504144968280957675e-19 1.148140706404315073e-18 9.969744435836833653e-20 5.173868115484842409e-18 1.476194369478127875e-18 7.358985317188251678e-20
1.112000000000000000e+03 5.383460547686276292e-19 1.112002906457161799e-18 9.579007824275412069e-20 5.052424913185563391e-18 1.413299890053512455e-18 7.091291954320839583e-20
1.122000000000000000e+03 5.267675702260503630e-19 1.078052526132427023e-18 9.206976585788470349e-20 4.933514526933449868e-18 1.354794780845193986e-18 6.836152061850305325e-20
1.132000000000000000e+03 5.156785707713525252e-19 1.046169306275953445e-18 8.852657479394480423e-20 4.817844522885604943e-18 1.300370850856259294e-18 6.592967470508613222e-20
1.142000000000000000e+03 5.050737584502717775e-19 1.016216947918697005e-18 8.515028140454950360e-20 4.706013509273383297e-18 1.249699988309718465e-18 6.361088775974843391e-20
1.152000000000000000e+03 4.949430554345573166e-19 9.880471480405148451e-19 8.193164340032596485e-20 4.598464497467390016e-18 1.202444460980639578e-18 6.139891961862116319e-20
1.162000000000000000e+03 4.852718112515164147e-19 9.615037179719407805e-19 7.886154891522765325e-20 4.495466340890161099e-18 1.158266198473199514e-18 5.928738344624365790e-20
1.172000000000000000e+03 4.760411527422684466e-19 9.364268441208320550e-19 7.593134962898164842e-20 4.397119811383405082e-18 1.116831060340309975e-18 5.726999357821852751e-20
1.182000000000000000e+03 4.672283926319734022e-19 9.126547266741775797e-19 7.313290626849996568e-20 4.303382772975724185e-18 1.077819094411835258e-18 5.534066284928793974e-20
1.192000000000000000e+03 4.588074980835469931e-19 8.900286202692267376e-19 7.045818362319191848e-20 4.214108376974632218e-18 1.040924770172250555e-18 5.349332676819731195e-20
1.202000000000000000e+03 4.507496702806043843e-19 8.683972669346774759e-19 6.790047403338584074e-20 4.129090886568459009e-18 1.005863367620084460e-18 5.172271408099011993e-20
1.212000000000000000e+03 4.430240354883238661e-19 8.476186678694465003e-19 6.545298125494762250e-20 4.048111014622520719e-18 9.723720388124402514e-19 5.002357530192046078e-20
1.222000000000000000e+03 4.355984618854560892e-19 8.275625787142792190e-19 6.310915596701971490e-20 3.970973886114565727e-18 9.402152312594772133e-19 4.839091728539418922e-20
1.232000000000000000e+03 4.284404326690841083e-19 8.081131503883035996e-19 6.086329060262727097e-20 3.897534333145343239e-18 9.091866381745779348e-19 4.682038333472424491e-20
1.242000000000000000e+03 4.215179335431361835e-19 7.891704469263540404e-19 5.871001395136366064e-20 3.827703055587071492e-18 8.791095718431969732e-19 4.530797621307053671e-20
1.252000000000000000e+03 4.148003005985102593e-19 7.706520500480788365e-19 5.664416569466237223e-20 3.761434169775473397e-18 8.498400335149153312e-19 4.384999825223817705e-20
1.262000000000000000e+03 4.082590146961443820e-19 7.524916048723568955e-19 5.466144014029290438e-20 3.698695306207041901e-18 8.212645774543434268e-19 4.244342396169593376e-20
1.272000000000000000e+03 4.018683361973077524e-19 7.346465147097231409e-19 5.275737445725475213e-20 3.639425470816273330e-18 7.933031318519953289e-19 4.108532137785100976e-20
1.282000000000000000e+03 3.956058333447417213e-19 7.170872595213585189e-19 5.092858870537167579e-20 3.583490766857222348e-18 7.659044864308014725e-19 3.977354643208056123e-20
1.292000000000000000e+03 3.894527738879133914e-19 6.998008021032936088e-19 4.917133020947018681e-20 3.530646957156348409e-18 7.390456939173308038e-19 3.850586751383864842e-20
1.302000000000000000e+03 3.833943855087761895e-19 6.827886585614615799e-19 4.748252193105923777e-20 3.480519498587164565e-18 7.127281767650823672e-19 3.728058128487443420e-20
1.312000000000000000e+03 3.774200019467162379e-19 6.660644161107489490e-19 4.585917698953136784e-20 3.432605690413134241e-18 6.869731292995702386e-19 3.609613694840129602e-20
1.322000000000000000e+03 3.715230170961541016e-19 6.496511285844707817e-19 4.429867030309718878e-20 3.386302161231383517e-18 6.618164483883864790e-19 3.495128378761712627e-20
1.332000000000000000e+03 3.657007099530269493e-19 6.335785608716165167e-19 4.279853424379718630e-20 3.340953297872332066e-18 6.373040381912767347e-19 3.384492824372478147e-20
1.342000000000000000e+03 3.599538901834563047e-19 6.178802824367921673e-19 4.135647428369485017e-20 3.295913822979793931e-18 6.134859182802770483e-19 3.277612147461714422e-20
1.352000000000000000e+03 3.542864429696547546e-19 6.025911758926435770e-19 3.997033708978853095e-20 3.250614676079671380e-18 5.904137589937017637e-19 3.174402692007584553e-20
1.362000000000000000e+03 3.487047868345520347e-19 5.877458597277173969e-19 3.863793821271007236e-20 3.204619304171263364e-18 5.681330370193230495e-19 3.074778320946671372e-20
1.372000000000000000e+03 3.432172243642542126e-19 5.733734928521493473e-19 3.735726589931125926e-20 3.157662771840387464e-18 5.466853318493716178e-19 2.978662001816811355e-20
1.382000000000000000e+03 3.378332038180905601e-19 5.594986526276686090e-19 3.612629488284463172e-20 3.109664129047871112e-18 5.261027730398769510e-19 2.885971973811088134e-20
1.392000000000000000e+03 3.325625823025682621e-19 5.461413634384676219e-19 3.494329037419469693e-20 3.060716002832118987e-18 5.064070535964062971e-19 2.796639961115281885e-20
1.402000000000000000e+03 3.274149315659038728e-19 5.333146629552043581e-19 3.380662846379273310e-20 3.011054992298310652e-18 4.876086594507136358e-19 2.710598127410711738e-20
1.412000000000000000e+03 3.223988909901862194e-19 5.210243353686302830e-19 3.271425007439161093e-20 2.961017405997534759e-18 4.697065844207632824e-19 2.627742918769396572e-20
1.422000000000000000e+03 3.175216654282964999e-19 5.092690340753685101e-19 3.166436067194917957e-20 2.910992482852118698e-18 4.526897678933951671e-19 2.547979667483694485e-20
1.432000000000000000e+03 3.127886553946319040e-19 4.980406438725746107e-19 3.065546869675533431e-20 2.861376316527400847e-18 4.365377716449639942e-19 2.471225241858579786e-20
1.442000000000000000e+03 3.082032299161599954e-19 4.873244864516937257e-19 2.968547409923872404e-20 2.812532752554964525e-18 4.212217857354331379e-19 2.397349098514865269e-20
1.452000000000000000e+03 3.037666658692143858e-19 4.771000963727994319e-19 2.875297802932735490e-20 2.764767601752748995e-18 4.067061145544918944e-19 2.326258998436528105e-20
1.462000000000000000e+03 2.994781717164914071e-19 4.673431302815043095e-19 2.785606019222994788e-20 2.718311474755928510e-18 3.929479972678453614e-19 2.257822081038854745e-20
1.472000000000000000e+03 2.953350115354827669e-19 4.580243702326483800e-19 2.699324553231139036e-20 2.673315286907224657e-18 3.799013704881234857e-19 2.191929297781242940e-20
1.482000000000000000e+03 2.913326418148620238e-19 4.491114906004647715e-19 2.616289267421229588e-20 2.629853404932571315e-18 3.675175096090878173e-19 2.128456504898821593e-20
1.492000000000000000e+03 2.874648582734953772e-19 4.405700966300228322e-19 2.536354235157894415e-20 2.587934185301388116e-18 3.557461770833197257e-19 2.067288443049242043e-20
1.502000000000000000e+03 2.837239413603985424e-19 4.323645786278655464e-19 2.459349912122363641e-20 2.547514379471289260e-18 3.445362720330473895e-19 2.008291877837923078e-20
1.512000000000000000e+03 2.801008322569807768e-19 4.244592838181791700e-19 2.385144783754993665e-20 2.508518350906831583e-18 3.338374121637409813e-19 1.951357751312248225e-20
1.522000000000000000e+03 2.765853453775542037e-19 4.168193710548128649e-19 2.313615078431015742e-20 2.470856370616313430e-18 3.236005458658452127e-19 1.896382045680286497e-20
1.532000000000000000e+03 2.731664359385661965e-19 4.094114547504023782e-19 2.244615058296903243e-20 2.434441948517431471e-18 3.137787478387157744e-19 1.843246551868893586e-20
1.542000000000000000e+03 2.698325229429778130e-19 4.022047074332853582e-19 2.178038645920801642e-20 2.399206509455653329e-18 3.043285471439742621e-19 1.791861230208148963e-20
1.552000000000000000e+03 2.665718455792016682e-19 3.951711398618874588e-19 2.113760468116803286e-20 2.365107589592283885e-18 2.952105681663635885e-19 1.742125085024273182e-20
1.562000000000000000e+03 2.633728705286741162e-19 3.882867681972648315e-19 2.051680241170596781e-20 2.332133942353381586e-18 2.863901435275001160e-19 1.693956729636209080e-20
1.572000000000000000e+03 2.602246637735777472e-19 3.815309146343324744e-19 1.991695890324684203e-20 2.300297407279438219e-18 2.778373095720085234e-19 1.647276134106216154e-20
1.582000000000000000e+03 2.571172602801063374e-19 3.748870167165265565e-19 1.933713487016948353e-20 2.269622758464041395e-18 2.695263794645480564e-19 1.602011368464643455e-20
1.592000000000000000e+03 2.540419792988294277e-19 3.683433742945451091e-19 1.877670925752749803e-20 2.240130348983554283e-18 2.614370474947775981e-19 1.558115389909886226e-20
1.602000000000000000e+03 2.509916567256337094e-19 3.618922066340039180e-19 1.823474801029164966e-20 2.211815950341017987e-18 2.535533241328990722e-19 1.515522066955873491e-20
1.612000000000000000e+03 2.479608368301749252e-19 3.555297493429780739e-19 1.771070177734127023e-20 2.184636577054613775e-18 2.458641171289754245e-19 1.474194269429927797e-20
1.622000000000000000e+03 2.449458394230562881e-19 3.492556246675920879e-19 1.720382788946329588e-20 2.158499577610081783e-18 2.383617699706303156e-19 1.434083335696250083e-20
1.632000000000000000e+03 2.419447429550876070e-19 3.430724381055558537e-19 1.671350904292142407e-20 2.133263987807129629e-18 2.310430554594791892e-19 1.395151289442436102e-20
1.642000000000000000e+03 2.389572815714419412e-19 3.369848415337403069e-19 1.623926995966715796e-20 2.108749597043595009e-18 2.239075441485018727e-19 1.357371337634911979e-20
1.652000000000000000e+03 2.359846802606996422e-19 3.310009853011229309e-19 1.578052225840038947e-20 2.084753472033680137e-18 2.169566698258753195e-19 1.320709997145347183e-20
1.662000000000000000e+03 2.330294460858478450e-19 3.251289345905344542e-19 1.533683913916522012e-20 2.061071691436188280e-18 2.101934341329305490e-19 1.285145574760179076e-20
1.672000000000000000e+03 2.300951142799264956e-19 3.193774651332109193e-19 1.490770446318261461e-20 2.037518629431892691e-18 2.036219643844398087e-19 1.250650597849919715e-20
1.682000000000000000e+03 2.271859833640526143e-19 3.137554595370698490e-19 1.449277257440236561e-20 2.013945580590734449e-18 1.972472310466559482e-19 1.217209846864281903e-20
1.692000000000000000e+03 2.243068121312905141e-19 3.082711952931254278e-19 1.409138906181923219e-20 1.990251737623826435e-18 1.910738773030210884e-19 1.184786004438623232e-20
1.702000000000000000e+03 2.214625438272812950e-19 3.029321485080860370e-19 1.370324571308771821e-20 1.966389021093955492e-18 1.851061910658550014e-19 1.153365712154080945e-20
1.712000000000000000e+03 2.186580412570139472e-19 2.977445243636615378e-19 1.332802406597482801e-20 1.942361399693410877e-18 1.793472956289305274e-19 1.122934072385599298e-20
1.722000000000000000e+03 2.158978435369042643e-19 2.927128392434393697e-19 1.296511877197401074e-20 1.918217080972030299e-18 1.737988823018124912e-19 1.093454707630970143e-20
1.732000000000000000e+03 2.131859636670130719e-19 2.878400486405263598e-19 1.261424759775649236e-20 1.894039293053282020e-18 1.684612306794439746e-19 1.064912986687954683e-20
1.742000000000000000e+03 2.105257176692377793e-19 2.831271502802270108e-19 1.227489573169354705e-20 1.869931969070611779e-18 1.633332526718368803e-19 1.037276464907050230e-20
1.752000000000000000e+03 2.079196348611819798e-19 2.785735222930286151e-19 1.194670528728830556e-20 1.846007902905333070e-18 1.584117858289360350e-19 1.010522317889829572e-20
1.762000000000000000e+03 2.053693900326603834e-19 2.741763927158573856e-19 1.162919983816141824e-20 1.822376305373337882e-18 1.536928174701676186e-19 9.846180998981552632e-21
1.772000000000000000e+03 2.028758069981072937e-19 2.699313796685374321e-19 1.132188306915123938e-20 1.799133681253808543e-18 1.491705957359158266e-19 9.595284687534126712e-21
1.782000000000000000e+03 2.004389275365417144e-19 2.658329635431425648e-19 1.102457134965263875e-20 1.776359824380207979e-18 1.448383316398581738e-19 9.352394848380733084e-21
1.792000000000000000e+03 1.980580527542805857e-19 2.618740664711102240e-19 1.073679420753973497e-20 1.754111738529908333e-18 1.406874477551518715e-19 9.117152546941783490e-21
1.802000000000000000e+03 1.957318163254712481e-19 2.580465075280965086e-19 1.045810720344956747e-20 1.732425117472746621e-18 1.367085905521410278e-19 8.889208583050245707e-21
1.812000000000000000e+03 1.934582689544674764e-19 2.543413712467488714e-19 1.018818155456211753e-20 1.711318501021550140e-18 1.328914616144581625e-19 8.668288835151661474e-21
1.822000000000000000e+03 1.912349309292987463e-19 2.507490815851257254e-19 9.926621600080248943e-21 1.690795758479923513e-18 1.292254885838504890e-19 8.454066003808971389e-21
1.832000000000000000e+03 1.890588552602542136e-19 2.472596550674743711e-19 9.672993303134324987e-21 1.670849632647399078e-18 1.256996180227461238e-19 8.246179698273398661e-21
1.842000000000000000e+03 1.869267560976727684e-19 2.438635913724403166e-19 9.427100511729483378e-21 1.651471268468938826e-18 1.223027596115542110e-19 8.044440843758656086e-21
1.852000000000000000e+03 1.848350574860776247e-19 2.405509837148265258e-19 9.188491672691995204e-21 1.632648394781729664e-18 1.190238564230320396e-19 7.848472914714136028e-21
1.862000000000000000e+03 1.827800589284756424e-19 2.373128187135525097e-19 8.956982173369714891e-21 1.614371011187863362e-18 1.158527427920053213e-19 7.658097601939462339e-21
1.872000000000000000e+03 1.807580144903517995e-19 2.341404115579873282e-19 8.732234315766022276e-21 1.596628503191301734e-18 1.127799903673356710e-19 7.473027871142160082e-21
1.882000000000000000e+03 1.787652890606345431e-19 2.310258952787319076e-19 8.513968327660281574e-21 1.579410692639382893e-18 1.097970358253225834e-19 7.293023065064580162e-21
1.892000000000000000e+03 1.767984674359447843e-19 2.279625205496581790e-19 8.301971634958376488e-21 1.562703986200531629e-18 1.068963733133735660e-19 7.117897276095918704e-21
1.902000000000000000e+03 1.748544646317273894e-19 2.249445322082901407e-19 8.096000295216128713e-21 1.546487297854131257e-18 1.040713414146864581e-19 6.947446116850115895e-21
1.912000000000000000e+03 1.729306333397630382e-19 2.219673046697706267e-19 7.895856932969043105e-21 1.530731648338128864e-18 1.013165605649547694e-19 6.781506112168371996e-21
1.922000000000000000e+03 1.710248353678056533e-19 2.190274301178896653e-19 7.701381089265407579e-21 1.515394438026319254e-18 9.862753982762026802e-20 6.619946065277886549e-21
1.932000000000000000e+03 1.691354868360730664e-19 2.161226025290863504e-19 7.512392369914226780e-21 1.500418466337533845e-18 9.600125526526522105e-20 6.462627627873608691e-21
1.942000000000000000e+03 1.672615735870282389e-19 2.132516670247307134e-19 7.328729644536809333e-21 1.485734821384255486e-18 9.343520625203822278e-20 6.309430017896580812e-21
1.952000000000000000e+03 1.654026917143636370e-19 2.104143221714715530e-19 7.150223942228420891e-21 1.471268529476007079e-18 9.092837360450836748e-20 6.160234169361671787e-21
1.962000000000000000e+03 1.635589308828775540e-19 2.076108606191813197e-19 6.976598041291251512e-21 1.456939233051840590e-18 8.848026613116071985e-20 6.014843331873710646e-21
1.972000000000000000e+03 1.617309135924586833e-19 2.048430312377656215e-19 6.807910123485179292e-21 1.442673108898052640e-18 8.609133805644912124e-20 5.873315624151883996e-21
1.982000000000000000e+03 1.599196563365029965e-19 2.021128451196830080e-19 6.644061366967043733e-21 1.428409273959732881e-18 8.376216193597773085e-20 5.735593770382492891e-21
1.992000000000000000e+03 1.581264380435885725e-19 1.994226988580145683e-19 6.484870045185660243e-21 1.414098502223857258e-18 8.149361425858808265e-20 5.601560340402141000e-21
2.002000000000000000e+03 1.563527480516217493e-19 1.967752690989551419e-19 6.330179246306576496e-21 1.399714196346559539e-18 7.928664895850062105e-20 5.471116803763342028e-21
2.012000000000000000e+03 1.546001268539107728e-19 1.941735387934293600e-19 6.179974267614058266e-21 1.385247296439552585e-18 7.714203339701864880e-20 5.344269905473048453e-21
2.022000000000000000e+03 1.528700823656491871e-19 1.916201929430396363e-19 6.034012219247044245e-21 1.370708942281694555e-18 7.506054715714955816e-20 5.220855367862737311e-21
2.032000000000000000e+03 1.511640296972481096e-19 1.891180521721705440e-19 5.892314336260976770e-21 1.356127577037891600e-18 7.304261259037273736e-20 5.100904369340221573e-21
2.042000000000000000e+03 1.494831523192594307e-19 1.866693803707504252e-19 5.754560746771796608e-21 1.341538162912715020e-18 7.108832865182940302e-20 4.984189864078297766e-21
2.052000000000000000e+03 1.478284529173667403e-19 1.842765336838657297e-19 5.620829711452037647e-21 1.326988289135099178e-18 6.919767762206365844e-20 4.870782048407571988e-21
2.062000000000000000e+03 1.462006354661059396e-19 1.819410239076709082e-19 5.490933190103928244e-21 1.312524514689963365e-18 6.737024276639618856e-20 4.760548068468340721e-21
2.072000000000000000e+03 1.446001616788945089e-19 1.796640515067825503e-19 5.364771121324766405e-21 1.298193691299999270e-18 6.560529153821777981e-20 4.653418480333675918e-21
2.082000000000000000e+03 1.430272093271462411e-19 1.774459817757931651e-19 5.242152202790947484e-21 1.284036116913954577e-18 6.390158788598148760e-20 4.549251179475496632e-21
2.092000000000000000e+03 1.414817682699369587e-19 1.752868972005053355e-19 5.123023462549222466e-21 1.270088810784634921e-18 6.225764751803591697e-20 4.448005935804319663e-21
2.102000000000000000e+03 1.399636048763682027e-19 1.731862556492792608e-19 5.007287714140404779e-21 1.256377619853939703e-18 6.067155985517798971e-20 4.349605896351794254e-21
2.112000000000000000e+03 1.384722603340531275e-19 1.711425332520372422e-19 4.894762173306064379e-21 1.242918301455798033e-18 5.914101626528380603e-20 4.253906113551820408e-21
2.122000000000000000e+03 1.370071749277438516e-19 1.691541586088364080e-19 4.785406669761080639e-21 1.229725435421690379e-18 5.766373547547049574e-20 4.160868798669879079e-21
2.132000000000000000e+03 1.355675474799460571e-19 1.672187133832005348e-19 4.679036481028665813e-21 1.216798231536699762e-18 5.623724235105119331e-20 4.070344632983415226e-21
2.142000000000000000e+03 1.341525154949189836e-19 1.653330435443137697e-19 4.575579721487344877e-21 1.204139035394274288e-18 5.485904724247479233e-20 3.982268645999234412e-21
2.152000000000000000e+03 1.327610676448464800e-19 1.634939343014148839e-19 4.474881806236163602e-21 1.191742558240605925e-18 5.352673561828010671e-20 3.896513084447408160e-21
2.162000000000000000e+03 1.313920607384417524e-19 1.616981562216211182e-19 4.376877239031820558e-21 1.179601110421916045e-18 5.223750005294166036e-20 3.813015126407406807e-21
2.172000000000000000e+03 1.300443914583801983e-19 1.599423355299831780e-19 4.281541234587293149e-21 1.167714929275368060e-18 5.098870146241408863e-20 3.731743598735279583e-21
2.182000000000000000e+03 1.287167779821429580e-19 1.582221135963370495e-19 4.188696082184750373e-21 1.156074044532010396e-18 4.977758892831654839e-20 3.652549590380714822e-21
2.192000000000000000e+03 1.274080481493399006e-19 1.565334127287189973e-19 4.098274841185376949e-21 1.144678509505834827e-18 4.860172970862874649e-20 3.575370079055354438e-21
2.202000000000000000e+03 1.261171537179798536e-19 1.548737710209897399e-19 4.010320630315515347e-21 1.133527268411443994e-18 4.745866294696640221e-20 3.500226488897017754e-21
2.212000000000000000e+03 1.248428771952498368e-19 1.532377946200123288e-19 3.924554763354078825e-21 1.122612375879247135e-18 4.634626620586682423e-20 3.426895125574718746e-21
2.222000000000000000e+03 1.235843883554154695e-19 1.516234461499744372e-19 3.841080629196605090e-21 1.111929637707257475e-18 4.526260808999798749e-20 3.355446232845375026e-21
2.232000000000000000e+03 1.223407669457498163e-19 1.500267917857345382e-19 3.759718578737957750e-21 1.101470512772568856e-18 4.420596512543839727e-20 3.285734224344569310e-21
2.242000000000000000e+03 1.211114582196122811e-19 1.484459057267401627e-19 3.680496248446703889e-21 1.091224662967822342e-18 4.317476077596840334e-20 3.217773531638304443e-21
2.252000000000000000e+03 1.198959400477019757e-19 1.468783363678502351e-19 3.603287785101323587e-21 1.081174642001758585e-18 4.216786336414514556e-20 3.151463369250814175e-21
2.262000000000000000e+03 1.186939835502722287e-19 1.453229942505681120e-19 3.528137058088463011e-21 1.071304396162967770e-18 4.118454307070929124e-20 3.086835648168257397e-21
2.272000000000000000e+03 1.175052706450188359e-19 1.437778786772719310e-19 3.454841879502485027e-21 1.061586296956492760e-18 4.022428941357047838e-20 3.023734524824893397e-21
2.282000000000000000e+03 1.163298238780981638e-19 1.422429643497537979e-19 3.383446895086291293e-21 1.051998521395795380e-18 3.928688827768906702e-20 2.962195766266430481e-21
2.292000000000000000e+03 1.151678267110322189e-19 1.407186232887329393e-19 3.313934194129950558e-21 1.042519952322362291e-18 3.837221707628319229e-20 2.902208016728788022e-21
2.302000000000000000e+03 1.140194358560893949e-19 1.392051038367993750e-19 3.246217107261026853e-21 1.033130862204716815e-18 3.748031011157625045e-20 2.843707919487397658e-21
2.312000000000000000e+03 1.128849154008370265e-19 1.377034459109237611e-19 3.180230515562006418e-21 1.023813659830021639e-18 3.661118904615500262e-20 2.786648831070004360e-21
2.322000000000000000e+03 1.117645225062650386e-19 1.362151441583786228e-19 3.115935436957627285e-21 1.014554167752985090e-18 3.576505658957701939e-20 2.731005299044267490e-21
2.332000000000000000e+03 1.106586307078279165e-19 1.347422291605840679e-19 3.053316536461268171e-21 1.005350720906958525e-18 3.494186939043014971e-20 2.676768888026886322e-21
2.342000000000000000e+03 1.095674932398447291e-19 1.332860230311778627e-19 2.992215557831537406e-21 9.961986744296838556e-19 3.414173486482523442e-20 2.623821689284926028e-21
2.352000000000000000e+03 1.084912947869731774e-19 1.318494695458698359e-19 2.932683378546742665e-21 9.871034594301200484e-19 3.336468133052386700e-20 2.572206603182172452e-21
2.362000000000000000e+03 1.074303823859438678e-19 1.304354946280942434e-19 2.874714563378652290e-21 9.780736431157833451e-19 3.261066099406320626e-20 2.521922833822920452e-21
2.372000000000000000e+03 1.063848306497702689e-19 1.290461006467467090e-19 2.818203261033675060e-21 9.691195609903989976e-19 3.187928287350857733e-20 2.472889627529641128e-21
2.382000000000000000e+03 1.053547110398673111e-19 1.276836015199253236e-19 2.763104764021108517e-21 9.602521105405298152e-19 3.117010342211707862e-20 2.425072877271962893e-21
2.392000000000000000e+03 1.043400316548060523e-19 1.263505073806993910e-19 2.709404357678105488e-21 9.514849607841144268e-19 3.048241574376341964e-20 2.378459862764614434e-21
2.402000000000000000e+03 1.033406866766683279e-19 1.250482258708851213e-19 2.657036110931513432e-21 9.428237063593288550e-19 2.981549692867818301e-20 2.332997614385109788e-21
2.412000000000000000e+03 1.023566301048572907e-19 1.237779833252702266e-19 2.605966288861039370e-21 9.342858459869432058e-19 2.916851417527128010e-20 2.288657153084872902e-21
2.422000000000000000e+03 1.013876780023952251e-19 1.225410569158950006e-19 2.556143153144802044e-21 9.258714645214952693e-19 2.854046688642431017e-20 2.245394238868001664e-21
2.432000000000000000e+03 1.004335741556384159e-19 1.213365760463139956e-19 2.507494333355251366e-21 9.175854633358801964e-19 2.793022916084657982e-20 2.203147001413433177e-21
2.442000000000000000e+03 9.949422105860918964e-20 1.201657062790012256e-19 2.460058310466778639e-21 9.094345555248080296e-19 2.733690563208264422e-20 2.161941172543044098e-21
2.452000000000000000e+03 9.856932515179376741e-20 1.190269237397483298e-19 2.413762555337717633e-21 9.014167931522726881e-19 2.675960786463999732e-20 2.121715691524145695e-21
2.462000000000000000e+03 9.765851763293906203e-20 1.179182231523209793e-19 2.368541853721499752e-21 8.935307349069383806e-19 2.619749072195245008e-20 2.082415100927846719e-21
2.472000000000000000e+03 9.676144660754283668e-20 1.168375009586554780e-19 2.324364479378628665e-21 8.857752095511471515e-19 2.564976773077267168e-20 2.044010078026296418e-21
2.482000000000000000e+03 9.587800093697550750e-20 1.157843240621471309e-19 2.281265828367070497e-21 8.781538324524460516e-19 2.511566702828317898e-20 2.006523893020512668e-21
2.492000000000000000e+03 9.500763171487866972e-20 1.147536075891450600e-19 2.239142488376298093e-21 8.706593476607443091e-19 2.459439609079003495e-20 1.969870614205924310e-21
2.502000000000000000e+03 9.415005246212425837e-20 1.137431913908691666e-19 2.198011150493812884e-21 8.632926912898608998e-19 2.408518584917344547e-20 1.934058368759977018e-21
2.512000000000000000e+03 9.330490816063143221e-20 1.127501440901939823e-19 2.157838716245481755e-21 8.560491620633485083e-19 2.358751630151515132e-20 1.899058047570941880e-21
2.522000000000000000e+03 9.247176902142702817e-20 1.117711541610458415e-19 2.118588877955897973e-21 8.489230309363817019e-19 2.310071583591268665e-20 1.864836904020708963e-21
2.532000000000000000e+03 9.165037178750723530e-20 1.108027222437026814e-19 2.080240553200574270e-21 8.419153816766247368e-19 2.262449272336681755e-20 1.831376488472778159e-21
2.542000000000000000e+03 9.084017111130854553e-20 1.098411192834412444e-19 2.042687203713877460e-21 8.350123977095025139e-19 2.215852688600700178e-20 1.798591691623296598e-21
2.552000000000000000e+03 9.004116524785994759e-20 1.088861018399999876e-19 2.006056334330992661e-21 8.282185682385849687e-19 2.170273528155096266e-20 1.766581640757144548e-21
2.562000000000000000e+03 8.925306767571334102e-20 1.079344171764075333e-19 1.970299168272554257e-21 8.215275932615480372e-19 2.125694368469076029e-20 1.735307279134638428e-21
2.572000000000000000e+03 8.847529781969407166e-20 1.069835558527516183e-19 1.935357674223625603e-21 8.149226811837392127e-19 2.082111084669479565e-20 1.704723294396114586e-21
2.582000000000000000e+03 8.770789967137044941e-20 1.060325688790976462e-19 1.901237463410927887e-21 8.084035633815375814e-19 2.039530430714367697e-20 1.674835198646278149e-21
2.592000000000000000e+03 8.695096025410487020e-20 1.050814521857925421e-19 1.867923178160897407e-21 8.019658820078712243e-19 1.997950221474958596e-20 1.645631876286063452e-21
2.602000000000000000e+03 8.620380803806132203e-20 1.041285555962964231e-19 1.835353102199003654e-21 7.955891198340643793e-19 1.957382231294168926e-20 1.617066428084259272e-21
2.612000000000000000e+03 8.546664232811383410e-20 1.031754944980956263e-19 1.803565620007192759e-21 7.892720017013891479e-19 1.917826930672964047e-20 1.589170084856268714e-21
2.622000000000000000e+03 8.473909742297679592e-20 1.022217215511354891e-19 1.772459781039235623e-21 7.830131149941465755e-19 1.879299077488136055e-20 1.561866158815774837e-21
2.632000000000000000e+03 8.402166304832985932e-20 1.012712708309102112e-19 1.742130459090708626e-21 7.768148220153009732e-19 1.841805662468141668e-20 1.535230847842817168e-21
2.642000000000000000e+03 8.331383223311496584e-20 1.003246815895758537e-19 1.712483828661788575e-21 7.706632191748765799e-19 1.805344849509345589e-20 1.509191969956390565e-21
2.652000000000000000e+03 8.261566579546061740e-20 9.938491462940216135e-20 1.683522292082585599e-21 7.645692810187255523e-19 1.769910170201011312e-20 1.483752549968256064e-21
2.662000000000000000e+03 8.192699406075773625e-20 9.845463312881003510e-20 1.655210556642008553e-21 7.585264891248923227e-19 1.735478792123258545e-20 1.458884915363640888e-21
2.672000000000000000e+03 8.124772464378045189e-20 9.753690174875251377e-20 1.627536079060606979e-21 7.525345721081254518e-19 1.702014202976542663e-20 1.434578152708153229e-21
2.682000000000000000e+03 8.057799305254194127e-20 9.663491757338922381e-20 1.600486861162474394e-21 7.466072619986228662e-19 1.669472658195223470e-20 1.410821307628929160e-21
2.692000000000000000e+03 7.991791417860071224e-20 9.575245740817225589e-20 1.574051935567599448e-21 7.407479084471995828e-19 1.637798807483221657e-20 1.387603359756432039e-21
2.702000000000000000e+03 7.926719732863879580e-20 9.489193201223757882e-20 1.548222885300667161e-21 7.349601509548960587e-19 1.606948982189144938e-20 1.364915581448692024e-21
2.712000000000000000e+03 7.862565800286907215e-20 9.405544270857532615e-20 1.522964073766046490e-21 7.292423369755612787e-19 1.576862694259881460e-20 1.342726732192416302e-21
2.722000000000000000e+03 7.799342251936674617e-20 9.324365278788306056e-20 1.498242360005255562e-21 7.236009470904550931e-19 1.547502008156745382e-20 1.321008867044886962e-21
2.732000000000000000e+03 7.737025563130742989e-20 9.245495026418823658e-20 1.474029264097085003e-21 7.180358067278199162e-19 1.518836202163854484e-20 1.299737548396540781e-21
2.742000000000000000e+03 7.675584187528411586e-20 9.169470490453946440e-20 1.450350928773005593e-21 7.125446666393510596e-19 1.490839570939810034e-20 1.278932488349105858e-21
2.752000000000000000e+03 7.615080062428833502e-20 9.096516066024596293e-20 1.427236253385427013e-21 7.071400061292484536e-19 1.463487584546152570e-20 1.258615252623719124e-21
2.762000000000000000e+03 7.555459350349822890e-20 9.026251398180994830e-20 1.404613061978508557e-21 7.018098323793968083e-19 1.436752015855911113e-20 1.238726933232362119e-21
2.772000000000000000e+03 7.496689458976332687e-20 8.958276197068562357e-20 1.382459408509019867e-21 6.965519401740518276e-19 1.410615251273829889e-20 1.219248535951734316e-21
2.782000000000000000e+03 7.438831282528372005e-20 8.893025176643328958e-20 1.360850438115364017e-21 6.913794896441553086e-19 1.385059446578016479e-20 1.200238416115196864e-21
2.792000000000000000e+03 7.381771508029234949e-20 8.829574448500241574e-20 1.339673041591506930e-21 6.862716426412227035e-19 1.360072903703579904e-20 1.181605893364087648e-21
2.802000000000000000e+03 7.325587975215373733e-20 8.768231604871441363e-20 1.319006348397093443e-21 6.812511712886748148e-19 1.335637660549746847e-20 1.163412248013258260e-21
2.812000000000000000e+03 7.270186879103864585e-20 8.708105149346781585e-20 1.298759789095584258e-21 6.762827873779374693e-19 1.311728166926938325e-20 1.145583421317928900e-21
2.822000000000000000e+03 7.215579504631538485e-20 8.649152790411232565e-20 1.278987024202661924e-21 6.713888022942225078e-19 1.288310405117823533e-20 1.128158866676452822e-21
2.832000000000000000e+03 7.161803148773055920e-20 8.590993387265993090e-20 1.259662495292470810e-21 6.665711219341952439e-19 1.265361320617514691e-20 1.111116635104681885e-21
2.842000000000000000e+03 7.108828079359706235e-20 8.533357109819726115e-20 1.240798974176444004e-21 6.618239102264033702e-19 1.242861322892660728e-20 1.094464869183628014e-21
2.852000000000000000e+03 7.056518573086969752e-20 8.475600704139968460e-20 1.222343086125011992e-21 6.571340686634340822e-19 1.220791719347212667e-20 1.078159444307494471e-21
2.862000000000000000e+03 7.004916928116084641e-20 8.417702310906372870e-20 1.204303157313621420e-21 6.524969460174076021e-19 1.199138871509624100e-20 1.062206113058086443e-21
2.872000000000000000e+03 6.954108490709243198e-20 8.359595974738903711e-20 1.186719686573756018e-21 6.479352213169774898e-19 1.177892988452636296e-20 1.046636019914216278e-21
2.882000000000000000e+03 6.903943847500075627e-20 8.300674302688650327e-20 1.169513303412780548e-21 6.434306876907354574e-19 1.157049021534616006e-20 1.031385940048123802e-21
2.892000000000000000e+03 6.854516302634269867e-20 8.241168859003321060e-20 1.152724564201033430e-21 6.389906514087211585e-19 1.136617417597336827e-20 1.016489113323493883e-21
2.902000000000000000e+03 6.805683874537902958e-20 8.180899640777799611e-20 1.136326548548834924e-21 6.345888694060807376e-19 1.116631386710823902e-20 1.001926897407216754e-21
2.912000000000000000e+03 6.757533773396152764e-20 8.119789890762639881e-20 1.120283680159742127e-21 6.302489867457521299e-19 1.097130056314422421e-20 9.876752829669057212e-22
2.922000000000000000e+03 6.710052697237542255e-20 8.057991288469992489e-20 1.104585584167337103e-21 6.259676534227137797e-19 1.078167211648129817e-20 9.737311915207689271e-22
2.932000000000000000e+03 6.663152348221788060e-20 7.995551423138972314e-20 1.089213043146010022e-21 6.217220150217339305e-19 1.059774795454393166e-20 9.600826355016969080e-22
2.942000000000000000e+03 6.616926714257114328e-20 7.932893404174000751e-20 1.074219083947512624e-21 6.175375348694310661e-19 1.041988082052763428e-20 9.467751230381325048e-22
2.952000000000000000e+03 6.571209010164329065e-20 7.870034073520525074e-20 1.059538549683115969e-21 6.133888221425492331e-19 1.024822558498533810e-20 9.337594985549353391e-22
2.962000000000000000e+03 6.526204141074305601e-20 7.807554630366191800e-20 1.045196074057107871e-21 6.093028655137118305e-19 1.008287715386076538e-20 9.210575459619505022e-22
2.972000000000000000e+03 6.481753874858298105e-20 7.745588477949775244e-20 1.031155531848293758e-21 6.052707142996492554e-19 9.923607237594604801e-21 9.086396728424921550e-22
2.982000000000000000e+03 6.437884854298579823e-20 7.684543629436541117e-20 1.017384186765472655e-21 6.012848272609213673e-19 9.770172097671739783e-21 8.964794854694658851e-22
2.992000000000000000e+03 6.394684535596581838e-20 7.624845174242825358e-20 1.003899970806027696e-21 5.973545630119845270e-19 9.622085901683124004e-21 8.845879786653091102e-22
3.002000000000000000e+03 6.351977113606651310e-20 7.566784915294260871e-20 9.906782509789871796e-22 5.934820350935752315e-19 9.478741006619310428e-21 8.729412548274485845e-22
3.012000000000000000e+03 6.309910082643583368e-20 7.510734576150966798e-20 9.777132666298619733e-22 5.896709564345708642e-19 9.339348602779651085e-21 8.615291528265857002e-22
3.022000000000000000e+03 6.268444976094651422e-20 7.456910072053803924e-20 9.649894796880095730e-22 5.859200058179761518e-19 9.203233375191866947e-21 8.503342001379106442e-22
3.032000000000000000e+03 6.227648583604033841e-20 7.405727797562909666e-20 9.525310583386588265e-22 5.822355240204161600e-19 9.069826957338105760e-21 8.393710511459412677e-22
3.042000000000000000e+03 6.187359592410414170e-20 7.356886185467011969e-20 9.402577588724113206e-22 5.786044960642610141e-19 8.938590083711654570e-21 8.285720778134479287e-22
3.052000000000000000e+03 6.147662886681109526e-20 7.310720183803427406e-20 9.282087255373499623e-22 5.750296922443216426e-19 8.809115269413758923e-21 8.179647326272932755e-22
3.062000000000000000e+03 6.108604742700090947e-20 7.267441895278411061e-20 9.164178691754087065e-22 5.715308002667343905e-19 8.681041335584528418e-21 8.075725420066912548e-22
3.072000000000000000e+03 6.070121545064105913e-20 7.226391652090148529e-20 9.048094853299630309e-22 5.680760368818549820e-19 8.554072829614174999e-21 7.973330545418924761e-22
3.082000000000000000e+03 6.032291036059753027e-20 7.187878510756240929e-20 8.934286566970340675e-22 5.646814201331180466e-19 8.428028892862902985e-21 7.872801184046391444e-22
3.092000000000000000e+03 5.995025808411734124e-20 7.151263868643755038e-20 8.822505860098079044e-22 5.613379004343934570e-19 8.302918558767183828e-21 7.773934658463084274e-22
3.102000000000000000e+03 5.958381350662161386e-20 7.116549701685378646e-20 8.712928853422994859e-22 5.580591421446272694e-19 8.178716317789525447e-21 7.676865232193912772e-22
3.112000000000000000e+03 5.922344946284432000e-20 7.082939467376973794e-20 8.605244602213361765e-22 5.548171338072948194e-19 8.055656877115984192e-21 7.581360789903271694e-22
3.122000000000000000e+03 5.886691572364437258e-20 7.050090119240138604e-20 8.499314433148786633e-22 5.515925027573797264e-19 7.933946691732323398e-21 7.487323333743332775e-22
3.132000000000000000e+03 5.851739664993657505e-20 7.018226960823438163e-20 8.395810857470101314e-22 5.484347523175688469e-19 7.813872970945899372e-21 7.395308603528612405e-22
3.142000000000000000e+03 5.817347039502133244e-20 6.986775528462072895e-20 8.294489047212136763e-22 5.453193854690018431e-19 7.695543288327355701e-21 7.305126852643308178e-22
3.152000000000000000e+03 5.783448020198946117e-20 6.955243897347225722e-20 8.195234999179724030e-22 5.422398720897689350e-19 7.579077659156633730e-21 7.216694204549205961e-22
3.162000000000000000e+03 5.750124133363104120e-20 6.923426190229930636e-20 8.098173074931678039e-22 5.391969500046722047e-19 7.464453459057526092e-21 7.130104685562937536e-22
3.172000000000000000e+03 5.717340931548767412e-20 6.890817860941611965e-20 8.003257812691151346e-22 5.361987819364599352e-19 7.351728340280613585e-21 7.045323177558561169e-22
3.182000000000000000e+03 5.684861304890272437e-20 6.857064315563264508e-20 7.910231711634873498e-22 5.332296122757970151e-19 7.240920855204576312e-21 6.962145234489389983e-22
3.192000000000000000e+03 5.652998815713366239e-20 6.822526254321510321e-20 7.819501721703110820e-22 5.302886807781274132e-19 7.132015454936056973e-21 6.880894113114849414e-22
3.202000000000000000e+03 5.621445609295495249e-20 6.786402769722925634e-20 7.730491460415570617e-22 5.273704794463919877e-19 7.025016238108759699e-21 6.801111915806840612e-22
3.212000000000000000e+03 5.590467278954838967e-20 6.749201214359857383e-20 7.643703049568240096e-22 5.245054163820778431e-19 6.920129327293025188e-21 6.723217417541864165e-22
3.222000000000000000e+03 5.559914549361087462e-20 6.710941992739111327e-20 7.558882179790074046e-22 5.216627404211928735e-19 6.817706758475722405e-21 6.647045947881232841e-22
3.232000000000000000e+03 5.529705551310599910e-20 6.671466334712353225e-20 7.475756636306496617e-22 5.188567096276730440e-19 6.718161689640956782e-21 6.572426168657108088e-22
3.242000000000000000e+03 5.499876943590982439e-20 6.631200521689358983e-20 7.394446867761373046e-22 5.160655504673457724e-19 6.621880334179953844e-21 6.499495756642627448e-22
3.252000000000000000e+03 5.470483105040241180e-20 6.590496283333302243e-20 7.314781848487889860e-22 5.133120264781629992e-19 6.529127411969865454e-21 6.428156311474466484e-22
3.262000000000000000e+03 5.441485978160850941e-20 6.549525835117723662e-20 7.236602638611618109e-22 5.105947290841691764e-19 6.440034296736286282e-21 6.358302968992915941e-22
3.272000000000000000e+03 5.412849390031123890e-20 6.508671789884850417e-20 7.160019734911447121e-22 5.079362592924669900e-19 6.354494728505482781e-21 6.290018092761473518e-22
3.282000000000000000e+03 5.384675967384405835e-20 6.468481714708574452e-20 7.084859927464876698e-22 5.053044687961345968e-19 6.272392330354386419e-21 6.223166039611498850e-22
3.292000000000000000e+03 5.356800622181426568e-20 6.429438196401017499e-20 7.011135482498445252e-22 5.026992239735126612e-19 6.193322518810821351e-21 6.157721573833600755e-22
3.302000000000000000e+03 5.329467491654497972e-20 6.391731049778895489e-20 6.938481918895158507e-22 5.001624847343647940e-19 6.116980116914352388e-21 6.093381147921885227e-22
3.312000000000000000e+03 5.302384070667781699e-20 6.354607452973574593e-20 6.866328851348992613e-22 4.976763391010048339e-19 6.042941477174726007e-21 6.029653674396959171e-22
3.322000000000000000e+03 5.275788835514174678e-20 6.320179503446079909e-20 6.795576891717747663e-22 4.952298020479341436e-19 5.970912112250345967e-21 5.967227543398480058e-22
3.332000000000000000e+03 5.249668008016571042e-20 6.288327167417751078e-20 6.726123678662361465e-22 4.928566124942167486e-19 5.900436511718779083e-21 5.905977871316060774e-22
3.342000000000000000e+03 5.223876320572648606e-20 6.259263463611280287e-20 6.657801639904903646e-22 4.905105154907920568e-19 5.831119566887323717e-21 5.845735165332309812e-22
3.352000000000000000e+03 5.198542147463805224e-20 6.232708680154874428e-20 6.590273112672434180e-22 4.882265525894174425e-19 5.762651548816640240e-21 5.786207261224919000e-22
3.362000000000000000e+03 5.173910015669055709e-20 6.209318991782898587e-20 6.524064883092069105e-22 4.860187141066885555e-19 5.694685684017911326e-21 5.727773354266841580e-22
3.372000000000000000e+03 5.149559539228281285e-20 6.188790353654765011e-20 6.458581419341286088e-22 4.838097105152381678e-19 5.626996218259798502e-21 5.669941453456687056e-22
3.382000000000000000e+03 5.125950010344542941e-20 6.171209432676317174e-20 6.394499726369392081e-22 4.816910762132031597e-19 5.559325592080539276e-21 5.613213214794265674e-22
3.392000000000000000e+03 5.102404389608187424e-20 6.155604904789797783e-20 6.330946573276648107e-22 4.795666396091086153e-19 5.491672472824216366e-21 5.556896324234647286e-22
3.402000000000000000e+03 5.079640317682696478e-20 6.142427548197235132e-20 6.268765314082559141e-22 4.774969116548307838e-19 5.424071989874557825e-21 5.501655559017581837e-22
3.412000000000000000e+03 5.057421575834639511e-20 6.130965896325091732e-20 6.207784415071932582e-22 4.754681936451196785e-19 5.356690160568046768e-21 5.447365191847135183e-22
3.422000000000000000e+03 5.035784201044077655e-20 6.121113959140027060e-20 6.148071976401848930e-22 4.734723903996404329e-19 5.289720767312478403e-21 5.394095582152337987e-22
3.432000000000000000e+03 5.014458511016932291e-20 6.112111329146744010e-20 6.089387319013950076e-22 4.714739386290719689e-19 5.223323049382303169e-21 5.341667355262102161e-22
3.442000000000000000e+03 4.993672283086872061e-20 6.103459361067022567e-20 6.032061950240217314e-22 4.695029482591744086e-19 5.157623164154503616e-21 5.290347291658459945e-22
3.452000000000000000e+03 4.973450161092689314e-20 6.094850415481000433e-20 5.976260746982994501e-22 4.675648804259527921e-19 5.092661982636006530e-21 5.240263846943271179e-22
3.462000000000000000e+03 4.953565547735573666e-20 6.085587921384069137e-20 5.921660604487824038e-22 4.656281260778168346e-19 5.028374179517270317e-21 5.191153021503846934e-22
3.472000000000000000e+03 4.934318656380349080e-20 6.075280361062063858e-20 5.868640189824510627e-22 4.637354760261754192e-19 4.964690055903329038e-21 5.143298842424592366e-22
3.482000000000000000e+03 4.915359759891269596e-20 6.063854799659169770e-20 5.817060907596737428e-22 4.618721461868712005e-19 4.901585049190929125e-21 5.096586734781839044e-22
3.492000000000000000e+03 4.896718226776433293e-20 6.050207421794188258e-20 5.766758460827771498e-22 4.600199153877893781e-19 4.839022879878505066e-21 5.050878121424412289e-22
3.502000000000000000e+03 4.878722012928680796e-20 6.034741189011266838e-20 5.717228192035700650e-22 4.581597070330358470e-19 4.777120443979939150e-21 5.005804253284963002e-22
3.512000000000000000e+03 4.860685973443831377e-20 6.017230002729499735e-20 5.669268650055484687e-22 4.563157107854448969e-19 4.715844184128190172e-21 4.961964815524107138e-22
3.522000000000000000e+03 4.843327578534238820e-20 5.998217999784670111e-20 5.622977290934711597e-22 4.545140620781588837e-19 4.655386166945139839e-21 4.919465963070984921e-22
3.532000000000000000e+03 4.826114455921482273e-20 5.977361526249404385e-20 5.577869433489928110e-22 4.527219833378964857e-19 4.596093191622831793e-21 4.877966517040288038e-22
3.542000000000000000e+03 4.808874541445715821e-20 5.954388708378003271e-20 5.533751282346705903e-22 4.509042804337860979e-19 4.538571804447026374e-21 4.837383989827691692e-22
3.552000000000000000e+03 4.792632834088534537e-20 5.930925090252671932e-20 5.491690479862485873e-22 4.491603916354320111e-19 4.483446178508577025e-21 4.798629940701897188e-22
3.562000000000000000e+03 4.776015800459434492e-20 5.905628162386039060e-20 5.449834045049401968e-22 4.474116492482914752e-19 4.431446539468368834e-21 4.760353701680632538e-22
3.572000000000000000e+03 4.760047076739385325e-20 5.880244263063421066e-20 5.409543942363678621e-22 4.456823338366843574e-19 4.383034116097125949e-21 4.723676345765750448e-22
3.582000000000000000e+03 4.744009712102381259e-20 5.854463645297222737e-20 5.369727143722473985e-22 4.439540716285122496e-19 4.338406524309708701e-21 4.687784022958171229e-22
3.592000000000000000e+03 4.728292223385187115e-20 5.829148853648548486e-20 5.331014742390198952e-22 4.422673716138130118e-19 4.297363709756963863e-21 4.653149979339832872e-22
3.602000000000000000e+03 4.712829989459823960e-20 5.804562539452233796e-20 5.292675824321534836e-22 4.406281321865472394e-19 4.259606288885325810e-21 4.619187430373358534e-22
3.612000000000000000e+03 4.698101701544217478e-20 5.781615770619356246e-20 5.255308865363374629e-22 4.390693916945082647e-19 4.224686259550265263e-21 4.586313093034457234e-22
3.622000000000000000e+03 4.683022648336667022e-20 5.759983079617173616e-20 5.217778776139491493e-22 4.375438208436608183e-19 4.192025423687189725e-21 4.553582931171334139e-22
3.632000000000000000e+03 4.668234433491221116e-20 5.740698851491056619e-20 5.180750450685060419e-22 4.360231950119162945e-19 4.160980776694713793e-21 4.521440439822285439e-22
3.642000000000000000e+03 4.654203475184622046e-20 5.724133636588117037e-20 5.144261079589025150e-22 4.346322691668530086e-19 4.130855392641988430e-21 4.489839650003093406e-22
3.652000000000000000e+03 4.640456132782128113e-20 5.710187661155018532e-20 5.108018811187895539e-22 4.333017599590555801e-19 4.100977040107266193e-21 4.458472707962163972e-22
3.662000000000000000e+03 4.626965934067040015e-20 5.699056244885419745e-20 5.071808216579996667e-22 4.320586046278701851e-19 4.070725007763928661e-21 4.427102847320048510e-22
3.672000000000000000e+03 4.613857277491443586e-20 5.690795927956123394e-20 5.035862688319309128e-22 4.308612918439250334e-19 4.039680177904651269e-21 4.395858606488528557e-22
3.682000000000000000e+03 4.601364640092377724e-20 5.685405777820048066e-20 5.000209438397071222e-22 4.297239654322690116e-19 4.007453677837654930e-21 4.364715844016432451e-22
3.692000000000000000e+03 4.589148643098834212e-20 5.680719561273638272e-20 4.964130242829029588e-22 4.286648404330292627e-19 3.974036464360859854e-21 4.333109221832476183e-22
3.702000000000000000e+03 4.577386782100818798e-20 5.678869226585833835e-20 4.928479983873417691e-22 4.276695167237532640e-19 3.939519040203895174e-21 4.301713279919360799e-22
3.712000000000000000e+03 4.566296367803740622e-20 5.679713878752221152e-20 4.893419143588729405e-22 4.267088633318701537e-19 3.904140453101165078e-21 4.270677513987054893e-22
3.722000000000000000e+03 4.555702243374008533e-20 5.682147901186466901e-20 4.858651107280799954e-22 4.257896589735712346e-19 3.868091508437679705e-21 4.239789051890346340e-22
3.732000000000000000e+03 4.545335212610768286e-20 5.685701603382061903e-20 4.824256304416314337e-22 4.248542554409609521e-19 3.831637277138491265e-21 4.209133844991929157e-22
3.742000000000000000e+03 4.535629785507033794e-20 5.690271386567056216e-20 4.790592583246699029e-22 4.240032258189156796e-19 3.794963396938671904e-21 4.179009429924939563e-22
3.752000000000000000e+03 4.526474131935937300e-20 5.695054336196151402e-20 4.757471922135513534e-22 4.231482672025878544e-19 3.758332578899486768e-21 4.149297140897941055e-22
3.762000000000000000e+03 4.517766074083064808e-20 5.699143764761273778e-20 4.725054880355432872e-22 4.222910616434319101e-19 3.721879998430811196e-21 4.120129260718419036e-22
3.772000000000000000e+03 4.509569200800515155e-20 5.702579073410457902e-20 4.693478674681161706e-22 4.215048792022954180e-19 3.685601674657334270e-21 4.091610501818636442e-22
3.782000000000000000e+03 4.501192096892279248e-20 5.703891221139517787e-20 4.662407165147781973e-22 4.206310836072216684e-19 3.649335999680678745e-21 4.063450150243812464e-22
3.792000000000000000e+03 4.493882289941148930e-20 5.703856275499475222e-20 4.632506724703947001e-22 4.198011058078567722e-19 3.613025540373536072e-21 4.036161759606785474e-22
3.802000000000000000e+03 4.486865313350450309e-20 5.701495859341186235e-20 4.603606156756729085e-22 4.190190901123441725e-19 3.576633993247245148e-21 4.009597867229181018e-22
3.812000000000000000e+03 4.480017090228910711e-20 5.696682151916225144e-20 4.575357249618168003e-22 4.181727951218107887e-19 3.540142981410805737e-21 3.983487768092999611e-22
3.822000000000000000e+03 4.472928229673998428e-20 5.689028459237900463e-20 4.547879694882639031e-22 4.173392330974688173e-19 3.503579186097037540e-21 3.957919707268256582e-22
3.832000000000000000e+03 4.466884589981405698e-20 5.679715794735614878e-20 4.521783861724746907e-22 4.165655513130487375e-19 3.467056908590320504e-21 3.933384639883718904e-22
3.842000000000000000e+03 4.460559845771331182e-20 5.667617910302439530e-20 4.496177969512110332e-22 4.157483976140091238e-19 3.430896783605161473e-21 3.909230266428828948e-22
3.852000000000000000e+03 4.454436280378530441e-20 5.653740098721082424e-20 4.471363306195481511e-22 4.148784275930392700e-19 3.395544715057370618e-21 3.885750831172558734e-22
3.862000000000000000e+03 4.448701273761758649e-20 5.638293193888179414e-20 4.447268748049305242e-22 4.140534059069413186e-19 3.361726454804940777e-21 3.862992350938053604e-22
3.872000000000000000e+03 4.442712190687154375e-20 5.621802125794304142e-20 4.423886256505435102e-22 4.132484375199570529e-19 3.329985732221383016e-21 3.841021576867722058e-22
3.882000000000000000e+03 4.436939116444651213e-20 5.604475876430005768e-20 4.400679926599715103e-22 4.124251349015712216e-19 3.300921875158137205e-21 3.819523799058929611e-22
3.892000000000000000e+03 4.431118744564323265e-20 5.586126101393798703e-20 4.376736131939252332e-22 4.115690699519619493e-19 3.274803240194343000e-21 3.797850524797049557e-22
3.902000000000000000e+03 4.425876922406984177e-20 5.568779975141093688e-20 4.353919823602884222e-22 4.108166894987222982e-19 3.251670294629707127e-21 3.777432181414800116e-22
3.912000000000000000e+03 4.420606520980336540e-20 5.552646200517873279e-20 4.331529018595157650e-22 4.100625139890540689e-19 3.231173395174235865e-21 3.757691864085709303e-22
3.922000000000000000e+03 4.415260841770733005e-20 5.538110842894611239e-20 4.309297026272186370e-22 4.094081192656838413e-19 3.212816037843192353e-21 3.738365971497266792e-22
3.932000000000000000e+03 4.410248711950742944e-20 5.525956769627683939e-20 4.287088923761795737e-22 4.086976962099151478e-19 3.196048504077337236e-21 3.719284485044262626e-22
3.942000000000000000e+03 4.405820036265319495e-20 5.516005955870581382e-20 4.264977563101667268e-22 4.081443270104966209e-19 3.180157144755511020e-21 3.700408266814753300e-22
3.952000000000000000e+03 4.401042443412450043e-20 5.509115261155957813e-20 4.242546584870383989e-22 4.076426862395911434e-19 3.164521269315720758e-21 3.681335904694501179e-22
3.962000000000000000e+03 4.397216205597061927e-20 5.505417636668329055e-20 4.220316745781777187e-22 4.071874072356219226e-19 3.148381367376236678e-21 3.662365922599220068e-22
3.972000000000000000e+03 4.392899427587855695e-20 5.504225996865886990e-20 4.197323987854046648e-22 4.067456492572407517e-19 3.131292472871987499e-21 3.642698337080106321e-22
3.982000000000000000e+03 4.389625833319610912e-20 5.506865040473059116e-20 4.174879274849727522e-22 4.064786775906195641e-19 3.112927428197427749e-21 3.623293219229349751e-22
3.992000000000000000e+03 4.386997003737219977e-20 5.512313076656498474e-20 4.152138236353359881e-22 4.061915456764413274e-19 3.093172716146315168e-21 3.603489280059409835e-22
4.002000000000000000e+03 4.384561260738325234e-20 5.520561583454548582e-20 4.129543731270313847e-22 4.059406554648275220e-19 3.072075404823018155e-21 3.583622243504222365e-22
4.012000000000000000e+03 4.382664019915423347e-20 5.531347422051032569e-20 4.106983832409849354e-22 4.057328423398510772e-19 3.049791102938982303e-21 3.563628271794490271e-22
4.022000000000000000e+03 4.381405564031728678e-20 5.543925329824741323e-20 4.084638543275020417e-22 4.055241224296741655e-19 3.026543654911670248e-21 3.543668512378506282e-22
4.032000000000000000e+03 4.380677201921868438e-20 5.557818258423686171e-20 4.062596674171735309e-22 4.052920959955237481e-19 3.002628376730959031e-21 3.523845354604406370e-22
4.042000000000000000e+03 4.380492501990394736e-20 5.572791040308569378e-20 4.041120005048266391e-22 4.051167520815629699e-19 2.978317661365510657e-21 3.504391117904460993e-22
4.052000000000000000e+03 4.381013739781483293e-20 5.588072755288728775e-20 4.020469916599383856e-22 4.048937374421575094e-19 2.954040189306442471e-21 3.485557288695658553e-22
4.062000000000000000e+03 4.382536852975612254e-20 5.602760313623890308e-20 4.000559338080448607e-22 4.047598824617183477e-19 2.930059522727620006e-21 3.467313520298810237e-22
4.072000000000000000e+03 4.383902895797687312e-20 5.615787660008956648e-20 3.981169588371674001e-22 4.045293134065832136e-19 2.906808978067482692e-21 3.449543627510581586e-22
4.082000000000000000e+03 4.386052687976277558e-20 5.624573566540410796e-20 3.961625572848836934e-22 4.043618735617271882e-19 2.884612075246926089e-21 3.431785417099659437e-22
4.092000000000000000e+03 4.388070626563670075e-20 5.632675673623526607e-20 3.943481938674047079e-22 4.041345370288577853e-19 2.863640758414661523e-21 3.415238846817710866e-22
4.102000000000000000e+03 4.391261526809881796e-20 5.639346828738113631e-20 3.927132814430216875e-22 4.040163949096174481e-19 2.843784581647315021e-21 3.400190964504817148e-22
4.112000000000000000e+03 4.394905266377454754e-20 5.643078827489069440e-20 3.911850149068095801e-22 4.038882402110625645e-19 2.824714706378421251e-21 3.386038641703250577e-22
4.122000000000000000e+03 4.397185897484325398e-20 5.643309317940971098e-20 3.897375948831222427e-22 4.036605106581909162e-19 2.806028490029372424e-21 3.372517768323071635e-22
4.132000000000000000e+03 4.401548404267392512e-20 5.641191605855276894e-20 3.884883857599352149e-22 4.035665177310065746e-19 2.787169648170819486e-21 3.360451757297043838e-22
4.142000000000000000e+03 4.404628468707837891e-20 5.635625183400405541e-20 3.873064670136872899e-22 4.033586279290852541e-19 2.767795487527631322e-21 3.348782508968895384e-22
4.152000000000000000e+03 4.409034586953137688e-20 5.627623997626571653e-20 3.863030964217304518e-22 4.032265867561166282e-19 2.747692340512865641e-21 3.338326509215971756e-22
4.162000000000000000e+03 4.412016129765317581e-20 5.616830315494255242e-20 3.853687405677898930e-22 4.030278724460015858e-19 2.727157307480812907e-21 3.328285785102284622e-22
4.172000000000000000e+03 4.415684135663905448e-20 5.604401012502969355e-20 3.845589841168197592e-22 4.027529397115730359e-19 2.706947385772037949e-21 3.319200491273587417e-22
4.182000000000000000e+03 4.419362327862995363e-20 5.590057319494586841e-20 3.838053069780140483e-22 4.025541065209965007e-19 2.688385916921268440e-21 3.310755273730631711e-22
4.192000000000000000e+03 4.423109824045293668e-20 5.574952430250828826e-20 3.831627602621967084e-22 4.023580386686488264e-19 2.672801014913325353e-21 3.303570852712739322e-22
4.202000000000000000e+03 4.425913349754395415e-20 5.559486479149495506e-20 3.825619931022909894e-22 4.020422740608482817e-19 2.661079868052567364e-21 3.297270530487547697e-22
4.212000000000000000e+03 4.428588248440941683e-20 5.544193197973204858e-20 3.819963796251870457e-22 4.017570959957595524e-19 2.653506030903282320e-21 3.291864329379876954e-22
4.222000000000000000e+03 4.431679414423289275e-20 5.529771964634142250e-20 3.815166579651988761e-22 4.015498186005188174e-19 2.649818448760564164e-21 3.287699015500433661e-22
4.232000000000000000e+03 4.434065870833496639e-20 5.516420990362287399e-20 3.809752892286362982e-22 4.013305440858398695e-19 2.649372808695541527e-21 3.283573995833172529e-22
4.242000000000000000e+03 4.437067535624239739e-20 5.504683167509019253e-20 3.804314371036654449e-22 4.012269757170914491e-19 2.651339700482602599e-21 3.279808529852190613e-22
4.252000000000000000e+03 4.439848270912122505e-20 5.494931549933274017e-20 3.799036824074164056e-22 4.011919708773933895e-19 2.654927450940932298e-21 3.276412528833899786e-22
4.262000000000000000e+03 4.441935825153673253e-20 5.487146834705575211e-20 3.792866028618043720e-22 4.011706778243411035e-19 2.659356796607449303e-21 3.272476978748860820e-22
4.272000000000000000e+03 4.445322200034260372e-20 5.479181446128756499e-20 3.785543414240825000e-22 4.013729572829356809e-19 2.664011944615678019e-21 3.267717281238747787e-22
4.282000000000000000e+03 4.447935112800052280e-20 5.473463661079929853e-20 3.777760961313143523e-22 4.016624104964060966e-19 2.668185841497459645e-21 3.262537299850676341e-22
4.292000000000000000e+03 4.451379415581114089e-20 5.470193231427547315e-20 3.769824161852610396e-22 4.020454034176351614e-19 2.671305354802811707e-21 3.257089693106557578e-22
4.302000000000000000e+03 4.454329951890018174e-20 5.469274638799081510e-20 3.761414741356810266e-22 4.024435613602030137e-19 2.672901343028873921e-21 3.251061652441528272e-22
4.312000000000000000e+03 4.457649241840236410e-20 5.470453714884743491e-20 3.752769459307913771e-22 4.030061159402363074e-19 2.672745962358697365e-21 3.244603706950776661e-22
4.322000000000000000e+03 4.461884745839507721e-20 5.472472043830175446e-20 3.743631293940624441e-22 4.036619347298696370e-19 2.670677997908858328e-21 3.237500476461933634e-22
4.332000000000000000e+03 4.465750165606703920e-20 5.475643277655039064e-20 3.733870788265091273e-22 4.042809811502880007e-19 2.666797123864957499e-21 3.229664958144386347e-22
4.342000000000000000e+03 4.469966774856372873e-20 5.478710321822473281e-20 3.723932973576874240e-22 4.049482378330721002e-19 2.661159535759778096e-21 3.221439355965648685e-22
4.352000000000000000e+03 4.474911818858139144e-20 5.482190359780818917e-20 3.713883041177496981e-22 4.056431453333561670e-19 2.653832385727985165e-21 3.212886434239431449e-22
4.362000000000000000e+03 4.479783283466167889e-20 5.484944906245261319e-20 3.703803570712455757e-22 4.062958981573969125e-19 2.644834743859755774e-21 3.204062086374400680e-22
4.372000000000000000e+03 4.484812628821559074e-20 5.486608141818344851e-20 3.693624443743164464e-22 4.068543403164856292e-19 2.634421127712269212e-21 3.194950018272088185e-22
4.382000000000000000e+03 4.490981309556245304e-20 5.486918517226344877e-20 3.683918518338263054e-22 4.075337789345978830e-19 2.622926147241316290e-21 3.186032181521324259e-22
4.392000000000000000e+03 4.496077884074861591e-20 5.485282291348439785e-20 3.673973664615974895e-22 4.079789451815136064e-19 2.610663569940079185e-21 3.176805484447127767e-22
4.402000000000000000e+03 4.501207323048762996e-20 5.481586312573646852e-20 3.664465689472831626e-22 4.084342416423390546e-19 2.597855245454383604e-21 3.167813745632015961e-22
4.412000000000000000e+03 4.507361586116202395e-20 5.475776715110816440e-20 3.655781782914238765e-22 4.089429620137091275e-19 2.584548549934552664e-21 3.159356719817933313e-22
4.422000000000000000e+03 4.512251366435753619e-20 5.467629476101183407e-20 3.646986016075479803e-22 4.092484569554944095e-19 2.570677175152139104e-21 3.150710155847242435e-22
4.432000000000000000e+03 4.517563801652916335e-20 5.457368869010236991e-20 3.638827284935860800e-22 4.095832051288890474e-19 2.556000760411999848e-21 3.142405492430918369e-22
4.442000000000000000e+03 4.521883742274395955e-20 5.444993799105991549e-20 3.630876542846257909e-22 4.097474612282949110e-19 2.540376669353861321e-21 3.134089843375665594e-22
4.452000000000000000e+03 4.526101034483363146e-20 5.430808874239919926e-20 3.623388354355386069e-22 4.099314899746558007e-19 2.523641542824465712e-21 3.125930500089333364e-22
4.462000000000000000e+03 4.530058890090340049e-20 5.414863497829071597e-20 3.615085200905268038e-22 4.100085228635277144e-19 2.506194648115728288e-21 3.117032798207914083e-22
4.472000000000000000e+03 4.532884357318646391e-20 5.397578879733363020e-20 3.606453874200144919e-22 4.100124234412944611e-19 2.488819807450051733e-21 3.107877055462062938e-22
4.482000000000000000e+03 4.535614742123008623e-20 5.379641850190639207e-20 3.598286994443833579e-22 4.099386159134877516e-19 2.472688453937652798e-21 3.099243350953883254e-22
4.492000000000000000e+03 4.537215913482536614e-20 5.361252830071281455e-20 3.590456180230060121e-22 4.098424623858608409e-19 2.458819784795638330e-21 3.091196930186817171e-22
4.502000000000000000e+03 4.538627636304545878e-20 5.342748647040753142e-20 3.582458957704566778e-22 4.096148142180545141e-19 2.447799577335011484e-21 3.083469186636950753e-22
4.512000000000000000e+03 4.539074377908439156e-20 5.324406592559689771e-20 3.574369411078405769e-22 4.094071670199527208e-19 2.439513636746800179e-21 3.076100605132587080e-22
4.522000000000000000e+03 4.539104171873819951e-20 5.306470963929883459e-20 3.565474935323656800e-22 4.091126360345350191e-19 2.433445769566205450e-21 3.068486749196987210e-22
4.532000000000000000e+03 4.538183993129216745e-20 5.289242815355654437e-20 3.556093770714009397e-22 4.088295974724176462e-19 2.428768950921524338e-21 3.060731246359789531e-22
4.542000000000000000e+03 4.537498895990609567e-20 5.272832882228675131e-20 3.546210752566746284e-22 4.085464890390452421e-19 2.424482405036644053e-21 3.052668968398813269e-22
4.552000000000000000e+03 4.535341024881330189e-20 5.257401323789097483e-20 3.535382311307589905e-22 4.081889849700138241e-19 2.419642965486381311e-21 3.043813663030872079e-22
4.562000000000000000e+03 4.533435681804128700e-20 5.243002684642630906e-20 3.523858079790980748e-22 4.078797275368237242e-19 2.413612939881395887e-21 3.034258193330690670e-22
4.572000000000000000e+03 4.531014282879454829e-20 5.229619570117086941e-20 3.511699349647403935e-22 4.075338897352688432e-19 2.406067482934998252e-21 3.023993081041429395e-22
4.582000000000000000e+03 4.528398654377148006e-20 5.217099037648375255e-20 3.498653091193439151e-22 4.071800775969944253e-19 2.396897195212961074e-21 3.012814681069001492e-22
4.592000000000000000e+03 4.525517525711154662e-20 5.205378514960556017e-20 3.485066625770412613e-22 4.068230223396557882e-19 2.386166423297435591e-21 3.000989955435627486e-22
4.602000000000000000e+03 4.522556811340366460e-20 5.194303022631058195e-20 3.470882400532469835e-22 4.063876644727824707e-19 2.374053029055014820e-21 2.988503586754369572e-22
4.612000000000000000e+03 4.519324043053643046e-20 5.183662100031923371e-20 3.456240862946013401e-22 4.059165734124597026e-19 2.360886700149426250e-21 2.975509752821970858e-22
4.622000000000000000e+03 4.516067384923848092e-20 5.173206393424254797e-20 3.441524867771498263e-22 4.053740530716082483e-19 2.347031138794402615e-21 2.962349164028864172e-22
4.632000000000000000e+03 4.512644108721751388e-20 5.162798066199275504e-20 3.426781517913277864e-22 4.048255443064038721e-19 2.333135777444261693e-21 2.949158850264528665e-22
4.642000000000000000e+03 4.509422577402053168e-20 5.152211430108279858e-20 3.412496789744074043e-22 4.042449865116791176e-19 2.319791132590294352e-21 2.936393900183205360e-22
4.652000000000000000e+03 4.505763258470703891e-20 5.141266835092402680e-20 3.398301318354525387e-22 4.036692771286711103e-19 2.307909201616207259e-21 2.923924631743850230e-22
4.662000000000000000e+03 4.501969364939857730e-20 5.128126579229514986e-20 3.382384157696729342e-22 4.030828317289712569e-19 2.298371805553458485e-21 2.910548302975846001e-22
4.672000000000000000e+03 4.497587479411086732e-20 5.115635588523035002e-20 3.368282622753423129e-22 4.024710310578888848e-19 2.292027021891262988e-21 2.899026545731541750e-22
4.682000000000000000e+03 4.493175627463163030e-20 5.102897282318660559e-20 3.355335439380626312e-22 4.019212533420711746e-19 2.289496617452814981e-21 2.888966122726723894e-22
4.692000000000000000e+03 4.488425944038348389e-20 5.089561173996731124e-20 3.343524138877791678e-22 4.014141593928702462e-19 2.291280948371975279e-21 2.880423176499940481e-22
4.702000000000000000e+03 4.483023080568537699e-20 5.075590331453925016e-20 3.332603671860704927e-22 4.008993795833548883e-19 2.297798097517306127e-21 2.873266813777330311e-22
4.712000000000000000e+03 4.477330864598581928e-20 5.061097049658647756e-20 3.322883615644443323e-22 4.004243785781074806e-19 2.309129610798109181e-21 2.867721819596770624e-22
4.722000000000000000e+03 4.471226221179028032e-20 5.046009409116818308e-20 3.314497716308389034e-22 4.000077046574316510e-19 2.325115627381708762e-21 2.863838224701575590e-22
4.732000000000000000e+03 4.464699063799987178e-20 5.030480863257000333e-20 3.307273082815595707e-22 3.995927167476304424e-19 2.345036783305130363e-21 2.861352421365431606e-22
4.742000000000000000e+03 4.457440579182693588e-20 5.014463123352224236e-20 3.300912578639216590e-22 3.991577188194418571e-19 2.367965150482446066e-21 2.859879544539917906e-22
4.752000000000000000e+03 4.449549531658041513e-20 4.998161249848757135e-20 3.295350917039164909e-22 3.986479024716941729e-19 2.392363426824191265e-21 2.859132079239246197e-22
4.762000000000000000e+03 4.441190581536011524e-20 4.981651337823452019e-20 3.290596452154994477e-22 3.981316143254324526e-19 2.416140678574066092e-21 2.858819102050607491e-22
4.772000000000000000e+03 4.432298865957639018e-20 4.965025622032471698e-20 3.286376862175051475e-22 3.975494311047924546e-19 2.436489679703329282e-21 2.858360410094560692e-22
4.782000000000000000e+03 4.422901059543002744e-20 4.948375120112326120e-20 3.282392515948173935e-22 3.969109205936357354e-19 2.450397026641341525e-21 2.857148499429835900e-22
4.792000000000000000e+03 4.412935500024138508e-20 4.931758718037746038e-20 3.278374502050858620e-22 3.961954729874094026e-19 2.456168467200454865e-21 2.854784197147204472e-22
4.802000000000000000e+03 4.402543903897567105e-20 4.915247962186245600e-20 3.274080325476686194e-22 3.954148326008402836e-19 2.455505607140366219e-21 2.851335178557384081e-22
4.812000000000000000e+03 4.391801363426253597e-20 4.898852485007903046e-20 3.269266593291089339e-22 3.945853332409712758e-19 2.453293839728390782e-21 2.847281323787370612e-22
4.822000000000000000e+03 4.380601633589942743e-20 4.882621514960754097e-20 3.263512501441757730e-22 3.936810276040476266e-19 2.454219557916765899e-21 2.842933473394472681e-22
4.832000000000000000e+03 4.369119464097657665e-20 4.866545458337502456e-20 3.256760249497101181e-22 3.927342960112600226e-19 2.460241765840649246e-21 2.838503733936579284e-22
4.842000000000000000e+03 4.357366968862597798e-20 4.850595619915910141e-20 3.248647046814124422e-22 3.917510190781710755e-19 2.470818811371319031e-21 2.833626227812207864e-22
4.852000000000000000e+03 4.345427942923471028e-20 4.834723813349840663e-20 3.235997379839483852e-22 3.907346588543876855e-19 2.484424069955157777e-21 2.825656316398555938e-22
4.862000000000000000e+03 4.333298325365923220e-20 4.819001071163017122e-20 3.223673978266818798e-22 3.896864632616053543e-19 2.499005776550775399e-21 2.818009350302490605e-22
4.872000000000000000e+03 4.321103029107744939e-20 4.803433377909634605e-20 3.210143250351307853e-22 3.886253541842662732e-19 2.512749824610452008e-21 2.809280729017735471e-22
4.882000000000000000e+03 4.308823478933289889e-20 4.787938850949744854e-20 3.195540959841137752e-22 3.875544763650583359e-19 2.524166937602597517e-21 2.799391250735547439e-22
4.892000000000000000e+03 4.296513895756167282e-20 4.772521220968103625e-20 3.179447772838076286e-22 3.864762922874953621e-19 2.532283249962085836e-21 2.787910086448223088e-22
4.902000000000000000e+03 4.284214808783867506e-20 4.757210527476941039e-20 3.162036006810366360e-22 3.853911574565268069e-19 2.536460548524946884e-21 2.774905373506676597e-22
4.912000000000000000e+03 4.271901191810189152e-20 4.741958512493870771e-20 3.142983616122114943e-22 3.842952195661308911e-19 2.536618184828668631e-21 2.760132027773652695e-22
4.922000000000000000e+03 4.259610795283787771e-20 4.726809729481736363e-20 3.122722427747350991e-22 3.831906611787830963e-19 2.532782828549629708e-21 2.743937044387281927e-22
4.932000000000000000e+03 4.247347374627918236e-20 4.711769828956704957e-20 3.101213777004049600e-22 3.820777546045201025e-19 2.525175981510014984e-21 2.726325400926156233e-22
4.942000000000000000e+03 4.235125212155191629e-20 4.696871718970211152e-20 3.078633137560767544e-22 3.809601293558996849e-19 2.514084767726323700e-21 2.707472552053337692e-22
4.952000000000000000e+03 4.222947387566128988e-20 4.682117291280507991e-20 3.055147432102213896e-22 3.798409640655764116e-19 2.500226072825858117e-21 2.687594805190686871e-22
4.962000000000000000e+03 4.210831588938299067e-20 4.667554840059858142e-20 3.030960110949080954e-22 3.787241284119746245e-19 2.484471695782082689e-21 2.666952657812762702e-22
4.972000000000000000e+03 4.198784578572738936e-20 4.653187480530354077e-20 3.006253544803893481e-22 3.776123517765117122e-19 2.467654451171534611e-21 2.645784156968226804e-22
4.982000000000000000e+03 4.186811960949758386e-20 4.639029889603663219e-20 2.981240826048904146e-22 3.765081405329751938e-19 2.450421479464328304e-21 2.624329021984906449e-22
4.992000000000000000e+03 4.174923984064402960e-20 4.625143358591057935e-20 2.956150100306801760e-22 3.754109749596997789e-19 2.433062603010902989e-21 2.602797470579983497e-22
5.002000000000000000e+03 4.163123539397638291e-20 4.611564547900088568e-20 2.931221548159566903e-22 3.743222750940267224e-19 2.415287086715851052e-21 2.581342646860463022e-22
