# els,n0s['EB'],n0s[q'EE'],n0s['TT'],n0s['TB'],n0s['TE'], mv
2.000000000000000000e+00 1.905117960780312626e-08 9.674829300046738146e-09 8.715776216566922091e-09 1.610792979440822779e-07 9.800434519977061570e-09 2.639705953070380416e-09
1.200000000000000000e+01 1.469651338538472861e-11 7.491442510534095486e-12 6.732865075998382918e-12 1.242437159677897179e-10 7.587294237821613818e-12 2.041223912969182152e-12
2.200000000000000000e+01 1.300350143206014131e-12 6.688122836749633288e-13 5.976445589233614783e-13 1.098953507498759030e-11 6.770914495755331822e-13 1.816415645312489155e-13
3.200000000000000000e+01 2.903734925646564436e-13 1.514535847263686689e-13 1.341040608766640827e-13 2.452254916255361798e-12 1.532436025283947425e-13 4.092194684462161463e-14
4.200000000000000000e+01 9.781885815547552026e-14 5.199384551056007685e-14 4.546073019925779924e-14 8.251856748082259381e-13 5.257766778013215814e-14 1.395004422374600521e-14
5.200000000000000000e+01 4.162561113229658368e-14 2.265678738988560647e-14 1.949278756726014626e-14 3.507196666853067086e-13 2.290017583415003675e-14 6.024798731340280036e-15
6.200000000000000000e+01 2.059981331959791518e-14 1.153746984611178834e-14 9.732151473127687467e-15 1.734068470801004907e-13 1.165865939086483858e-14 3.034805689470325746e-15
7.200000000000000000e+01 1.133051970722190978e-14 6.561871904480818218e-15 5.406735620988704589e-15 9.535898342007728966e-14 6.631814416793839694e-15 1.703919419061644029e-15
8.200000000000000000e+01 6.738261328640129741e-15 4.055181530397482829e-15 3.251331293269585172e-15 5.675189480908928455e-14 4.101210735268916473e-15 1.037321119675011649e-15
9.200000000000000000e+01 4.255233720323520972e-15 2.674625998150621085e-15 2.078422614253705122e-15 3.590102126771333631e-14 2.708640988733258193e-15 6.724650809378875355e-16
1.020000000000000000e+02 2.818174628705324000e-15 1.859581635710331219e-15 1.394823849025817672e-15 2.383804349952935107e-14 1.887279726921683134e-15 4.584329033322993401e-16
1.120000000000000000e+02 1.939955025451145785e-15 1.350857787554699643e-15 9.738520856063465527e-16 1.646139532667223728e-14 1.375191303766947029e-15 3.256781622698224518e-16
1.220000000000000000e+02 1.378820534825823744e-15 1.018543576860629348e-15 7.026185732093574590e-16 1.174008501377116173e-14 1.041164551535522397e-15 2.394670350237283104e-16
1.320000000000000000e+02 1.006745541051963426e-15 7.931101081897211698e-16 5.211224755403798999e-16 8.601250632914817155e-15 8.150214085941319530e-16 1.812803681549694589e-16
1.420000000000000000e+02 7.521829623503576085e-16 6.352615032206342168e-16 3.957046602737297543e-16 6.446773575940282539e-15 6.571322884260803735e-16 1.406937572354022112e-16
1.520000000000000000e+02 5.732921569141359805e-16 5.217424290481371899e-16 3.066040151440051376e-16 4.927526806889123475e-15 5.440716023048139123e-16 1.115643511892233090e-16
1.620000000000000000e+02 4.446361507877297438e-16 4.382357851925690005e-16 2.417586712889760401e-16 3.831427231621840163e-15 4.614420016263252020e-16 9.012758834230423496e-17
1.720000000000000000e+02 3.502221352244161950e-16 3.756183915017533434e-16 1.935542382816883460e-16 3.025037839540449414e-15 4.000934501669421261e-16 7.399674450764691325e-17
1.820000000000000000e+02 2.796954050623000219e-16 3.278957019620509470e-16 1.570404491468859073e-16 2.421745207877375706e-15 3.540391157835862772e-16 6.161305552421803608e-17
1.920000000000000000e+02 2.261759473885524914e-16 2.910169770440432241e-16 1.289145658850056944e-16 1.963748532187421240e-15 3.192601973295407159e-16 5.193157100129223641e-17
2.020000000000000000e+02 1.849862827469115929e-16 2.621704961749324278e-16 1.069217393705485835e-16 1.611514713370184940e-15 2.929949657099048995e-16 4.423542698406439216e-17
2.120000000000000000e+02 1.528805504126395868e-16 2.393508386414261953e-16 8.949054931830831421e-17 1.337413413977146532e-15 2.733005869572364977e-16 3.802270811787203042e-17
2.220000000000000000e+02 1.275646394902487562e-16 2.210844221458380889e-16 7.550538499760113408e-17 1.121764420891991356e-15 2.587724220522757513e-16 3.293562176214746763e-17
2.320000000000000000e+02 1.073901418200887036e-16 2.062511160251649981e-16 6.416083393584039592e-17 9.503180156884809095e-16 2.483550724831147344e-16 2.871508182256966574e-17
2.420000000000000000e+02 9.115484625218387730e-17 1.939660930362607042e-16 5.486648253177708917e-17 8.126090936284522824e-16 2.412067801597651561e-16 2.517092818230463436e-17
2.520000000000000000e+02 7.797006357244747808e-17 1.835010814399379859e-16 4.718337659138158364e-17 7.008576896271092318e-16 2.365936792853033527e-16 2.216195247002861860e-17
2.620000000000000000e+02 6.717078551316079472e-17 1.742354556176976645e-16 4.078090710480427546e-17 6.092197352821657004e-16 2.338017107031604967e-16 1.958225718246497759e-17
2.720000000000000000e+02 5.825382855969719038e-17 1.656312977615302961e-16 3.540700512915468197e-17 5.332679551207638160e-16 2.320629545917091415e-16 1.735172308731184859e-17
2.820000000000000000e+02 5.083458207357114192e-17 1.572297946055347442e-16 3.086727246344304644e-17 4.696269833964974770e-16 2.305050467257133264e-16 1.540922573531967812e-17
2.920000000000000000e+02 4.461633355639789733e-17 1.486651948956795156e-16 2.701014166938518252e-17 4.157139359837071684e-16 2.281454093701094645e-16 1.370771089678656611e-17
3.020000000000000000e+02 3.936822606265506729e-17 1.396923479058032180e-16 2.371619777152642958e-17 3.695519120115753018e-16 2.239690043889757069e-16 1.221061724701646643e-17
3.120000000000000000e+02 3.490923817676526055e-17 1.302066504302901084e-16 2.089042044299163643e-17 3.296336272150903921e-16 2.170837677575817533e-16 1.088911469998706314e-17
3.220000000000000000e+02 3.109640556463178076e-17 1.202526409319266724e-16 1.845646942441591390e-17 2.948184889641947199e-16 2.069532701500389216e-16 9.720123345867608998e-18
3.320000000000000000e+02 2.781607813847887680e-17 1.100047377330418844e-16 1.635245736382123281e-17 2.642516027600687168e-16 1.935952137637589956e-16 8.684813058737385856e-18
3.420000000000000000e+02 2.497736867442103041e-17 9.972231529064132847e-17 1.452777424948263637e-17 2.372972697518334596e-16 1.776269919621392651e-16 7.767493688028271393e-18
3.520000000000000000e+02 2.250719564425903206e-17 8.969154711924283790e-17 1.294070793207849054e-17 2.134818568641067241e-16 1.601027060327097271e-16 6.954813272666299795e-18
3.620000000000000000e+02 2.034649875931595942e-17 8.017145132900376799e-17 1.155662166510197623e-17 1.924440504865642913e-16 1.422132560202512900e-16 6.235181300983623531e-18
3.720000000000000000e+02 1.844732411446898620e-17 7.135798462974006836e-17 1.034655749344060774e-17 1.738925260413906790e-16 1.249981865959072890e-16 5.598365897732938759e-18
3.820000000000000000e+02 1.677055798643409272e-17 6.337008845658439775e-17 9.286165810047440466e-18 1.575721702509989921e-16 1.091809854409068721e-16 5.035218901366951430e-18
3.920000000000000000e+02 1.528415300611943492e-17 5.625443761090473856e-17 8.354858910717194325e-18 1.432410629377850819e-16 9.514473789713220389e-17 4.537493508308079697e-18
4.020000000000000000e+02 1.396172839339062649e-17 5.000090839621247648e-17 7.535151560830561580e-18 1.306592714371274902e-16 8.299682129908615308e-17 4.097731097211481546e-18
4.120000000000000000e+02 1.278144974938254263e-17 4.455913710566028318e-17 6.812133548798212949e-18 1.195887815993433878e-16 7.266245012805072135e-17 3.709176602641587615e-18
4.220000000000000000e+02 1.172513943474724331e-17 3.985650977620662794e-17 6.173047619556368512e-18 1.098017324330641790e-16 6.396881305251523110e-17 3.365741869967618530e-18
4.320000000000000000e+02 1.077755786822506370e-17 3.581134045298889375e-17 5.606950127642035555e-18 1.010917852728202160e-16 5.670496911409832643e-17 3.061973745283065601e-18
4.420000000000000000e+02 9.925831571355036542e-18 3.234082880356659901e-17 5.104425390481660375e-18 9.328333067480680502e-17 5.065780202393833929e-17 2.793010116629566757e-18
4.520000000000000000e+02 9.158991645452625663e-18 2.936645399571214598e-17 4.657357001067688337e-18 8.623522002557352197e-17 4.563099957009171772e-17 2.554539712354031508e-18
4.620000000000000000e+02 8.467611356934851027e-18 2.681678412318833311e-17 4.258737577594798891e-18 7.983913004518409441e-17 4.145276062941374727e-17 2.342756857692554701e-18
4.720000000000000000e+02 7.843518565497296065e-18 2.462846910040746948e-17 3.902506963143482783e-18 7.401413830738978174e-17 3.797721276868064953e-17 2.154312224603389636e-18
4.820000000000000000e+02 7.279568636578396028e-18 2.274621423181847978e-17 3.583417100558843573e-18 6.869975099435145029e-17 3.508243053995138482e-17 1.986263910201967729e-18
4.920000000000000000e+02 6.769467389815613237e-18 2.112269315545485094e-17 3.296919866429232611e-18 6.384927320749279945e-17 3.266757174908345429e-17 1.836037291093318403e-18
5.020000000000000000e+02 6.307633101098068139e-18 1.971694241149291130e-17 3.039066970689421437e-18 5.942445278757251226e-17 3.064901294820015645e-17 1.701375280946785861e-18
5.120000000000000000e+02 5.889088558152321408e-18 1.849387593808137928e-17 2.806430939234757289e-18 5.539168919828810339e-17 2.895715542674112360e-17 1.580305576223703062e-18
5.220000000000000000e+02 5.509375917333758413e-18 1.742337303726522077e-17 2.596032015859448064e-18 5.171968973329665986e-17 2.753343040399179132e-17 1.471105995338386885e-18
5.320000000000000000e+02 5.164489115202747241e-18 1.647947980495684958e-17 2.405279214639990490e-18 4.837828267839845720e-17 2.632773856256458248e-17 1.372275106651626150e-18
5.420000000000000000e+02 4.850819341121649673e-18 1.563974263825217860e-17 2.231918036501408481e-18 4.533805888633779989e-17 2.529639387710169280e-17 1.282506096006176831e-18
5.520000000000000000e+02 4.565110100823012110e-18 1.488467557298167721e-17 2.073986059160469317e-18 4.257052896276952140e-17 2.440046419014285211e-17 1.200663920589721367e-18
5.620000000000000000e+02 4.304419223023997923e-18 1.419736022693108266e-17 1.929774009040447961e-18 4.004855191105861073e-17 2.360463484878711554e-17 1.125765255506927651e-18
5.720000000000000000e+02 4.066087417949388769e-18 1.356316748987210455e-17 1.797792704214883854e-18 3.774687176537983262e-17 2.287649802113102386e-17 1.056961044453700423e-18
5.820000000000000000e+02 3.847712055842875940e-18 1.296959483656183788e-17 1.676744045246316685e-18 3.564263277191879988e-17 2.218637222565820314e-17 9.935211804031589565e-19
5.920000000000000000e+02 3.647125542818952686e-18 1.240621697865046305e-17 1.565495136263155844e-18 3.371577293139536459e-17 2.150757532134059707e-17 9.348207675083441899e-19
6.020000000000000000e+02 3.462377134339908546e-18 1.186453677669111998e-17 1.463057280479473415e-18 3.194922625863727899e-17 2.081706287776737199e-17 8.803273175611681539e-19
6.120000000000000000e+02 3.291717475219420235e-18 1.133805732958828559e-17 1.368565615514479757e-18 3.032887170015941825e-17 2.009641675117098497e-17 8.295895710081249513e-19
6.220000000000000000e+02 3.133585430827918571e-18 1.082230063927203112e-17 1.281264253447193115e-18 2.884318487156963933e-17 1.933290255123841642e-17 7.822279664680441258e-19
6.320000000000000000e+02 2.986596308301701455e-18 1.031465887405313286e-17 1.200489762196665973e-18 2.748259420803849835e-17 1.852022917001441248e-17 7.379236456786069312e-19
6.420000000000000000e+02 2.849530312451214718e-18 9.814221987926234037e-18 1.125658079077955130e-18 2.623862128166950589e-17 1.765887463188760113e-17 6.964090371459835562e-19
6.520000000000000000e+02 2.721321890930299322e-18 9.321526381895175946e-18 1.056254210126686879e-18 2.510294877769887814e-17 1.675567343004281727e-17 6.574595744693267796e-19
6.620000000000000000e+02 2.601048735773419308e-18 8.838211337414018170e-18 9.918222929063610244e-19 2.406658577065027991e-17 1.582268570387425844e-17 6.208857434606137171e-19
6.720000000000000000e+02 2.487919927333518357e-18 8.366655446392972300e-18 9.319563070864146686e-19 2.311931831580827034e-17 1.487551833477406808e-17 5.865259626028250888e-19
6.820000000000000000e+02 2.381263626162015258e-18 7.909502908058191637e-18 8.762940647716879295e-19 2.224957604395355625e-17 1.393125500093740517e-17 5.542406351816090241e-19
6.920000000000000000e+02 2.280514966798861636e-18 7.469700651276472474e-18 8.245088777666716706e-19 2.144474630909648140e-17 1.300654755160608019e-17 5.239083854518165187e-19
7.020000000000000000e+02 2.185203526930671648e-18 7.049717984127800431e-18 7.763068581397109025e-19 2.069185550232482489e-17 1.211608525442131392e-17 4.954207173914027226e-19
7.120000000000000000e+02 2.094940601714089801e-18 6.651602299491196641e-18 7.314200196277341517e-19 1.997846566739800311e-17 1.127159369452459613e-17 4.686790690950609714e-19
7.220000000000000000e+02 2.009406665138555489e-18 6.276846684437594799e-18 6.896038903390476729e-19 1.929360015316685454e-17 1.048140385579189233e-17 4.435926359663959342e-19
7.320000000000000000e+02 1.928339330351808797e-18 5.926346808313566187e-18 6.506335734513114560e-19 1.862852086675758406e-17 9.750500847641523418e-18 4.200758761097343763e-19
7.420000000000000000e+02 1.851521773251383502e-18 5.600419277152262745e-18 6.143022727311287086e-19 1.797721963005437819e-17 9.080919900377740911e-18 3.980472785845364059e-19
7.520000000000000000e+02 1.778771886373289031e-18 5.298861758669694754e-18 5.804183423775976898e-19 1.733655546070983046e-17 8.472306517700006358e-18 3.774277310765016975e-19
7.620000000000000000e+02 1.709932558792472806e-18 5.021033252675128286e-18 5.488035780489753893e-19 1.670603953680149089e-17 7.922516842971266630e-18 3.581396054882751841e-19
7.720000000000000000e+02 1.644862991106472832e-18 4.765944299500090199e-18 5.192926620184801531e-19 1.608731816900507305e-17 7.428182493814914843e-18 3.401065603483283861e-19
7.820000000000000000e+02 1.583431182944332004e-18 4.532341471686279798e-18 4.917310318892141930e-19 1.548346773290411849e-17 6.985162786190123098e-18 3.232527913049433308e-19
7.920000000000000000e+02 1.525507735865934828e-18 4.318805646851201553e-18 4.659749693744082558e-19 1.489825065934076374e-17 6.588927330277496168e-18 3.075035745321804446e-19
8.020000000000000000e+02 1.470961165945605171e-18 4.123775596595410777e-18 4.418901480519448258e-19 1.433542151606631974e-17 6.234797704311344274e-18 2.927848644189202896e-19
8.120000000000000000e+02 1.419654318435308663e-18 3.945630897164572632e-18 4.193516472475249995e-19 1.379819216172876563e-17 5.918132745216205644e-18 2.790240283748122979e-19
8.220000000000000000e+02 1.371442567469262102e-18 3.782754820177034302e-18 3.982433432266071635e-19 1.328887377957233568e-17 5.634467034641865494e-18 2.661503803507197167e-19
8.320000000000000000e+02 1.326173092073543379e-18 3.633542042969806124e-18 3.784567477200829520e-19 1.280869446445460309e-17 5.379552867211750337e-18 2.540951353585939175e-19
8.420000000000000000e+02 1.283685318187633298e-18 3.496426581173815941e-18 3.598915775706282896e-19 1.235778402711998630e-17 5.149405386588613984e-18 2.427923528357851630e-19
8.520000000000000000e+02 1.243811916942875615e-18 3.369902449021430174e-18 3.424552182556839930e-19 1.193527225977173562e-17 4.940311575442914877e-18 2.321793064182683220e-19
8.620000000000000000e+02 1.206380181891539983e-18 3.252538864960347449e-18 3.260613822934332627e-19 1.153947349114555783e-17 4.748841656750733546e-18 2.221964403040731738e-19
8.720000000000000000e+02 1.171213696818822287e-18 3.142989256934342738e-18 3.106315228555366102e-19 1.116811796761767775e-17 4.571848474330573247e-18 2.127884858928347050e-19
8.820000000000000000e+02 1.138133952739371189e-18 3.040029399459142458e-18 2.960927914339721472e-19 1.081860711571047042e-17 4.406470898881869288e-18 2.039040552814891372e-19
8.920000000000000000e+02 1.106962438912479049e-18 2.942530522968766933e-18 2.823790179770339991e-19 1.048826517355762058e-17 4.250149353719168015e-18 1.954962867774096237e-19
9.020000000000000000e+02 1.077522559119589569e-18 2.849487913577377578e-18 2.694293981108666349e-19 1.017458649258323551e-17 4.100640461705828027e-18 1.875225858236939118e-19
9.120000000000000000e+02 1.049641717493821616e-18 2.760029352070416627e-18 2.571889847369460102e-19 9.875444377785475898e-18 3.956035306505529353e-18 1.799450511591916217e-19
9.220000000000000000e+02 1.023153486240087055e-18 2.673423705752974715e-18 2.456072589446019695e-19 9.589251278758788464e-18 3.814773366622047211e-18 1.727298960256179519e-19
9.320000000000000000e+02 9.978996500069610806e-19 2.589085693561070163e-18 2.346390077678626490e-19 9.315054138092353980e-18 3.675655513858392316e-18 1.658479063482936664e-19
9.420000000000000000e+02 9.737322112258441889e-19 2.506576707179118980e-18 2.242432320583445008e-19 9.052536641641839904e-18 3.537846284445907939e-18 1.592738539494434647e-19
9.520000000000000000e+02 9.505154608761855330e-19 2.425602071483148816e-18 2.143826610663544913e-19 8.801924783303199850e-18 3.400867031058070207e-18 1.529861356594740587e-19
9.620000000000000000e+02 9.281279453882776307e-19 2.345999669431972713e-18 2.050236887477691894e-19 8.563801081978995465e-18 3.264572356068996259e-18 1.469665425114502828e-19
9.720000000000000000e+02 9.064640484925012703e-19 2.267726815719313606e-18 1.961359357686441736e-19 8.338838887776227099e-18 3.129116288065404784e-18 1.411998100134835964e-19
9.820000000000000000e+02 8.854351035490636509e-19 2.190853886207984761e-18 1.876919474535392668e-19 8.127498303665714900e-18 2.994895815321656051e-18 1.356732282789055113e-19
9.920000000000000000e+02 8.649699737744214047e-19 2.115506878441012371e-18 1.796664042806465955e-19 7.929749903343534651e-18 2.862489276079649691e-18 1.303758195162565635e-19
1.002000000000000000e+03 8.450151069305654623e-19 2.041866600979175626e-18 1.720366529775057200e-19 7.744893638146060119e-18 2.732590847785553350e-18 1.252984615807998542e-19
1.012000000000000000e+03 8.255340635042839599e-19 1.970161783786905168e-18 1.647818851139794019e-19 7.571520160784031549e-18 2.605949137115921118e-18 1.204333331224327074e-19
1.022000000000000000e+03 8.065063377828249411e-19 1.900629572037151962e-18 1.578825470990580354e-19 7.407641871261126662e-18 2.483290491492887142e-18 1.157733440093676635e-19
1.032000000000000000e+03 7.879250461326644002e-19 1.833496887116404778e-18 1.513206356229030575e-19 7.250940737975419617e-18 2.365270974311848511e-18 1.113121677717864080e-19
1.042000000000000000e+03 7.697947560280340959e-19 1.768966814131061316e-18 1.450793266962068924e-19 7.099092781512522881e-18 2.252433924627096910e-18 1.070439481634364600e-19
1.052000000000000000e+03 7.521286307574984435e-19 1.707204280663930980e-18 1.391426708440614366e-19 6.950057371710259271e-18 2.145198599372643289e-18 1.029630527875519275e-19
1.062000000000000000e+03 7.349459944609760940e-19 1.648324466082957257e-18 1.334955834527590773e-19 6.802304532908965583e-18 2.043838763137556447e-18 9.906394698440441407e-20
1.072000000000000000e+03 7.182694287209611744e-19 1.592423256569043427e-18 1.281236105636360031e-19 6.654920470227115174e-18 1.948487186471693298e-18 9.534110825142961783e-20
1.082000000000000000e+03 7.021223147581598824e-19 1.539526231211580090e-18 1.230128338161799806e-19 6.507609307462503090e-18 1.859152686095762859e-18 9.178873961000692385e-20
1.092000000000000000e+03 6.865266798255857859e-19 1.489616456039006382e-18 1.181501286802859254e-19 6.360611088262153723e-18 1.775733388723189741e-18 8.840095851874559750e-20
1.102000000000000000e+03 6.715014059290721693e-19 1.442636023601232893e-18 1.135225425095855301e-19 6.214566710936413494e-18 1.698035996707976637e-18 8.517142661568867975e-20
1.112000000000000000e+03 6.570607884357794238e-19 1.398490210193374078e-18 1.091175905627813437e-19 6.070360374350161540e-18 1.625792587694400312e-18 8.209351093682855830e-20
1.122000000000000000e+03 6.432135079691107378e-19 1.357052722381238841e-18 1.049232475861279566e-19 5.928965598782478047e-18 1.558680547181370457e-18 7.916031289195799243e-20
1.132000000000000000e+03 6.299620217413089030e-19 1.318171127985835139e-18 1.009281537824093526e-19 5.791313865935471392e-18 1.496337709400819519e-18 7.636483228677885242e-20
1.142000000000000000e+03 6.173022848037067458e-19 1.281672538449437229e-18 9.712095751297008972e-20 5.658197016524914552e-18 1.438377481807007265e-18 7.369965924954854989e-20
1.152000000000000000e+03 6.052238077926447183e-19 1.247368668443021209e-18 9.349109158462333938e-20 5.530206816677818810e-18 1.384400345811068887e-18 7.115748845480493648e-20
1.162000000000000000e+03 5.937099251445910932e-19 1.215061257945995828e-18 9.002828190720024409e-20 5.407710798230907863e-18 1.334005874060008300e-18 6.873092383405181511e-20
1.172000000000000000e+03 5.827382352169614705e-19 1.184547672178666326e-18 8.672273358154896660e-20 5.290859558795309952e-18 1.286797257860223498e-18 6.641265730547829089e-20
1.182000000000000000e+03 5.722811190441024754e-19 1.155622437235805710e-18 8.356519733195606536e-20 5.179618815865923811e-18 1.242394245825239800e-18 6.419559174043833848e-20
1.192000000000000000e+03 5.623063296139744788e-19 1.128084235378736195e-18 8.054671730908037870e-20 5.073818475603220931e-18 1.200433189834006052e-18 6.207275790223065460e-20
1.202000000000000000e+03 5.527777258361775662e-19 1.101741847038004240e-18 7.765940254450203200e-20 4.973211243964503161e-18 1.160574466489132835e-18 6.003784984012442402e-20
1.212000000000000000e+03 5.436561637499855874e-19 1.076416266536053444e-18 7.489554830087120406e-20 4.877531239751777985e-18 1.122504194550709516e-18 5.808475299381669990e-20
1.222000000000000000e+03 5.349005658579799558e-19 1.051943819442918374e-18 7.224785482883534962e-20 4.786543429286715164e-18 1.085941091063567556e-18 5.620772709357681473e-20
1.232000000000000000e+03 5.264690798509265031e-19 1.028179585029835586e-18 6.970979030733909805e-20 4.700076317880451459e-18 1.050638542627164150e-18 5.440166163682900184e-20
1.242000000000000000e+03 5.183202668900864876e-19 1.004999274775771424e-18 6.727527008379149031e-20 4.618030607666550648e-18 1.016385440013801881e-18 5.266190407657637965e-20
1.252000000000000000e+03 5.104142520107266864e-19 9.823013483858226080e-19 6.493858886977038641e-20 4.540363355226453471e-18 9.830101626797639092e-19 5.098423807337370913e-20
1.262000000000000000e+03 5.027138032057090193e-19 9.600043288205164023e-19 6.269479388722053295e-20 4.467049353703765176e-18 9.503778712688437077e-19 4.936509690577458525e-20
1.272000000000000000e+03 4.951852401709066058e-19 9.380590852245981279e-19 6.053904181997370071e-20 4.398026508366339233e-18 9.183945786112438037e-19 4.780120525717388254e-20
1.282000000000000000e+03 4.877991648723507036e-19 9.164317949031228053e-19 5.846737488063382942e-20 4.333137626007242107e-18 8.870012908615236196e-19 4.628999128165289890e-20
1.292000000000000000e+03 4.805310281467979830e-19 8.951097948452215694e-19 5.647576988664370688e-20 4.272081006128798857e-18 8.561738303242541763e-19 4.482900534427821025e-20
1.302000000000000000e+03 4.733615496441690863e-19 8.740988778716239514e-19 5.456079099288830214e-20 4.214382924478728172e-18 8.259178234864864749e-19 4.341630323943746795e-20
1.312000000000000000e+03 4.662769332028351283e-19 8.534200407795104313e-19 5.271919844331299111e-20 4.159399169215442883e-18 7.962632134054873474e-19 4.205017907033700941e-20
1.322000000000000000e+03 4.592688772188900944e-19 8.331060741373689490e-19 5.094809805910593475e-20 4.106349529237786662e-18 7.672579216461418018e-19 4.072923718302858589e-20
1.332000000000000000e+03 4.523343494156709852e-19 8.131980078722338795e-19 4.924479724908370515e-20 4.054380406322883117e-18 7.389621734272927261e-19 3.945228139627317292e-20
1.342000000000000000e+03 4.454751399484151157e-19 7.937413303591806512e-19 4.760679226020976567e-20 4.002646545906709797e-18 7.114411302475414297e-19 3.821828081110376610e-20
1.352000000000000000e+03 4.386972821640456315e-19 7.747828556771610385e-19 4.603173637458664528e-20 3.950398312336691486e-18 6.847620263864560514e-19 3.702633607659124355e-20
1.362000000000000000e+03 4.320103058878778292e-19 7.563690107129395674e-19 4.451729740614584833e-20 3.897057265388531086e-18 6.589841887815903744e-19 3.587555260525137925e-20
1.372000000000000000e+03 4.254263660997735610e-19 7.385380881646662248e-19 4.306129166079498098e-20 3.842269343493930909e-18 6.341624341455753702e-19 3.476511385863828297e-20
1.382000000000000000e+03 4.189592313775103549e-19 7.213223017976717740e-19 4.166154782615721077e-20 3.785923141581453027e-18 6.103397772766565159e-19 3.369416784181129501e-20
1.392000000000000000e+03 4.126232708039877397e-19 7.047482276457453228e-19 4.031610144656032470e-20 3.728137796926061061e-18 5.875461368961068737e-19 3.266194028501511709e-20
1.402000000000000000e+03 4.064324879062184731e-19 6.888331918224728316e-19 3.902306534754644902e-20 3.669224519436880269e-18 5.657974682333963891e-19 3.166762917235933118e-20
1.412000000000000000e+03 4.003996256807031771e-19 6.735851130920049701e-19 3.778026360758807778e-20 3.609629066449886453e-18 5.450956897936120017e-19 3.071015216711042721e-20
1.422000000000000000e+03 3.945354638106273860e-19 6.590026572429929374e-19 3.658569446630228977e-20 3.549869331381830596e-18 5.254301199340996838e-19 2.978844666705259949e-20
1.432000000000000000e+03 3.888483035481158990e-19 6.450756946349467941e-19 3.543756228333817997e-20 3.490474039808282866e-18 5.067780426042111326e-19 2.890148985615204250e-20
1.442000000000000000e+03 3.833436524511203079e-19 6.317857789270192205e-19 3.433366102696185577e-20 3.431931135214728975e-18 4.891068255493901609e-19 2.804789435993028308e-20
1.452000000000000000e+03 3.780241336646092239e-19 6.191068444950678809e-19 3.327226110352970871e-20 3.374652363698257308e-18 4.723746846570790710e-19 2.722650153140902422e-20
1.462000000000000000e+03 3.728895263512458206e-19 6.070084336130173586e-19 3.225128231971019282e-20 3.318950998165426024e-18 4.565312087637259850e-19 2.643584101117773462e-20
1.472000000000000000e+03 3.679369253402001686e-19 5.954534346716659842e-19 3.126896077445254255e-20 3.265035030409448338e-18 4.415215452900594882e-19 2.567458951190423819e-20
1.482000000000000000e+03 3.631609232857585210e-19 5.844008797925725732e-19 3.032343309815151466e-20 3.213011230461021692e-18 4.272875384159473686e-19 2.494130710649737419e-20
1.492000000000000000e+03 3.585538006885049563e-19 5.738071831335409107e-19 2.941297786532678527e-20 3.162898685285021197e-18 4.137690488842131570e-19 2.423461164317470506e-20
1.502000000000000000e+03 3.541057097744261395e-19 5.636273256521647889e-19 2.853573699864836738e-20 3.114648029938320252e-18 4.009047703356668426e-19 2.355300032362225127e-20
1.512000000000000000e+03 3.498048952003341769e-19 5.538162335502370996e-19 2.769013901047359928e-20 3.068165935745797855e-18 3.886340573513465548e-19 2.289515081806585687e-20
1.522000000000000000e+03 3.456379694610390022e-19 5.443299128234612628e-19 2.687470296243274282e-20 3.023339612295870862e-18 3.768976908145205383e-19 2.225979904437771219e-20
1.532000000000000000e+03 3.415902683384703227e-19 5.351263778682552800e-19 2.608782493194602640e-20 2.980059917777489991e-18 3.656390776212451621e-19 2.164560271821253272e-20
1.542000000000000000e+03 3.376462870981336304e-19 5.261668261453629784e-19 2.532821825960709431e-20 2.938240765497554620e-18 3.548057061319018589e-19 2.105145411367340297e-20
1.552000000000000000e+03 3.337901747422114636e-19 5.174161432170653736e-19 2.459450319862030897e-20 2.897830833937796784e-18 3.443502121928772322e-19 2.047620606522404822e-20
1.562000000000000000e+03 3.300062903149777436e-19 5.088444328957367827e-19 2.388550440206060847e-20 2.858819178582893829e-18 3.342308427235222249e-19 1.991888316979495487e-20
1.572000000000000000e+03 3.262797401602304689e-19 5.004257246905886552e-19 2.320008295752203341e-20 2.821226452121609829e-18 3.244117704279404708e-19 1.937856605174363628e-20
1.582000000000000000e+03 3.225969012641354094e-19 4.921392659883970608e-19 2.253719129059896517e-20 2.785090269417320895e-18 3.148622989110917362e-19 1.885442878311399360e-20
1.592000000000000000e+03 3.189458745606619521e-19 4.839705650678784188e-19 2.189604668167676487e-20 2.750442067972258760e-18 3.055583739457449737e-19 1.834586715777566035e-20
1.602000000000000000e+03 3.153168388212092751e-19 4.759101272829568858e-19 2.127567728629992569e-20 2.717280809327362836e-18 2.964812766558145474e-19 1.785217341321181377e-20
1.612000000000000000e+03 3.117023256689950959e-19 4.679533872337742018e-19 2.067541755982934183e-20 2.685552663503847422e-18 2.876183050962237152e-19 1.737288487484896141e-20
1.622000000000000000e+03 3.080973482922126726e-19 4.601001067892748460e-19 2.009448728321716244e-20 2.655137004341748168e-18 2.789609780912472554e-19 1.690748015356529897e-20
1.632000000000000000e+03 3.044993808468808503e-19 4.523537096154817422e-19 1.953222598531961087e-20 2.625847087962276218e-18 2.705063423973167569e-19 1.645554734450075714e-20
1.642000000000000000e+03 3.009082287980194902e-19 4.447199728365748559e-19 1.898809465902939782e-20 2.597442195503854250e-18 2.622548522983594998e-19 1.601677642360711335e-20
1.652000000000000000e+03 2.973258118207055990e-19 4.372098379638666837e-19 1.846148595118862106e-20 2.569649918063695238e-18 2.542091988442785309e-19 1.559082399369769727e-20
1.662000000000000000e+03 2.937558739896502163e-19 4.298335461144675838e-19 1.795192212836455297e-20 2.542194983594018516e-18 2.463739710775901853e-19 1.517744515760387245e-20
1.672000000000000000e+03 2.902036295422786824e-19 4.226023403122785382e-19 1.745887094131564922e-20 2.514826333049472842e-18 2.387551870248898391e-19 1.477636300767317358e-20
1.682000000000000000e+03 2.866753837796459026e-19 4.155276092173664879e-19 1.698192919252097021e-20 2.487341778878724290e-18 2.313598845802091930e-19 1.438739705480660124e-20
1.692000000000000000e+03 2.831781121296774230e-19 4.086200934225966274e-19 1.652046559577275855e-20 2.459603657536310303e-18 2.241947668318057662e-19 1.401020049585065446e-20
1.702000000000000000e+03 2.797190581639172949e-19 4.018895185210057826e-19 1.607410790894197918e-20 2.431545996135807230e-18 2.172660283915184179e-19 1.364460765645956687e-20
1.712000000000000000e+03 2.763053571896550760e-19 3.953440682145381911e-19 1.564247489571901257e-20 2.403173702037167365e-18 2.105783614095757994e-19 1.329043681073854692e-20
1.722000000000000000e+03 2.729436886948241730e-19 3.889899538883372576e-19 1.522496476281452942e-20 2.374552907685433324e-18 2.041348294857259880e-19 1.294733497883677605e-20
1.732000000000000000e+03 2.696399841764311806e-19 3.828313894759802841e-19 1.482121646787965517e-20 2.345797669560816662e-18 1.979365303490836059e-19 1.261510835195712773e-20
1.742000000000000000e+03 2.663991913899818384e-19 3.768702697658226069e-19 1.443069156278257376e-20 2.317051417544076962e-18 1.919830014354673886e-19 1.229342076766136490e-20
1.752000000000000000e+03 2.632251342072853755e-19 3.711064625035545802e-19 1.405296095897556828e-20 2.288470142591515314e-18 1.862710031143457921e-19 1.198199586901582618e-20
1.762000000000000000e+03 2.601204308742883624e-19 3.655371538391703568e-19 1.368750471222589943e-20 2.260205770017578511e-18 1.807964016044040320e-19 1.168047865473749137e-20
1.772000000000000000e+03 2.570865018609641456e-19 3.601574861555721600e-19 1.333378457470036120e-20 2.232393525759446527e-18 1.755527532126348644e-19 1.138848273169769129e-20
1.782000000000000000e+03 2.541236557666341634e-19 3.549611160808116276e-19 1.299150016319511786e-20 2.205145209003895789e-18 1.705321947344971932e-19 1.110578192927148625e-20
1.792000000000000000e+03 2.512311653927017979e-19 3.499398068269159762e-19 1.266013021497848971e-20 2.178542436270178163e-18 1.657246501753846281e-19 1.083197248283365779e-20
1.802000000000000000e+03 2.484073716309571941e-19 3.450838696744841168e-19 1.233917621078892996e-20 2.152637893807882465e-18 1.611190149702639506e-19 1.056665623183798487e-20
1.812000000000000000e+03 2.456497847351576076e-19 3.403825584553520444e-19 1.202822786078085199e-20 2.127460004845256791e-18 1.567028464748726696e-19 1.030948851830302206e-20
1.822000000000000000e+03 2.429551650663846954e-19 3.358242218701919754e-19 1.172683222877467251e-20 2.103017248444644355e-18 1.524633570484761773e-19 1.006008736616109093e-20
1.832000000000000000e+03 2.403196131753261614e-19 3.313966031870038623e-19 1.143450937766896648e-20 2.079303586517554038e-18 1.483871486046797891e-19 9.818044424686336139e-21
1.842000000000000000e+03 2.377387148607790593e-19 3.270878648652646765e-19 1.115097052534027184e-20 2.056308898439292815e-18 1.444605817781403832e-19 9.583089086614322522e-21
1.852000000000000000e+03 2.352076440268834594e-19 3.228856331943428903e-19 1.087573546565669541e-20 2.034019341781627821e-18 1.406701225592938945e-19 9.354807663599747594e-21
1.862000000000000000e+03 2.327213570544001316e-19 3.187782623685853938e-19 1.060854276711533027e-20 2.012423260211453503e-18 1.370032770057227460e-19 9.132951940687425151e-21
1.872000000000000000e+03 2.302747357589832952e-19 3.147545083598157097e-19 1.034901929768103664e-20 1.991508819607450122e-18 1.334485671329268245e-19 8.917195090501737463e-21
1.882000000000000000e+03 2.278627882626584378e-19 3.108040045805281038e-19 1.009684544810687631e-20 1.971264210750768179e-18 1.299955810068002465e-19 8.707254764130269109e-21
1.892000000000000000e+03 2.254808126741851981e-19 3.069175866620299842e-19 9.851766326913328540e-21 1.951672853591182216e-18 1.266352268813278977e-19 8.502903246128356089e-21
1.902000000000000000e+03 2.231245599183850768e-19 3.030872746195840777e-19 9.613510027830587020e-21 1.932707948869721653e-18 1.233594939866696677e-19 8.303905804701330058e-21
1.912000000000000000e+03 2.207903830205579712e-19 2.993064416519986935e-19 9.381851098428603406e-21 1.914330309473479889e-18 1.201619594859069957e-19 8.110070481140578858e-21
1.922000000000000000e+03 2.184753483651631090e-19 2.955699160917990877e-19 9.156601649455524764e-21 1.896482023811072902e-18 1.170373091395932496e-19 7.921239525931088566e-21
1.932000000000000000e+03 2.161773120714742367e-19 2.918739475084601854e-19 8.937567971518835664e-21 1.879085061169720468e-18 1.139821518884467249e-19 7.737260753034498963e-21
1.942000000000000000e+03 2.138949474219909284e-19 2.882163426354590447e-19 8.724574327058311111e-21 1.862044494751961880e-18 1.109936614999496044e-19 7.557999242587701011e-21
1.952000000000000000e+03 2.116277742694900861e-19 2.845959205012590670e-19 8.517445180011906145e-21 1.845255311581467070e-18 1.080709436626250359e-19 7.383330067806881418e-21
1.962000000000000000e+03 2.093760546798493356e-19 2.810125040579283263e-19 8.315922056886640263e-21 1.828606073315734320e-18 1.052137910385361763e-19 7.213069924485604085e-21
1.972000000000000000e+03 2.071407798986473152e-19 2.774677124001643227e-19 8.120022527401479706e-21 1.811992893015974037e-18 1.024231030046190870e-19 7.047249821726908298e-21
1.982000000000000000e+03 2.049235067038752692e-19 2.739637960041392326e-19 7.929636470203885879e-21 1.795328443168368773e-18 9.969992624645267824e-20 6.885806458958029403e-21
1.992000000000000000e+03 2.027261888334183306e-19 2.705036927872612116e-19 7.744590756094632047e-21 1.778543978756573155e-18 9.704570508022273612e-20 6.728631488914726282e-21
2.002000000000000000e+03 2.005510553972943711e-19 2.670908860455376461e-19 7.564729736334100875e-21 1.761600553845145607e-18 9.446197798443085461e-20 6.575630564641746201e-21
2.012000000000000000e+03 1.984004167596470128e-19 2.637293599991274328e-19 7.390013884599862645e-21 1.744485437305727521e-18 9.194998244432809382e-20 6.426795778056705751e-21
2.022000000000000000e+03 1.962765301198567158e-19 2.604230413466079528e-19 7.220217949152267385e-21 1.727213797109934684e-18 8.951104160043307743e-20 6.281978959024616392e-21
2.032000000000000000e+03 1.941814942998974370e-19 2.571760248251584379e-19 7.055329387859916368e-21 1.709824713136805304e-18 8.714595481677940796e-20 6.141189907844254787e-21
2.042000000000000000e+03 1.921171019631251245e-19 2.539922100308646680e-19 6.895053454510093356e-21 1.692369527607150735e-18 8.485522355433733408e-20 6.004222369868882845e-21
2.052000000000000000e+03 1.900848452414579274e-19 2.508753810694216888e-19 6.739421130422178913e-21 1.674914807105752790e-18 8.263909533047520742e-20 5.871114828414166660e-21
2.062000000000000000e+03 1.880858153718705165e-19 2.478285600105495141e-19 6.588242080914462094e-21 1.657527889622245148e-18 8.049737954105551401e-20 5.741734480981771278e-21
2.072000000000000000e+03 1.861207431012515761e-19 2.448543608499718648e-19 6.441395371552530783e-21 1.640275898398747742e-18 7.842945393287016702e-20 5.615997804184422238e-21
2.082000000000000000e+03 1.841899779312024095e-19 2.419544886931515472e-19 6.298683109370170652e-21 1.623218013394985507e-18 7.643404977128452753e-20 5.493757940796747356e-21
2.092000000000000000e+03 1.822935736927101723e-19 2.391301311294832941e-19 6.160019905806578802e-21 1.606407090194080946e-18 7.450950452025047157e-20 5.374950300280140574e-21
2.102000000000000000e+03 1.804312798702610777e-19 2.363816302797635272e-19 6.025283476003789975e-21 1.589881986681996099e-18 7.265359048782892028e-20 5.259477904528671403e-21
2.112000000000000000e+03 1.786025552130154793e-19 2.337081369662897520e-19 5.894278542771197963e-21 1.573668138278108212e-18 7.086356599465317629e-20 5.147183859962401475e-21
2.122000000000000000e+03 1.768066734653710898e-19 2.311083603289913944e-19 5.766929246345134867e-21 1.557785845833725844e-18 6.913661846750832747e-20 5.038000876020069939e-21
2.132000000000000000e+03 1.750426296468793870e-19 2.285798912812359291e-19 5.643040470111883224e-21 1.542238173037596267e-18 6.746976294251582335e-20 4.931768315236051561e-21
2.142000000000000000e+03 1.733092817667248317e-19 2.261192858330768631e-19 5.522508639639855246e-21 1.527028299848316391e-18 6.585992064949317509e-20 4.828393783485922653e-21
2.152000000000000000e+03 1.716052991306146579e-19 2.237226365266188721e-19 5.405164743786445302e-21 1.512150868137292264e-18 6.430413149115080630e-20 4.727734648560673770e-21
2.162000000000000000e+03 1.699291855808779388e-19 2.213856595766667898e-19 5.290916195519212561e-21 1.497597513155588431e-18 6.279888214738053317e-20 4.629702980261513108e-21
2.172000000000000000e+03 1.682794265077321179e-19 2.191036322232501049e-19 5.179706680043065907e-21 1.483366858844608153e-18 6.134086370687961806e-20 4.534239291342988611e-21
2.182000000000000000e+03 1.666543494277397640e-19 2.168707070560269291e-19 5.071353273224782118e-21 1.469448719224337197e-18 5.992665919712767258e-20 4.441185533715025299e-21
2.192000000000000000e+03 1.650523630657109929e-19 2.146810444841373602e-19 4.965768822147280482e-21 1.455842347596174419e-18 5.855324227777513723e-20 4.350458994652963716e-21
2.202000000000000000e+03 1.634719979548303946e-19 2.125300557581669003e-19 4.862962946032683576e-21 1.442546116768464143e-18 5.721752891696757060e-20 4.262051344466804018e-21
2.212000000000000000e+03 1.619117051687834942e-19 2.104105479363529393e-19 4.762674518444514986e-21 1.429551754482664678e-18 5.591695259231020962e-20 4.175747830650828451e-21
2.222000000000000000e+03 1.603703036607559767e-19 2.083182090927690302e-19 4.664971939673557265e-21 1.416853383343152963e-18 5.464912994503561480e-20 4.091589061226002692e-21
2.232000000000000000e+03 1.588466316298342283e-19 2.062472838976949783e-19 4.569682623462870698e-21 1.404439520575608226e-18 5.341195180767449246e-20 4.009431196937961581e-21
2.242000000000000000e+03 1.573399065714281664e-19 2.041938556296169805e-19 4.476815062598329339e-21 1.392294949329736531e-18 5.220343947743622097e-20 3.929271152577304621e-21
2.252000000000000000e+03 1.558494758439201550e-19 2.021538119112406990e-19 4.386247801823027718e-21 1.380395813344503343e-18 5.102220928457730990e-20 3.851008942857860855e-21
2.262000000000000000e+03 1.543750148337428181e-19 2.001245491339379207e-19 4.298007963326323358e-21 1.368717470264375836e-18 4.986736893526548888e-20 3.774662461520925550e-21
2.272000000000000000e+03 1.529162297833155643e-19 1.981030496507154138e-19 4.211910493293950372e-21 1.357223207334639173e-18 4.873831520514836793e-20 3.700087315950913849e-21
2.282000000000000000e+03 1.514731782177190348e-19 1.960884371651074782e-19 4.127986451046827306e-21 1.345880823248947942e-18 4.763479356795209721e-20 3.627308661473363609e-21
2.292000000000000000e+03 1.500461172535171507e-19 1.940806242078637513e-19 4.046213103072079151e-21 1.334658937990810179e-18 4.655665382604136277e-20 3.556311112521137473e-21
2.302000000000000000e+03 1.486353399539502434e-19 1.920798686665749244e-19 3.966508269473841994e-21 1.323528646270207402e-18 4.550396363142095323e-20 3.487034686002917149e-21
2.312000000000000000e+03 1.472412621282362897e-19 1.900875637144216888e-19 3.888808341109879804e-21 1.312464871611375716e-18 4.447679124793375464e-20 3.419434083087955811e-21
2.322000000000000000e+03 1.458643150367463513e-19 1.881059258090678063e-19 3.813074637026831648e-21 1.301448313968669371e-18 4.347549887230706336e-20 3.353485213117252866e-21
2.332000000000000000e+03 1.445050206260888055e-19 1.861380351229841963e-19 3.739284944129999981e-21 1.290474170006343031e-18 4.250012737649592418e-20 3.289175151111257415e-21
2.342000000000000000e+03 1.431637940351178487e-19 1.841866387478978907e-19 3.667292374182241027e-21 1.279537885497247081e-18 4.155105684464829824e-20 3.226396248496155750e-21
2.352000000000000000e+03 1.418409671234630335e-19 1.822562136754268743e-19 3.597134299243812715e-21 1.268646812122977548e-18 4.062851721753836816e-20 3.165183000740441539e-21
2.362000000000000000e+03 1.405369613820218617e-19 1.803514190998198563e-19 3.528796838729781153e-21 1.257813426845162409e-18 3.973273262553975286e-20 3.105530273079461432e-21
2.372000000000000000e+03 1.392519424294307344e-19 1.784761940462176817e-19 3.462176478423539167e-21 1.247053409910030299e-18 3.886348885919790060e-20 3.047360394932228655e-21
2.382000000000000000e+03 1.379860308948736263e-19 1.766347701747798392e-19 3.397222913485391805e-21 1.236383707004247297e-18 3.802051855209869507e-20 2.990636462938723669e-21
2.392000000000000000e+03 1.367392574801265229e-19 1.748314892033813755e-19 3.333910416632383141e-21 1.225824058840624059e-18 3.720315132112920628e-20 2.935337955554655352e-21
2.402000000000000000e+03 1.355115259449757499e-19 1.730695290143723730e-19 3.272169338364309990e-21 1.215386172819602275e-18 3.641073850162012079e-20 2.881409801641883273e-21
2.412000000000000000e+03 1.343027562371723076e-19 1.713516430373493597e-19 3.211956985615738539e-21 1.205092182018920962e-18 3.564240913405658096e-20 2.828816181718733871e-21
2.422000000000000000e+03 1.331127367045853921e-19 1.696803505529703499e-19 3.153213737298857813e-21 1.194946800658919382e-18 3.489701567217532044e-20 2.777505967867091137e-21
2.432000000000000000e+03 1.319411701669488004e-19 1.680557913142461778e-19 3.095860847185974804e-21 1.184958106527812025e-18 3.417321422533041800e-20 2.727411048911252637e-21
2.442000000000000000e+03 1.307878782539270175e-19 1.664795856409243643e-19 3.039920139169816334e-21 1.175135073233254510e-18 3.346988689076655996e-20 2.678543038498526397e-21
2.452000000000000000e+03 1.296525040403678435e-19 1.649504247074251317e-19 2.985312905008299961e-21 1.165477408434268394e-18 3.278593430524045482e-20 2.630834589093841025e-21
2.462000000000000000e+03 1.285346146128016246e-19 1.634661115926972501e-19 2.931967020189287803e-21 1.155984515857386585e-18 3.212028394831420571e-20 2.584223217479858433e-21
2.472000000000000000e+03 1.274337830237047460e-19 1.620239191091036674e-19 2.879841536493952767e-21 1.146655664236414287e-18 3.147189366795826709e-20 2.538670595812195976e-21
2.482000000000000000e+03 1.263497706958747671e-19 1.606222871358070496e-19 2.828956928222854126e-21 1.137494256814587669e-18 3.083970769078467379e-20 2.494186330102563827e-21
2.492000000000000000e+03 1.252819639829317121e-19 1.592549211542443060e-19 2.779208317694400709e-21 1.128493012570973221e-18 3.022267904907434897e-20 2.450681229696262080e-21
2.502000000000000000e+03 1.242299621066929777e-19 1.579179698770019472e-19 2.730600801983482591e-21 1.119652281867329440e-18 2.961975449591756796e-20 2.408152191056854487e-21
2.512000000000000000e+03 1.231933157470057851e-19 1.566066292881090839e-19 2.683097186238354414e-21 1.110966838344785032e-18 2.903025382084227092e-20 2.366565376993960522e-21
2.522000000000000000e+03 1.221715048646293480e-19 1.553155792633807239e-19 2.636654811038089284e-21 1.102430033445799366e-18 2.845328082694684462e-20 2.325881086906407291e-21
2.532000000000000000e+03 1.211641573034542849e-19 1.540392325165840532e-19 2.591247827488982016e-21 1.094041492538422460e-18 2.788848395514193957e-20 2.286076334404657117e-21
2.542000000000000000e+03 1.201706797631130166e-19 1.527718232668734930e-19 2.546772328563323311e-21 1.085785780262841391e-18 2.733547974270709522e-20 2.247067003734369092e-21
2.552000000000000000e+03 1.191909449101948650e-19 1.515109971181772149e-19 2.503341671092941348e-21 1.077664691094797020e-18 2.679418096191655523e-20 2.208941110004278130e-21
2.562000000000000000e+03 1.182245945260212663e-19 1.502517359144013421e-19 2.460907092660327968e-21 1.069668857433302120e-18 2.626436108177184915e-20 2.171658870689350386e-21
2.572000000000000000e+03 1.172710494811849368e-19 1.489900150320434353e-19 2.419412467758454975e-21 1.061778366776373862e-18 2.574595225191808078e-20 2.135175965808647818e-21
2.582000000000000000e+03 1.163302677183712959e-19 1.477236060925044396e-19 2.378860862207068058e-21 1.053989049182160712e-18 2.523899720218371603e-20 2.099495582225588088e-21
2.592000000000000000e+03 1.154022708886019797e-19 1.464515832676326530e-19 2.339235134929346498e-21 1.046292679164672439e-18 2.474337954779483609e-20 2.064604353784205975e-21
2.602000000000000000e+03 1.144864360954759601e-19 1.451718741531550151e-19 2.300478571615364491e-21 1.038665429175240934e-18 2.425919205813167597e-20 2.030459044907127062e-21
2.612000000000000000e+03 1.135828997580522152e-19 1.438859475271658418e-19 2.262625886255613754e-21 1.031102662632807773e-18 2.378634852021549658e-20 1.997087419679415031e-21
2.622000000000000000e+03 1.126913153797565615e-19 1.425936391768669763e-19 2.225581908050677517e-21 1.023600369938476318e-18 2.332501391588802216e-20 1.964417341475579325e-21
2.632000000000000000e+03 1.118120882647911588e-19 1.412996076428842767e-19 2.189435116400673328e-21 1.016159086543865718e-18 2.287526481349562725e-20 1.932520291883380885e-21
2.642000000000000000e+03 1.109447644393702296e-19 1.400055246474294377e-19 2.154096703849779590e-21 1.008764156206646161e-18 2.243715268047864333e-20 1.901328546215618596e-21
2.652000000000000000e+03 1.100893716976590887e-19 1.387157266992575132e-19 2.119567838696061363e-21 1.001426294118656023e-18 2.201069667745006439e-20 1.870844958789639844e-21
2.662000000000000000e+03 1.092457417513405315e-19 1.374345364517322996e-19 2.085813957223622135e-21 9.941398591497864117e-19 2.159575851384744447e-20 1.841043243677962437e-21
2.672000000000000000e+03 1.084137745557286457e-19 1.361668528447988547e-19 2.052821267238025635e-21 9.869059036234510026e-19 2.119205395853309610e-20 1.811912314966109906e-21
2.682000000000000000e+03 1.075935579529067115e-19 1.349178063548714051e-19 2.020576326442044330e-21 9.797400314442123452e-19 2.079921897667156708e-20 1.783440822991473325e-21
2.692000000000000000e+03 1.067851681991093563e-19 1.336931428411911909e-19 1.989065877323205656e-21 9.726478421801791482e-19 2.041673533002733693e-20 1.755616383355545663e-21
2.702000000000000000e+03 1.059883199142776927e-19 1.324972027014560933e-19 1.958280474762216072e-21 9.656353121775841954e-19 2.004427078752887513e-20 1.728430496011844430e-21
2.712000000000000000e+03 1.052028199887245955e-19 1.313338687698939427e-19 1.928181050435743033e-21 9.587032066827383693e-19 1.968121304171598002e-20 1.701849337967410881e-21
2.722000000000000000e+03 1.044287335103806849e-19 1.302053312240136928e-19 1.898731938487579148e-21 9.518600734562798247e-19 1.932726911008405875e-20 1.675843824885453403e-21
2.732000000000000000e+03 1.036658333633512511e-19 1.291111624931008101e-19 1.869901524569035738e-21 9.451076551744850783e-19 1.898217862472817592e-20 1.650387692069547109e-21
2.742000000000000000e+03 1.029137870312996462e-19 1.280578274642854859e-19 1.841710318160734598e-21 9.384451531703464487e-19 1.864569887479603301e-20 1.625496463702084851e-21
2.752000000000000000e+03 1.021731127350417007e-19 1.270481731293078403e-19 1.814181368099880222e-21 9.318861417691479659e-19 1.831753656314300753e-20 1.601186846662858826e-21
2.762000000000000000e+03 1.014432900621497845e-19 1.260785572492678979e-19 1.787240346561375788e-21 9.254194001615618212e-19 1.799732258367038669e-20 1.577397696085420064e-21
2.772000000000000000e+03 1.007239578025331664e-19 1.251447113928416544e-19 1.760860889552017250e-21 9.190430898112063152e-19 1.768480312546270538e-20 1.554106081716695990e-21
2.782000000000000000e+03 1.000156642249652450e-19 1.242505592911881605e-19 1.735109664300113077e-21 9.127707493297810949e-19 1.737963840551606344e-20 1.531362385403039421e-21
2.792000000000000000e+03 9.931730893515343074e-20 1.233857818198708622e-19 1.709873914275705067e-21 9.065813763670249750e-19 1.708163158520718655e-20 1.509075642311143601e-21
2.802000000000000000e+03 9.862958574125798232e-20 1.225523722986920041e-19 1.685225759561719359e-21 9.004979214855153091e-19 1.679043279983096262e-20 1.487300126729246154e-21
2.812000000000000000e+03 9.795155325873778567e-20 1.217397434757085920e-19 1.661072838694272545e-21 8.944845681321632053e-19 1.650563475279163473e-20 1.465959112515445797e-21
2.822000000000000000e+03 9.728328417714907824e-20 1.209458391462243218e-19 1.637463517332929889e-21 8.885637249380240598e-19 1.622667164449218500e-20 1.445085879786956831e-21
2.832000000000000000e+03 9.662509671224632601e-20 1.201649780632166909e-19 1.614369575932478344e-21 8.827371598891077460e-19 1.595318685801717140e-20 1.424655137385928529e-21
2.842000000000000000e+03 9.597664959013275394e-20 1.193925839401263722e-19 1.591800467031908282e-21 8.769986608011915959e-19 1.568490016791920252e-20 1.404671523866305212e-21
2.852000000000000000e+03 9.533662888099203984e-20 1.186202421518463317e-19 1.569701237290454888e-21 8.713345927230513495e-19 1.542155865387217475e-20 1.385088992149115972e-21
2.862000000000000000e+03 9.470540324644252000e-20 1.178460484903158829e-19 1.548077701720103134e-21 8.657395495131101131e-19 1.516296944094520414e-20 1.365910593236664673e-21
2.872000000000000000e+03 9.408373659473541088e-20 1.170677344390581821e-19 1.526968312630971998e-21 8.602361816648625299e-19 1.490896241301187066e-20 1.347165035139498044e-21
2.882000000000000000e+03 9.347015062892736255e-20 1.162776966854052801e-19 1.506293040194187065e-21 8.548050506566578983e-19 1.465941624417949120e-20 1.328787909861372411e-21
2.892000000000000000e+03 9.286551424319551728e-20 1.154772740442283738e-19 1.486091272951424801e-21 8.494527556717726283e-19 1.441437735006895519e-20 1.310810878849715496e-21
2.902000000000000000e+03 9.226847112507818980e-20 1.146638828056750839e-19 1.466337171891711421e-21 8.441513784478513575e-19 1.417420287399876135e-20 1.293216386734387076e-21
2.912000000000000000e+03 9.167976809518129867e-20 1.138362566221083925e-19 1.446993086111892083e-21 8.389240370511232327e-19 1.393928382273482201e-20 1.275978792403945903e-21
2.922000000000000000e+03 9.109928871290786971e-20 1.129959020022531943e-19 1.428048738099736327e-21 8.337663347006689440e-19 1.371024299778073260e-20 1.259095915161156105e-21
2.932000000000000000e+03 9.052615688023242886e-20 1.121435966599729815e-19 1.409484788054146999e-21 8.286537315521809462e-19 1.348737216389511380e-20 1.242555578311473310e-21
2.942000000000000000e+03 8.996124387128223232e-20 1.112843227680310425e-19 1.391354490960086592e-21 8.236115344012856316e-19 1.327106264851343601e-20 1.226403886092192463e-21
2.952000000000000000e+03 8.940291751529801248e-20 1.104191727099847477e-19 1.373592713138959112e-21 8.186129651649348492e-19 1.306149576167130354e-20 1.210592133191946517e-21
2.962000000000000000e+03 8.885313227135737998e-20 1.095553454486272796e-19 1.356224390890941135e-21 8.136854337042535577e-19 1.285884997741591693e-20 1.195143119447010628e-21
2.972000000000000000e+03 8.831034635071681545e-20 1.086955978852292137e-19 1.339211670169590058e-21 8.088195245281934864e-19 1.266292484935175270e-20 1.180026323946407409e-21
2.982000000000000000e+03 8.777480546451417309e-20 1.078457198509641972e-19 1.322523108294327919e-21 8.040074150379096296e-19 1.247358277489574607e-20 1.165217399378822418e-21
2.992000000000000000e+03 8.724734107490133107e-20 1.070117092907522963e-19 1.306176679294322410e-21 7.992590015980367515e-19 1.229038302544241651e-20 1.150727805761036488e-21
3.002000000000000000e+03 8.672622015820634082e-20 1.061982766785414439e-19 1.290146992655854647e-21 7.945768344222929358e-19 1.211272812132749840e-20 1.136533238105061330e-21
3.012000000000000000e+03 8.621286779660129534e-20 1.054108101238968368e-19 1.274427649150053644e-21 7.899651788045037075e-19 1.193977406849589548e-20 1.122622468291328611e-21
3.022000000000000000e+03 8.570691202948119997e-20 1.046529757368298417e-19 1.259002268625250881e-21 7.854232003284513423e-19 1.177084709032558051e-20 1.108977368915706451e-21
3.032000000000000000e+03 8.520900116540813487e-20 1.039304135438786637e-19 1.243894629025545848e-21 7.809580826133134857e-19 1.160539103574964682e-20 1.095612314483089302e-21
3.042000000000000000e+03 8.471751514928213775e-20 1.032408661586383737e-19 1.229021603042874474e-21 7.765565579568732928e-19 1.144287974203851165e-20 1.082457622596979558e-21
3.052000000000000000e+03 8.423329983934157054e-20 1.025886250766828905e-19 1.214421936919996517e-21 7.722219776568268684e-19 1.128289522436100847e-20 1.069540229901079646e-21
3.062000000000000000e+03 8.375681763045452588e-20 1.019764091527279711e-19 1.200128970002961548e-21 7.679753527320595589e-19 1.112502670081539921e-20 1.056882643008418610e-21
3.072000000000000000e+03 8.328738594250854366e-20 1.013972205666804904e-19 1.186063460176948021e-21 7.637835604579422238e-19 1.096893051053543778e-20 1.044419263751181747e-21
3.082000000000000000e+03 8.282579588101919124e-20 1.008542934045120832e-19 1.172269978456349158e-21 7.596636214309683460e-19 1.081433506929870880e-20 1.032182553248501045e-21
3.092000000000000000e+03 8.237116471456183357e-20 1.003402822624755746e-19 1.158723010751582851e-21 7.556061756609612056e-19 1.066123639064357077e-20 1.020151592658994571e-21
3.102000000000000000e+03 8.192404376458319604e-20 9.985458146322340888e-20 1.145437194445741165e-21 7.516257143001597814e-19 1.050952052360295235e-20 1.008336565656792102e-21
3.112000000000000000e+03 8.148428836535560979e-20 9.938764113644740901e-20 1.132378812949714015e-21 7.476927325816474473e-19 1.035947724348472805e-20 9.967128021696432528e-22
3.122000000000000000e+03 8.104963823215833824e-20 9.893475694833261083e-20 1.119531693008879605e-21 7.437866817908646495e-19 1.021133833803623317e-20 9.852689994471038607e-22
3.132000000000000000e+03 8.062327591169807630e-20 9.849716876471968137e-20 1.106964177483347013e-21 7.399598418373596644e-19 1.006545146301689905e-20 9.740619877060534184e-22
3.142000000000000000e+03 8.020372547221562755e-20 9.806741050888361773e-20 1.094649371914858995e-21 7.361861654039608648e-19 9.921915003602450778e-21 9.630708610383118619e-22
3.152000000000000000e+03 7.979031908369843207e-20 9.763883725585609174e-20 1.082574182113492194e-21 7.324586678705497211e-19 9.780851290610324959e-21 9.522859447022802860e-22
3.162000000000000000e+03 7.938388776154243309e-20 9.720795079751743601e-20 1.070748755646928205e-21 7.287779571089815014e-19 9.642178244975644864e-21 9.417141925837843812e-22
3.172000000000000000e+03 7.898406363162412536e-20 9.676802975264081273e-20 1.059168961883079148e-21 7.251526232002774180e-19 9.505942608552931327e-21 9.313522826081509140e-22
3.182000000000000000e+03 7.858837298943239502e-20 9.631417221118719926e-20 1.047807314203383828e-21 7.215656242235438204e-19 9.372128270968418595e-21 9.211781163781956569e-22
3.192000000000000000e+03 7.820007386634182405e-20 9.584941201703023348e-20 1.036705599142162267e-21 7.180158919883335691e-19 9.240622075806527877e-21 9.112237586940124655e-22
3.202000000000000000e+03 7.781588942292650497e-20 9.536423550711445996e-20 1.025802876825635575e-21 7.144972468728202928e-19 9.111308582538217810e-21 9.014397945308220783e-22
3.212000000000000000e+03 7.743861589040392819e-20 9.486368011786209161e-20 1.015151851471167629e-21 7.110419507620024679e-19 8.984331709338540853e-21 8.918693437514059396e-22
3.222000000000000000e+03 7.706674117593250628e-20 9.434773093852884765e-20 1.004725721756494892e-21 7.076168476367934700e-19 8.860034413578418768e-21 8.824949707389464361e-22
3.232000000000000000e+03 7.669927666692825583e-20 9.381455354237313954e-20 9.944956222223440687e-22 7.042368304111490742e-19 8.738833687871867856e-21 8.732985104879856501e-22
3.242000000000000000e+03 7.633666379601167887e-20 9.326902706101095336e-20 9.844745496346586498e-22 7.008783277185074240e-19 8.621122312934122528e-21 8.642946816189137933e-22
3.252000000000000000e+03 7.597950836630779648e-20 9.271542262816763584e-20 9.746444338177893729e-22 6.975654968586826319e-19 8.507157708393280478e-21 8.554730014134946521e-22
3.262000000000000000e+03 7.562732917159615865e-20 9.215620485447058014e-20 9.649887961704526669e-22 6.942966367878606328e-19 8.397079873612387107e-21 8.468227533173624246e-22
3.272000000000000000e+03 7.527971696717187727e-20 9.159634043180521073e-20 9.555193513747878100e-22 6.910960080574846557e-19 8.290752214240100314e-21 8.383523874024585820e-22
3.282000000000000000e+03 7.493781278456913726e-20 9.104278520764783680e-20 9.462200585634247094e-22 6.879289121169032958e-19 8.188132556876410647e-21 8.300501643324274672e-22
3.292000000000000000e+03 7.459986198586524369e-20 9.050188267911977264e-20 9.370905225293791864e-22 6.847951291722274337e-19 8.088799877241621430e-21 8.219120882603021055e-22
3.302000000000000000e+03 7.426842257210667329e-20 8.997672385557556456e-20 9.280921128334347706e-22 6.817400492201583568e-19 7.992566600420446012e-21 8.139073954532752421e-22
3.312000000000000000e+03 7.394042024255677108e-20 8.945979945933269290e-20 9.191636538389756140e-22 6.787444435796210631e-19 7.899109304180014449e-21 8.059849148109955336e-22
3.322000000000000000e+03 7.361842438859488071e-20 8.897576781231688364e-20 9.104019474843354926e-22 6.757965553236716210e-19 7.808233822676192833e-21 7.982195427229512352e-22
3.332000000000000000e+03 7.330220920762595018e-20 8.852414257214874515e-20 9.017960418368039056e-22 6.729330537768987304e-19 7.719523811651938033e-21 7.905985812908065102e-22
3.342000000000000000e+03 7.299026325257746908e-20 8.810810009653320438e-20 8.933278879967892649e-22 6.701039491828453145e-19 7.632603215004567057e-21 7.831042658206745650e-22
3.352000000000000000e+03 7.268394048247380571e-20 8.772509899624122297e-20 8.849606986786930415e-22 6.673474013055564151e-19 7.547185364120785322e-21 7.757053284140642855e-22
3.362000000000000000e+03 7.238598417391760399e-20 8.738293681742058846e-20 8.767493414767067672e-22 6.646788786684868263e-19 7.462845731216324502e-21 7.684403476727967942e-22
3.372000000000000000e+03 7.209176908705775651e-20 8.707858026595967395e-20 8.686310066968588298e-22 6.620142392673916708e-19 7.379302486698806210e-21 7.612571183487230341e-22
3.382000000000000000e+03 7.180633687640499207e-20 8.681299559502377001e-20 8.606780144969942985e-22 6.594533785659122292e-19 7.296139283333797424e-21 7.542073969747405092e-22
3.392000000000000000e+03 7.152227031899577375e-20 8.657526357003904467e-20 8.527950717622935799e-22 6.568914035112819292e-19 7.213308033886823177e-21 7.472155408615019326e-22
3.402000000000000000e+03 7.124744300409173302e-20 8.637013181745962294e-20 8.450729739286617335e-22 6.543944169086602686e-19 7.130761998564325845e-21 7.403519046210699456e-22
3.412000000000000000e+03 7.097926012166257158e-20 8.618918639027587102e-20 8.374924892122850052e-22 6.519475075327943548e-19 7.048650590616901857e-21 7.336022165407675046e-22
3.422000000000000000e+03 7.071813688097237815e-20 8.603072550887669048e-20 8.300602176643715548e-22 6.495418454704860165e-19 6.967147725561604021e-21 7.269731742481294312e-22
3.432000000000000000e+03 7.046110959181761490e-20 8.588555727431498074e-20 8.227490209238341456e-22 6.471383993922329016e-19 6.886387314483187130e-21 7.204442788403352316e-22
3.442000000000000000e+03 7.021069561344037037e-20 8.574728053939058848e-20 8.155942911246447567e-22 6.447701291101378551e-19 6.806459349939971749e-21 7.140434344238740619e-22
3.452000000000000000e+03 6.996713825838869320e-20 8.561166673381082669e-20 8.086134515905102245e-22 6.424430500319859037e-19 6.727357735667058480e-21 7.077835860008633649e-22
3.462000000000000000e+03 6.972789035068464690e-20 8.547010926685984113e-20 8.017700358257017619e-22 6.401223251074984848e-19 6.648948432082961688e-21 7.016343404770643348e-22
3.472000000000000000e+03 6.949634032070129803e-20 8.531738016176617321e-20 7.951052921805216610e-22 6.378550681734045967e-19 6.571124229559306182e-21 6.956260591599945497e-22
3.482000000000000000e+03 6.926863780549396772e-20 8.515200167781942802e-20 7.886046813082415693e-22 6.356249815301711508e-19 6.493893975929442820e-21 6.897470806788500329e-22
3.492000000000000000e+03 6.904493094203795923e-20 8.496083444693039321e-20 7.822478700972638484e-22 6.334119090532312378e-19 6.417273923540827800e-21 6.839810603838395940e-22
3.502000000000000000e+03 6.882909195793151287e-20 8.474796083714370787e-20 7.759787316207591058e-22 6.311946841388721199e-19 6.341510141794260834e-21 6.782884652137332296e-22
3.512000000000000000e+03 6.861330770500238651e-20 8.451033621144055402e-20 7.698851490181444954e-22 6.289999578903219451e-19 6.266568665420366644e-21 6.727351271225728626e-22
3.522000000000000000e+03 6.840564864461352590e-20 8.425380696919547617e-20 7.639777727026823714e-22 6.268565953948679784e-19 6.192673364800997424e-21 6.673328476370594199e-22
3.532000000000000000e+03 6.820018144132660331e-20 8.397435725314307880e-20 7.582028159297253026e-22 6.247282671135323138e-19 6.120187560209759680e-21 6.620439171580492072e-22
3.542000000000000000e+03 6.799480767884814537e-20 8.366885918308198163e-20 7.525387224246079483e-22 6.225757466189902677e-19 6.049781865217945689e-21 6.568594898173478397e-22
3.552000000000000000e+03 6.780125901304516205e-20 8.335574664169709077e-20 7.471024222817130029e-22 6.205094627021126872e-19 5.982098705153947478e-21 6.518788747097722682e-22
3.562000000000000000e+03 6.760391847673099551e-20 8.302011759229596419e-20 7.416901835406291433e-22 6.184419109097468863e-19 5.917959263109240217e-21 6.469546879266318954e-22
3.572000000000000000e+03 6.741442736712460069e-20 8.268201022290503427e-20 7.364535432179402370e-22 6.164000463143409943e-19 5.857831436434143959e-21 6.422108439874161805e-22
3.582000000000000000e+03 6.722462246065770438e-20 8.233838183709325889e-20 7.312712715994441356e-22 6.143632629240333109e-19 5.801887399170521147e-21 6.375568813822762279e-22
3.592000000000000000e+03 6.703889009149273527e-20 8.199947351780186940e-20 7.262139991313730418e-22 6.123767068585257916e-19 5.749820788180098778e-21 6.330444371660593095e-22
3.602000000000000000e+03 6.685653676438268748e-20 8.166884255290274499e-20 7.212009360606291720e-22 6.104470238065526580e-19 5.701304578667449402e-21 6.286087269913914635e-22
3.612000000000000000e+03 6.668301054723968146e-20 8.135739139712966105e-20 7.162993276705280631e-22 6.086112569915691220e-19 5.655879552221916124e-21 6.242967192320187484e-22
3.622000000000000000e+03 6.650591067877677604e-20 8.106204160249945748e-20 7.113830910149557301e-22 6.068164829537062997e-19 5.612955387123475550e-21 6.200042956323617094e-22
3.632000000000000000e+03 6.633262974924494426e-20 8.079507922859056836e-20 7.065270050822035531e-22 6.050309523100559268e-19 5.571865194237431455e-21 6.157815512821055098e-22
3.642000000000000000e+03 6.616852524005471782e-20 8.056121120486509960e-20 7.017356951038057352e-22 6.033947789486032698e-19 5.531858658690517824e-21 6.116237277000075167e-22
3.652000000000000000e+03 6.600809502596941503e-20 8.035973547190695761e-20 6.969770427652695737e-22 6.018302785919345714e-19 5.492204175179131527e-21 6.074968591085781507e-22
3.662000000000000000e+03 6.585106259697216783e-20 8.019322465216404434e-20 6.922273520441281698e-22 6.003678373613592594e-19 5.452203569194677454e-21 6.033745002985768084e-22
3.672000000000000000e+03 6.569893137347522231e-20 8.006253832118769575e-20 6.875146342566587689e-22 5.989607839036870462e-19 5.411418468387418931e-21 5.992726027230928859e-22
3.682000000000000000e+03 6.555437260590328479e-20 7.996779285473254426e-20 6.828404180503118596e-22 5.976250546851747646e-19 5.369402353900641300e-21 5.951869664122803874e-22
3.692000000000000000e+03 6.541347713823913218e-20 7.988423103470285176e-20 6.781245955039519884e-22 5.963812670913850360e-19 5.326238114116444833e-21 5.910559188407439670e-22
3.702000000000000000e+03 6.527838982815389445e-20 7.983619604584637302e-20 6.734629879807270843e-22 5.952132552690312697e-19 5.282094050719078135e-21 5.869556710993163194e-22
3.712000000000000000e+03 6.515151061788274868e-20 7.982192204467398265e-20 6.688736290542094673e-22 5.940880931144157386e-19 5.237315321006028821e-21 5.829040481232816912e-22
3.722000000000000000e+03 6.503087904598074825e-20 7.982852709870518938e-20 6.643231268461097285e-22 5.930134752983801777e-19 5.192125707608101587e-21 5.788774433843844872e-22
3.732000000000000000e+03 6.491333939427263533e-20 7.985035859699979467e-20 6.598203826065862451e-22 5.919241337811043198e-19 5.146828782890052954e-21 5.748856527625220352e-22
3.742000000000000000e+03 6.480399296568442594e-20 7.988585978113467633e-20 6.554037717119729723e-22 5.909339484653826389e-19 5.101595091438312684e-21 5.709602639936269744e-22
3.752000000000000000e+03 6.470152931131815249e-20 7.992550081985553559e-20 6.510534901037191189e-22 5.899429236195550600e-19 5.056710887349120540e-21 5.670890677479107257e-22
3.762000000000000000e+03 6.460473496509040803e-20 7.995854372666272189e-20 6.467874579531640152e-22 5.889529020385885679e-19 5.012274358094653504e-21 5.632862417127770943e-22
3.772000000000000000e+03 6.451442420087056654e-20 7.998506364705860257e-20 6.426205714425039537e-22 5.880470818632029906e-19 4.968179815528981394e-21 5.595618761803680463e-22
3.782000000000000000e+03 6.442236680328662332e-20 7.998796597842417234e-20 6.385147754440888771e-22 5.870453077322476253e-19 4.924130509551155521e-21 5.558817051690876411e-22
3.792000000000000000e+03 6.434330283420261570e-20 7.997575318980663048e-20 6.345448618080283066e-22 5.860968031129094269e-19 4.880011473272242159e-21 5.523025302506323246e-22
3.802000000000000000e+03 6.426808526320279295e-20 7.993700238896672500e-20 6.306913392376109878e-22 5.852063715987274478e-19 4.835774963424934090e-21 5.488075974054973584e-22
3.812000000000000000e+03 6.419527658266076501e-20 7.987004893079563136e-20 6.269147020568457478e-22 5.842462606589720256e-19 4.791407262917223155e-21 5.453663848083608998e-22
3.822000000000000000e+03 6.412001213339827131e-20 7.977030210873673308e-20 6.232282958925890235e-22 5.833040608326177240e-19 4.746941140104148613e-21 5.419888071658386809e-22
3.832000000000000000e+03 6.405753620241943750e-20 7.965107994012180511e-20 6.197006950695207582e-22 5.824335610775042554e-19 4.702485347930699886e-21 5.387297113188306897e-22
3.842000000000000000e+03 6.399210154491559573e-20 7.949951040081397353e-20 6.162313493471377591e-22 5.815169425961164243e-19 4.658380595136648569e-21 5.355155801522479377e-22
3.852000000000000000e+03 6.392938985136037190e-20 7.932703106337267458e-20 6.128539351411447240e-22 5.805433647802845576e-19 4.615075592819907402e-21 5.323786939604048233e-22
3.862000000000000000e+03 6.387168493572449372e-20 7.913609540371998454e-20 6.095621190469315554e-22 5.796244582778015974e-19 4.573394437480871077e-21 5.293257124201080691e-22
3.872000000000000000e+03 6.381134936533557060e-20 7.893278361337829426e-20 6.063533705962784171e-22 5.787318339304022177e-19 4.533927359663404056e-21 5.263626678180617255e-22
3.882000000000000000e+03 6.375390531090957030e-20 7.871965000772534677e-20 6.031675341935556950e-22 5.778215284890294464e-19 4.497441921122025758e-21 5.234555056451077190e-22
3.892000000000000000e+03 6.369634159393616024e-20 7.849473326313331967e-20 5.999017099991805775e-22 5.768769492655252704e-19 4.464336007296075498e-21 5.205324317925820408e-22
3.902000000000000000e+03 6.364603092598448927e-20 7.828138597569069826e-20 5.967666782079275549e-22 5.760544420147579068e-19 4.434749075917718734e-21 5.177562019591894307e-22
3.912000000000000000e+03 6.359569788224266168e-20 7.808228838735218216e-20 5.936834899543771686e-22 5.752331133734135465e-19 4.408330735612411799e-21 5.150624335737500363e-22
3.922000000000000000e+03 6.354487782434980746e-20 7.790213587555540539e-20 5.906224320973847140e-22 5.745295923602984028e-19 4.384556307340763733e-21 5.124220362491175264e-22
3.932000000000000000e+03 6.349841412220634945e-20 7.775018537864455779e-20 5.875686227242799394e-22 5.737648825191912185e-19 4.362843795764937718e-21 5.098164731501738782e-22
3.942000000000000000e+03 6.345928926525900666e-20 7.762462018257948253e-20 5.845292950082271651e-22 5.731839265453304134e-19 4.342370472929844883e-21 5.072402219677238090e-22
3.952000000000000000e+03 6.341638694532335311e-20 7.753551441776605075e-20 5.814595399286153333e-22 5.726656995140300898e-19 4.322410659529050367e-21 5.046491230518593374e-22
3.962000000000000000e+03 6.338530216160585019e-20 7.748453861238915280e-20 5.784181036360840409e-22 5.722040063702091565e-19 4.302008152947160517e-21 5.020753893473630967e-22
3.972000000000000000e+03 6.334871676669073666e-20 7.746391705455161582e-20 5.752966915618515619e-22 5.717609599968933328e-19 4.280615716971835805e-21 4.994284933049318776e-22
3.982000000000000000e+03 6.332502987479970650e-20 7.748892165685134808e-20 5.722434780997610277e-22 5.715225031493932112e-19 4.257820706834012282e-21 4.968163605473649971e-22
3.992000000000000000e+03 6.330953092022809546e-20 7.754780718531298104e-20 5.691634971437334472e-22 5.712638765194835275e-19 4.233488637442774120e-21 4.941645617811105021e-22
4.002000000000000000e+03 6.329673726067591754e-20 7.764040689074839735e-20 5.661069231947186120e-22 5.710500919685474835e-19 4.207665301485726470e-21 4.915111371360883290e-22
4.012000000000000000e+03 6.329086508130301257e-20 7.776359790069789320e-20 5.630612981944845923e-22 5.708890525746639161e-19 4.180516318269879190e-21 4.888489451212957289e-22
4.022000000000000000e+03 6.329312332104829530e-20 7.790867662538309019e-20 5.600469512711025796e-22 5.707299786855204570e-19 4.152274838226819449e-21 4.861960171637402422e-22
4.032000000000000000e+03 6.330218006240924085e-20 7.807001585577303264e-20 5.570740176056245424e-22 5.705469367234626119e-19 4.123253005439021970e-21 4.835637847934931281e-22
4.042000000000000000e+03 6.331817475683949584e-20 7.824475133907384542e-20 5.541718053828735782e-22 5.704324190275535055e-19 4.093717509240142921e-21 4.809778056377110729e-22
4.052000000000000000e+03 6.334311480819306078e-20 7.842388109402962350e-20 5.513711515136121598e-22 5.702657532767850308e-19 4.064163377030957473e-21 4.784676907021167124e-22
4.062000000000000000e+03 6.338062876518776483e-20 7.859691022602916936e-20 5.486606550208107211e-22 5.702053037947607944e-19 4.034867790682446638e-21 4.760285357036919738e-22
4.072000000000000000e+03 6.341657925861877769e-20 7.875153596357002202e-20 5.460155341639245007e-22 5.700358654679846831e-19 4.006390340097868334e-21 4.736480790718446158e-22
4.082000000000000000e+03 6.346245563737154305e-20 7.885816280985937578e-20 5.433592773790537179e-22 5.699425678981396113e-19 3.979172019234499888e-21 4.712747690007873354e-22
4.092000000000000000e+03 6.350710271645254886e-20 7.895742503707166941e-20 5.408673211169196595e-22 5.697828026613715265e-19 3.953460692726686026e-21 4.690450011188573474e-22
4.102000000000000000e+03 6.356635276596121400e-20 7.904070839947931534e-20 5.385839357556484657e-22 5.697526602273559829e-19 3.929145117428879182e-21 4.669912935891294339e-22
4.112000000000000000e+03 6.363150659182722710e-20 7.909075832499655440e-20 5.364265195813725396e-22 5.697139273950017577e-19 3.905850709702972951e-21 4.650451493647737089e-22
4.122000000000000000e+03 6.368040092952857987e-20 7.910114867320546077e-20 5.343656199753814190e-22 5.695625191741276455e-19 3.883136578854125370e-21 4.631767857138732915e-22
4.132000000000000000e+03 6.375497630925800289e-20 7.908505910585843913e-20 5.325324070215264206e-22 5.695694376029536962e-19 3.860364498307010627e-21 4.614784842334198940e-22
4.142000000000000000e+03 6.381430782236545422e-20 7.902993923611361966e-20 5.307799665086484123e-22 5.694469677134163250e-19 3.837165249992881837e-21 4.598316573176563726e-22
4.152000000000000000e+03 6.389015502486978180e-20 7.894738928421483707e-20 5.292333512100772766e-22 5.694156920547272291e-19 3.813256482291968625e-21 4.583280304087765274e-22
4.162000000000000000e+03 6.394898709427267590e-20 7.883333940546161653e-20 5.277688203505529920e-22 5.693098498047987308e-19 3.788917952017106109e-21 4.568764465270717535e-22
4.172000000000000000e+03 6.401655086427581380e-20 7.870106448052935966e-20 5.264487339590169649e-22 5.691182080225774638e-19 3.764932768533090901e-21 4.555365452800739311e-22
4.182000000000000000e+03 6.408456024608133193e-20 7.854739694495532000e-20 5.251958817946101609e-22 5.690182123247679185e-19 3.742805683951683857e-21 4.542721281505130134e-22
4.192000000000000000e+03 6.415375271538246920e-20 7.838559280591330007e-20 5.240721526602296311e-22 5.689245205813117721e-19 3.724085180111729012e-21 4.531531974118097870e-22
4.202000000000000000e+03 6.421179486684564974e-20 7.822030690920652745e-20 5.229995640338777740e-22 5.686941965633928574e-19 3.709825129026429639e-21 4.521371565765013805e-22
4.212000000000000000e+03 6.426865543323206356e-20 7.805774184073869993e-20 5.219708272558402876e-22 5.685025184461925552e-19 3.700375108087466847e-21 4.512251605401898786e-22
4.222000000000000000e+03 6.433091619329811268e-20 7.790601585314640590e-20 5.210430243650262081e-22 5.684048370862822861e-19 3.695433003230625592e-21 4.504562325814694062e-22
4.232000000000000000e+03 6.438492834299308883e-20 7.776749359319142829e-20 5.200509575352616604e-22 5.682961210919138925e-19 3.694233413250727206e-21 4.496947369377677477e-22
4.242000000000000000e+03 6.444683273386233039e-20 7.764850068363373832e-20 5.190614761892164394e-22 5.683257656014768404e-19 3.695795541722059064e-21 4.489767996284774746e-22
4.252000000000000000e+03 6.450642135454263132e-20 7.755340568851891874e-20 5.180965034221827240e-22 5.684386988422305223e-19 3.699223153939727269e-21 4.483047970298102990e-22
4.262000000000000000e+03 6.455786456730772314e-20 7.748201796154249538e-20 5.170377420523249808e-22 5.685706080712347688e-19 3.703654901061787734e-21 4.475768181445722192e-22
4.272000000000000000e+03 6.462563193640680107e-20 7.740937015920838219e-20 5.158570782223964642e-22 5.689674475178580957e-19 3.708458956144111080e-21 4.467626753582351083e-22
4.282000000000000000e+03 6.468430134827459840e-20 7.736363418330752170e-20 5.146322678952175087e-22 5.694693732052339342e-19 3.712831432534033167e-21 4.459084170252571348e-22
4.292000000000000000e+03 6.475356262129639308e-20 7.734712640210777743e-20 5.133977814422715399e-22 5.700837602019945899e-19 3.716118901204581753e-21 4.450316127189830765e-22
4.302000000000000000e+03 6.481716027658776331e-20 7.735871536020594601e-20 5.121184521834418053e-22 5.707185696020662578e-19 3.717775946486991231e-21 4.440974082255191068e-22
4.312000000000000000e+03 6.488565070240919116e-20 7.739539799682476867e-20 5.108209545804992051e-22 5.715487998092166114e-19 3.717556380055589326e-21 4.431231476559358861e-22
4.322000000000000000e+03 6.496584536839926304e-20 7.744244960260953281e-20 5.094760326592461665e-22 5.724909347107650545e-19 3.715279378239150947e-21 4.420843226528536574e-22
4.332000000000000000e+03 6.504187366459871841e-20 7.750347628687858568e-20 5.080703539289159078e-22 5.733922829489073225e-19 3.711080346895558824e-21 4.409723207031733303e-22
4.342000000000000000e+03 6.512260296786494573e-20 7.756374807394263388e-20 5.066535349847493419e-22 5.743525553507216064e-19 3.705001022832776621e-21 4.398252651581557068e-22
4.352000000000000000e+03 6.521275991306243112e-20 7.762926513874692625e-20 5.052327967137400370e-22 5.753476475503956407e-19 3.697056657468461268e-21 4.386493438051004127e-22
4.362000000000000000e+03 6.530237610604111333e-20 7.768669878787639363e-20 5.038173097603867398e-22 5.762956345575382686e-19 3.687189396041258909e-21 4.374498061649464835e-22
4.372000000000000000e+03 6.539432880118096018e-20 7.773175818927586548e-20 5.023992550934915798e-22 5.771353469535302658e-19 3.675658252924311524e-21 4.362243832712666478e-22
4.382000000000000000e+03 6.550076609278010354e-20 7.776138036855972948e-20 5.010422201265397916e-22 5.781196600726002121e-19 3.662840544967903205e-21 4.350268771378847419e-22
4.392000000000000000e+03 6.559433868341440281e-20 7.776863189142733517e-20 4.996669248265097287e-22 5.788314871873805772e-19 3.649100604345976037e-21 4.338009342989084134e-22
4.402000000000000000e+03 6.568870801910714377e-20 7.775220241268332764e-20 4.983483826448758095e-22 5.795578710718887287e-19 3.634696670880066658e-21 4.326074156503164062e-22
4.412000000000000000e+03 6.579616079259038252e-20 7.771148094979007803e-20 4.971294118999854000e-22 5.803498216320762377e-19 3.619673183891761220e-21 4.314796588906648719e-22
4.422000000000000000e+03 6.588832233785552941e-20 7.764386162239537588e-20 4.959059067212870862e-22 5.809057837179009262e-19 3.603941600338640951e-21 4.303363896663406018e-22
4.432000000000000000e+03 6.598612017643189563e-20 7.755199617194994695e-20 4.947608874448429001e-22 5.814990503857142410e-19 3.587195541334073603e-21 4.292367514166297224e-22
4.442000000000000000e+03 6.607197473567736156e-20 7.743588979107969884e-20 4.936472612960778628e-22 5.818947267002575767e-19 3.569267003696160247e-21 4.281417613984431509e-22
4.452000000000000000e+03 6.615694281795469217e-20 7.729913927789219533e-20 4.925924574251044767e-22 5.823166701200863728e-19 3.549954531179522246e-21 4.270695289970973699e-22
4.462000000000000000e+03 6.623907735100416447e-20 7.714233985194605909e-20 4.914546354225242080e-22 5.826156951091251589e-19 3.529781203005009465e-21 4.259205435209487555e-22
4.472000000000000000e+03 6.630751699013838587e-20 7.697044985656648329e-20 4.902878425925181782e-22 5.828316117761280650e-19 3.509727541849674286e-21 4.247493649790981542e-22
4.482000000000000000e+03 6.637515001857871883e-20 7.679158648625577350e-20 4.891801443405162333e-22 5.829589594652396013e-19 3.491234304205408176e-21 4.236441085945926377e-22
4.492000000000000000e+03 6.642908465742976549e-20 7.660813464918148908e-20 4.881173540217200030e-22 5.830630385641988996e-19 3.475538650534665835e-21 4.226122903965036808e-22
4.502000000000000000e+03 6.648105768021911288e-20 7.642409945117301210e-20 4.870437936098088993e-22 5.830148658353670814e-19 3.463369073223529001e-21 4.216239761563077625e-22
4.512000000000000000e+03 6.652134531963987124e-20 7.624277152761920759e-20 4.859672629102991708e-22 5.829933569003130455e-19 3.454609444256683153e-21 4.206834657439218095e-22
4.522000000000000000e+03 6.655679775611269532e-20 7.606705563230235805e-20 4.848093015432273407e-22 5.828720622907312048e-19 3.448664360528167783e-21 4.197235260788908844e-22
4.532000000000000000e+03 6.658074131745347668e-20 7.590053291826596155e-20 4.836055457153164728e-22 5.827673554135029036e-19 3.444535660268816627e-21 4.187558614395925189e-22
4.542000000000000000e+03 6.660800197537931782e-20 7.574450180880441827e-20 4.823543555713755938e-22 5.826655944960413975e-19 3.440974797472166739e-21 4.177612507806473510e-22
4.552000000000000000e+03 6.661715084472012861e-20 7.560084580364654758e-20 4.810066344491038632e-22 5.824784779137840691e-19 3.436793657306623388e-21 4.166844452901275149e-22
4.562000000000000000e+03 6.662983099565870642e-20 7.547017196988947264e-20 4.795902087076055246e-22 5.823516133167341658e-19 3.431193778433570789e-21 4.155355524683348146e-22
4.572000000000000000e+03 6.663637255319431447e-20 7.535221280293897821e-20 4.781119864126491053e-22 5.821841810380636975e-19 3.423770741842880009e-21 4.143134824074432177e-22
4.582000000000000000e+03 6.664083823751667244e-20 7.524504933574963294e-20 4.765437662916358707e-22 5.820101645830227459e-19 3.414383622053591415e-21 4.129951937707194408e-22
4.592000000000000000e+03 6.664230799783296066e-20 7.514784220489433932e-20 4.749241983684524590e-22 5.818352216657868232e-19 3.403099765625183795e-21 4.116106804427560740e-22
4.602000000000000000e+03 6.664312599103797283e-20 7.505862581093241359e-20 4.732467097016348544e-22 5.815696807877381896e-19 3.390119274118229485e-21 4.101579155843888762e-22
4.612000000000000000e+03 6.664085579973470127e-20 7.497475606432167259e-20 4.715268691883439461e-22 5.812642220020310585e-19 3.375828628811715273e-21 4.086540660814964719e-22
4.622000000000000000e+03 6.663863305511051260e-20 7.489310920452712991e-20 4.698072201165122397e-22 5.808759920303752538e-19 3.360649566257221217e-21 4.071372183640851131e-22
4.632000000000000000e+03 6.663464045555225085e-20 7.481191956377001287e-20 4.680934212351708284e-22 5.804832241705209402e-19 3.345380078266814246e-21 4.056232112376837979e-22
4.642000000000000000e+03 6.663355928074744894e-20 7.472835894671204612e-20 4.664393345859179429e-22 5.800546468750382740e-19 3.330746371275423149e-21 4.041632435684554382e-22
4.652000000000000000e+03 6.662725693251730864e-20 7.464016483744726266e-20 4.648034622851242007e-22 5.796345141269854081e-19 3.317917776995425207e-21 4.027430791101921736e-22
4.662000000000000000e+03 6.661957643098395096e-20 7.452466619272243554e-20 4.629816766790434685e-22 5.792040697226217147e-19 3.308037779110425025e-21 4.012257949952433705e-22
4.672000000000000000e+03 6.660471753454671108e-20 7.441682336123015385e-20 4.613716331936042934e-22 5.787455663630147322e-19 3.302200896819490399e-21 3.999267174920168954e-22
4.682000000000000000e+03 6.658978857876855503e-20 7.430563086874545919e-20 4.598991688010945537e-22 5.783643885822526955e-19 3.301206278473788308e-21 3.988014418837080170e-22
4.692000000000000000e+03 6.657084472847112982e-20 7.418679178663013456e-20 4.585623339076723030e-22 5.780373767552562266e-19 3.305697125371629985e-21 3.978567090313677368e-22
4.702000000000000000e+03 6.654382628883797358e-20 7.405988303839792530e-20 4.573334822688319663e-22 5.777036236521734407e-19 3.316215673131286390e-21 3.970778218519128578e-22
4.712000000000000000e+03 6.651336939197797787e-20 7.392634628014059949e-20 4.562473398821035935e-22 5.774206240277856041e-19 3.332862551295195059e-21 3.964903678687192443e-22
4.722000000000000000e+03 6.647788696451655709e-20 7.378535693345332992e-20 4.553195555069441482e-22 5.772110594817293819e-19 3.355417189643071193e-21 3.961002905432586508e-22
4.732000000000000000e+03 6.643721770966154626e-20 7.363889196152999233e-20 4.545305217050349995e-22 5.770062879346548324e-19 3.382928136929096959e-21 3.958767300623715203e-22
4.742000000000000000e+03 6.638736031051938470e-20 7.348643190871000964e-20 4.538466092990525433e-22 5.767798885521485682e-19 3.414190033876989665e-21 3.957750721738306744e-22
4.752000000000000000e+03 6.632954199367014810e-20 7.333061327694912239e-20 4.532603744895879300e-22 5.764649276504067191e-19 3.447251014860458879e-21 3.957619505455559850e-22
4.762000000000000000e+03 6.626587151609912460e-20 7.317247187713355177e-20 4.527728191680763370e-22 5.761445907726589686e-19 3.479497081413646807e-21 3.958038863941380760e-22
4.772000000000000000e+03 6.619547487802650519e-20 7.301323538643100623e-20 4.523530040760671550e-22 5.757462009999593757e-19 3.507446544880456369e-21 3.958341804741303287e-22
4.782000000000000000e+03 6.611867048972276726e-20 7.285411256907042395e-20 4.519668665774470146e-22 5.752812281974638795e-19 3.527383554843021989e-21 3.957830927816834995e-22
4.792000000000000000e+03 6.603461685913377191e-20 7.269588902409978117e-20 4.515837805911516878e-22 5.747241234013223209e-19 3.537230042982994045e-21 3.956048187852805574e-22
4.802000000000000000e+03 6.594513367368884661e-20 7.253950407680501481e-20 4.511761322163001595e-22 5.740889755978196913e-19 3.539089000505729544e-21 3.953069949850203858e-22
4.812000000000000000e+03 6.585117861865408925e-20 7.238509121589017461e-20 4.507161308492089273e-22 5.733955956553860991e-19 3.538993575336431105e-21 3.949443403640695916e-22
4.822000000000000000e+03 6.575132792812198561e-20 7.223326312047694513e-20 4.501556900190135580e-22 5.726116932907566523e-19 3.542766827920894852e-21 3.945523138518824990e-22
4.832000000000000000e+03 6.564784950679976681e-20 7.208387020635516640e-20 4.494881833371068635e-22 5.717768839079658656e-19 3.552886332750470789e-21 3.941557202843757487e-22
4.842000000000000000e+03 6.554087913835716922e-20 7.193649004930917899e-20 4.486716687911105765e-22 5.708981972313524973e-19 3.568724975535120384e-21 3.937125902204045805e-22
4.852000000000000000e+03 6.543150523761526776e-20 7.179043752640465420e-20 4.473411454004072750e-22 5.699797056865765408e-19 3.588423335320492227e-21 3.929162900831927198e-22
4.862000000000000000e+03 6.531966087189776451e-20 7.164654077518651487e-20 4.460535180655929448e-22 5.690227138574828826e-19 3.609433480899930466e-21 3.921631109736355458e-22
4.872000000000000000e+03 6.520697495703489027e-20 7.150477031906692184e-20 4.446324493145247125e-22 5.680505679608119513e-19 3.629494409122811341e-21 3.912898309848320741e-22
4.882000000000000000e+03 6.509319578910757850e-20 7.136397230709238966e-20 4.430930009326330961e-22 5.670670986683600455e-19 3.646749493894999885e-21 3.902868411655210255e-22
4.892000000000000000e+03 6.497903621794352222e-20 7.122408422121091857e-20 4.413859836455308484e-22 5.660752918240321640e-19 3.659993559919309373e-21 3.891033030991272992e-22
4.902000000000000000e+03 6.486502868693868081e-20 7.108538888749285327e-20 4.395302163947894669e-22 5.650755092072977168e-19 3.668434196370146245e-21 3.877462577778165477e-22
4.912000000000000000e+03 6.475083926848778601e-20 7.094716399188687028e-20 4.374872562965933721e-22 5.640628472640667351e-19 3.671967798847292702e-21 3.861859623233256032e-22
4.922000000000000000e+03 6.463696416687108132e-20 7.080989223903068309e-20 4.353059783685708508e-22 5.630399452797861738e-19 3.670599328534101724e-21 3.844617190527524638e-22
4.932000000000000000e+03 6.452345463794717345e-20 7.067357671187609003e-20 4.329806007278724248e-22 5.620070447141745656e-19 3.664551734264937127e-21 3.825724323254233750e-22
4.942000000000000000e+03 6.441049699490806957e-20 7.053858286227531542e-20 4.305303081785012377e-22 5.609686423690601073e-19 3.654128272884636106e-21 3.805371074177315113e-22
4.952000000000000000e+03 6.429813670318024554e-20 7.040490482483254701e-20 4.279734235526874317e-22 5.599286900583725574e-19 3.640190391760830903e-21 3.783798818780802440e-22
4.962000000000000000e+03 6.418660779167174907e-20 7.027314799602763610e-20 4.253327360997457845e-22 5.588920603323080617e-19 3.623811718058119640e-21 3.761304570753383876e-22
4.972000000000000000e+03 6.407600270828401293e-20 7.014335488490753264e-20 4.226287831524674006e-22 5.578621920898220313e-19 3.606029630842724693e-21 3.738161907594399754e-22
4.982000000000000000e+03 6.396639719445386456e-20 7.001574075339596028e-20 4.198859930026863595e-22 5.568422713332712666e-19 3.587655427574625607e-21 3.714649572802070884e-22
4.992000000000000000e+03 6.385793170282058030e-20 6.989115558591054397e-20 4.171309041027717614e-22 5.558316402288707280e-19 3.569049468457728669e-21 3.691014209943802274e-22
5.002000000000000000e+03 6.375064780549819870e-20 6.977014251780478614e-20 4.143918593920131546e-22 5.548321299128478967e-19 3.549836257126615946e-21 3.667437913505239008e-22
