# els,n0s['EB'],n0s[q'EE'],n0s['TT'],n0s['TB'],n0s['TE'], mv
2.000000000000000000e+00 1.117788431379510159e-08 7.247766285874163623e-09 7.220615917069037962e-09 9.809951504974723683e-08 7.915996090538787522e-09 1.990253834977372940e-09
1.200000000000000000e+01 8.623470540857794815e-12 5.611402890919467466e-12 5.577244123782431064e-12 7.567134804541176157e-11 6.128503012008378966e-12 1.538797241081915899e-12
2.200000000000000000e+01 7.631183376696801015e-13 5.008159666478798871e-13 4.949289039085715389e-13 6.694240832877420738e-12 5.469291541447807010e-13 1.368846892057278317e-13
3.200000000000000000e+01 1.704406834383485361e-13 1.133556137992233791e-13 1.110071313935580268e-13 1.494131566168001674e-12 1.237907192349816694e-13 3.082157597076197665e-14
4.200000000000000000e+01 5.742935833691788882e-14 3.888882743849314487e-14 3.760834246593315738e-14 5.029269081741316517e-13 4.247467167113566396e-14 1.049883410856413066e-14
5.200000000000000000e+01 2.444392653636652345e-14 1.693158893378835271e-14 1.611355579522338159e-14 2.138223771586521324e-13 1.850060572665042073e-14 4.529810803905611681e-15
6.200000000000000000e+01 1.209966637962912524e-14 8.612905909051454430e-15 8.037630951717164255e-15 1.057511125653239583e-13 9.418973242395926270e-15 2.278987450518074979e-15
7.200000000000000000e+01 6.656714765453563445e-15 4.892321986454613188e-15 4.460565960947785376e-15 5.816624079363544629e-14 5.357699675156626289e-15 1.277706525118216372e-15
8.200000000000000000e+01 3.959672616483323787e-15 3.018896445699979609e-15 2.679093270063485669e-15 3.462052370504218954e-14 3.313035783567615813e-15 7.765324512785331687e-16
9.200000000000000000e+01 2.501147171256450064e-15 1.987682115368852427e-15 1.710294924017410565e-15 2.190061091983584805e-14 2.187783118522762951e-15 5.024231626591883933e-16
1.020000000000000000e+02 1.656887272519878987e-15 1.379214920932625957e-15 1.146064878487294960e-15 1.454041771547544502e-14 1.524025480020802323e-15 3.417549386119886662e-16
1.120000000000000000e+02 1.140858823905089047e-15 9.996221390718361885e-16 7.988799894184442252e-16 1.003933058693942762e-14 1.110145446942895912e-15 2.421862118386446930e-16
1.220000000000000000e+02 8.110902845942441472e-16 7.517620752391993239e-16 5.753837071431406421e-16 7.158670221043158880e-15 8.401317438088125268e-16 1.775862251956331231e-16
1.320000000000000000e+02 5.923893471188132076e-16 5.836605453431534116e-16 4.259740551555688009e-16 5.243861628284108097e-15 6.572804268639110072e-16 1.340287778498177591e-16
1.420000000000000000e+02 4.427304884220232970e-16 4.659522175619408686e-16 3.228361056608926260e-16 3.929846161724395951e-15 5.295675262426601387e-16 1.036785516623308209e-16
1.520000000000000000e+02 3.375350904392229656e-16 3.812635232187512508e-16 2.496464073626013153e-16 3.003472533232174750e-15 4.380603782208528060e-16 8.192077012136028929e-17
1.620000000000000000e+02 2.618595542654966011e-16 3.189008064768612777e-16 1.964457874540780021e-16 2.335236671844702185e-15 3.711200284367308098e-16 6.592895075207353324e-17
1.720000000000000000e+02 2.063080081484351913e-16 2.720506897212474470e-16 1.569500463806895093e-16 1.843659942872873325e-15 3.213462610701815904e-16 5.391222548174282609e-17
1.820000000000000000e+02 1.647967768290163603e-16 2.362364286815296058e-16 1.270755703199244580e-16 1.475867745630590825e-15 2.838933927965917271e-16 4.470177387097721143e-17
1.920000000000000000e+02 1.332835571736870394e-16 2.084328302536903455e-16 1.040991693620114245e-16 1.196590866393717664e-15 2.555042166509387922e-16 3.751462391799442963e-17
2.020000000000000000e+02 1.090200698922437024e-16 1.865403511335943347e-16 8.616250714729906505e-17 9.817222981225211880e-16 2.339351620599047012e-16 3.181402663119750377e-17
2.120000000000000000e+02 9.009913993017501902e-17 1.690629069193430786e-16 7.197112072382780087e-17 8.144260170610060355e-16 2.176019081485228978e-16 2.722443238676332658e-17
2.220000000000000000e+02 7.517275257863926990e-17 1.549045217117276706e-16 6.060641334854432695e-17 6.827198169135434597e-16 2.053524419207277306e-16 2.347826109411246018e-17
2.320000000000000000e+02 6.327223739340427737e-17 1.432382372688648476e-16 5.140549131653612610e-17 5.779345949471705439e-16 1.963147892075944759e-16 2.038177921879978561e-17
2.420000000000000000e+02 5.369105337917748409e-17 1.334205107969720850e-16 4.388262377708962502e-17 4.937082941985027274e-16 1.897888606841260681e-16 1.779272676928575530e-17
2.520000000000000000e+02 4.590684155724814469e-17 1.249353058064714579e-16 3.767679462549882453e-17 4.253143571961151569e-16 1.851643455717441154e-16 1.560531441242712835e-17
2.620000000000000000e+02 3.952864434952906402e-17 1.173598228474465187e-16 3.251622489668612714e-17 3.692044746806241375e-16 1.818557852110855264e-16 1.374000443211171152e-17
2.720000000000000000e+02 3.426056704708086438e-17 1.103462492313221682e-16 2.819377139464444544e-17 3.226919464787363511e-16 1.792532060236236364e-16 1.213637644744729088e-17
2.820000000000000000e+02 2.987637106087432479e-17 1.036160030407568540e-16 2.454976984092806059e-17 2.837291164708930726e-16 1.766949869391694290e-16 1.074808566357230163e-17
2.920000000000000000e+02 2.620145682869974939e-17 9.696241259817722672e-17 2.145982017576267772e-17 2.507489227679672525e-16 1.734768247895774331e-16 9.539225257594499189e-18
3.020000000000000000e+02 2.309991750208690820e-17 9.025816029964436255e-17 1.882598977483914818e-17 2.225507043553013137e-16 1.689175461964074669e-16 8.481692857338584073e-18
3.120000000000000000e+02 2.046512850059474235e-17 8.345721644780663788e-17 1.657044727687583902e-17 1.982164238060923712e-16 1.624695205219745862e-16 7.553201717061158647e-18
3.220000000000000000e+02 1.821283043449964376e-17 7.659038945786548163e-17 1.463074467854368459e-17 1.770475398513519437e-16 1.538616505140165625e-16 6.735840025708788674e-18
3.320000000000000000e+02 1.627599228531952586e-17 6.974901052381356854e-17 1.295635549491414520e-17 1.585155878041285744e-16 1.432008203429547542e-16 6.014992954642645277e-18
3.420000000000000000e+02 1.460096127815312568e-17 6.305958144141752721e-17 1.150603472809288107e-17 1.422221837283262418e-16 1.309675834010575622e-16 5.378532996682795588e-18
3.520000000000000000e+02 1.314454971689636849e-17 5.665556249625153306e-17 1.024588380139576724e-17 1.278654255686673987e-16 1.178899148117660233e-16 4.816235133094739628e-18
3.620000000000000000e+02 1.187181048667378404e-17 5.065328662936160166e-17 9.147829368015557348e-18 1.152112809378077727e-16 1.047501425771392075e-16 4.319337459982260319e-18
3.720000000000000000e+02 1.075432521370978704e-17 4.513688990029382180e-17 8.188459583999508215e-18 1.040696749000003232e-16 9.221288305380568255e-17 3.880222482008964868e-18
3.820000000000000000e+02 9.768872927436832784e-18 4.015307933342716897e-17 7.348156685512144650e-18 9.427553961681951982e-17 8.073251199766784483e-17 3.492193387270128709e-18
3.920000000000000000e+02 8.896389480907011174e-18 3.571396935781680888e-17 6.610375095253449541e-18 8.567579879149578310e-17 7.054423678093441111e-17 3.149307193681708694e-18
4.020000000000000000e+02 8.121148126018765780e-18 3.180452255285081441e-17 5.961110422039761088e-18 7.812269006809816784e-17 6.170693510442247257e-17 2.846267184629472830e-18
4.120000000000000000e+02 7.430104824169316141e-18 2.839052025404231566e-17 5.388449156875214340e-18 7.147303985167421943e-17 5.416240340258056683e-17 2.578335883520257064e-18
4.220000000000000000e+02 6.812378955297400586e-18 2.542707843473695316e-17 4.882225001455940865e-18 6.559198512143408927e-17 4.778867273997750332e-17 2.341286411265057400e-18
4.320000000000000000e+02 6.258834989590392585e-18 2.286507125638564947e-17 4.433745241926380348e-18 6.035841926123972201e-17 4.243846457889386274e-17 2.131363822541003441e-18
4.420000000000000000e+02 5.761749365861019738e-18 2.065517184956315828e-17 4.035540309467370124e-18 5.566936495943402733e-17 3.796275380839213304e-17 1.945239458295222186e-18
4.520000000000000000e+02 5.314541678172322303e-18 1.875061985307649497e-17 3.681181890777709116e-18 5.144154948986839267e-17 3.422351118396698124e-17 1.779974969475348940e-18
4.620000000000000000e+02 4.911562487050829689e-18 1.710871093172821297e-17 3.365132219400044233e-18 4.761023803825955309e-17 3.109912025016093933e-17 1.632985699982632644e-18
4.720000000000000000e+02 4.547924105902701555e-18 1.569136894610065116e-17 3.082605398077046824e-18 4.412616093695215105e-17 2.848556754034859450e-17 1.502000946009810057e-18
4.820000000000000000e+02 4.219365990506303693e-18 1.446517053175190299e-17 2.829460599710680544e-18 4.095169380428780074e-17 2.629531569542619450e-17 1.385028391245934334e-18
4.920000000000000000e+02 3.922148676409819118e-18 1.340127203563442278e-17 2.602115947387215529e-18 3.805725819761994950e-17 2.445545630007282190e-17 1.280325196621004275e-18
5.020000000000000000e+02 3.652969917590314857e-18 1.247464656714405568e-17 2.397458499991663796e-18 3.541840888719807329e-17 2.290519033099008519e-17 1.186362126557855363e-18
5.120000000000000000e+02 3.408898573819035841e-18 1.166377517129558750e-17 2.212790371662019208e-18 3.301375740808333929e-17 2.159368115564522192e-17 1.101802404632794328e-18
5.220000000000000000e+02 3.187321632983296644e-18 1.095014972025648026e-17 2.045763483487179532e-18 3.082365577334763113e-17 2.047803179323951797e-17 1.025476431820580986e-18
5.320000000000000000e+02 2.985901683812913704e-18 1.031782790180206537e-17 1.894336511918137038e-18 2.882949325412033722e-17 1.952155905134270635e-17 9.563628248720783634e-19
5.420000000000000000e+02 2.802542498414486232e-18 9.753053507854832579e-18 1.756732083370752672e-18 2.701343888843426728e-17 1.869240624832966372e-17 8.935704988645854904e-19
5.520000000000000000e+02 2.635360488336223784e-18 9.243944882779281739e-18 1.631402369777481613e-18 2.535846352994614721e-17 1.796244156253194065e-17 8.363235376356619065e-19
5.620000000000000000e+02 2.482660806374683288e-18 8.780251246244523380e-18 1.516997290878928390e-18 2.384851501406375777e-17 1.730650858709383004e-17 7.839474996038739043e-19
5.720000000000000000e+02 2.342917488865459047e-18 8.353171513056985751e-18 1.412339557892066653e-18 2.246875886941497192e-17 1.670196650443878894e-17 7.358580553393630294e-19
5.820000000000000000e+02 2.214756786376512080e-18 7.955229679872526922e-18 1.316401122009337223e-18 2.120581372917437012e-17 1.612856208349229469e-17 6.915505539178475949e-19
5.920000000000000000e+02 2.096943391066891642e-18 7.580203886733591982e-18 1.228282594747438559e-18 2.004792645559877868e-17 1.556857095694643931e-17 6.505907847760210003e-19
6.020000000000000000e+02 1.988368694084797547e-18 7.223023443507038307e-18 1.147197934343011489e-18 1.898505024211497859e-17 1.500713294816623805e-17 6.126068951639704971e-19
6.120000000000000000e+02 1.888040697789588838e-18 6.879754771319668077e-18 1.072456454118595324e-18 1.800879119831295919e-17 1.443275239828439356e-17 5.772813138297641810e-19
6.220000000000000000e+02 1.795075327356913251e-18 6.547568400572479656e-18 1.003456038376858534e-18 1.711220404818985650e-17 1.383779029162567951e-17 5.443457515282215308e-19
6.320000000000000000e+02 1.708688606616421454e-18 6.224640988537864917e-18 9.396659729852043980e-19 1.628943782373378132e-17 1.321874851373395494e-17 5.135728233405594825e-19
6.420000000000000000e+02 1.628189161990783550e-18 5.910048556679779642e-18 8.806164337073525624e-19 1.553527624036895948e-17 1.257628456492384772e-17 4.847697115212177387e-19
6.520000000000000000e+02 1.552971281587304817e-18 5.603628929437421705e-18 8.258929912323551340e-19 1.484464793002707939e-17 1.191481952739203598e-17 4.577734336042390664e-19
6.620000000000000000e+02 1.482508007390596071e-18 5.305808775427990538e-18 7.751288747663302733e-19 1.421219537107220406e-17 1.124177220040148591e-17 4.324456359880926373e-19
6.720000000000000000e+02 1.416343981210929467e-18 5.017423263870202896e-18 7.279952144375450780e-19 1.363199914958305610e-17 1.056652563180010424e-17 4.086671158084297721e-19
6.820000000000000000e+02 1.354088308014101447e-18 4.739495792785506160e-18 6.842005775615616059e-19 1.309752216111647353e-17 9.899223328265415957e-18 3.863352841142430432e-19
6.920000000000000000e+02 1.295407514780866613e-18 4.473212023927990641e-18 6.434792300031816727e-19 1.260178420223450823e-17 9.249675950565279823e-18 3.653597577889961540e-19
7.020000000000000000e+02 1.240018708070613311e-18 4.219592992014538065e-18 6.055953554845932062e-19 1.213771980779851091e-17 8.626496191428398391e-18 3.456611704431718869e-19
7.120000000000000000e+02 1.187682760743373977e-18 3.979487638625146587e-18 5.703320409339056452e-19 1.169863592580089848e-17 8.036527605090131578e-18 3.271672349823350901e-19
7.220000000000000000e+02 1.138197624897476820e-18 3.753501907581477399e-18 5.374926632326474685e-19 1.127866895006281019e-17 7.484596191331440851e-18 3.098122700477924193e-19
7.320000000000000000e+02 1.091392238693010660e-18 3.541968749301244450e-18 5.068957868968720140e-19 1.087315639971648161e-17 6.973529957516222488e-18 2.935348221745051306e-19
7.420000000000000000e+02 1.047120538728552605e-18 3.344948330843941746e-18 4.783764589884843316e-19 1.047885260696539553e-17 6.504380784332576666e-18 2.782775278728465836e-19
7.520000000000000000e+02 1.005256139213453316e-18 3.162249885849001932e-18 4.517817525213527837e-19 1.009397104709860512e-17 6.076743656185864711e-18 2.639852181129483028e-19
7.620000000000000000e+02 9.656874768185801708e-19 2.993465802920830183e-18 4.269693801017629487e-19 9.718053530575707402e-18 5.689107159040467233e-18 2.506041602194830096e-19
7.720000000000000000e+02 9.283134764490195689e-19 2.838012498014387317e-18 4.038088625595618080e-19 9.351697719954483713e-18 5.339191388332669351e-18 2.380823435018266505e-19
7.820000000000000000e+02 8.930398986121115937e-19 2.695170839187265932e-18 3.821774246039895730e-19 8.996204273844466965e-18 5.024222455150941414e-18 2.263680628431639753e-19
7.920000000000000000e+02 8.597762459394410283e-19 2.564132103359545493e-18 3.619623030720352372e-19 8.653209635751728510e-18 4.741170921524802155e-18 2.154109347153154491e-19
8.020000000000000000e+02 8.284334072450787685e-19 2.444016457744970959e-18 3.430576359205192998e-19 8.324347535230118568e-18 4.486906500709944277e-18 2.051609260272132958e-19
8.120000000000000000e+02 7.989218206036202403e-19 2.333911634434859498e-18 3.253658585935745335e-19 8.010989217732570104e-18 4.258319630771933227e-18 1.955692483875054834e-19
8.220000000000000000e+02 7.711504811488734639e-19 2.232903624220126100e-18 3.087968443755581234e-19 7.714070012840808616e-18 4.052411942443871365e-18 1.865885361197206024e-19
8.320000000000000000e+02 7.450264451759246415e-19 2.140085454062449365e-18 2.932653808211431084e-19 7.434000355409755198e-18 3.866328539161783934e-18 1.781722429334270186e-19
8.420000000000000000e+02 7.204548981977295134e-19 2.054572446402530379e-18 2.786936130109447713e-19 7.170658758324152348e-18 3.697391983421282384e-18 1.702759753357151857e-19
8.520000000000000000e+02 6.973395014827344774e-19 1.975513703599034609e-18 2.650101892228947224e-19 6.923440289759217933e-18 3.543111081785853913e-18 1.628575984835303607e-19
8.620000000000000000e+02 6.755829553023550508e-19 1.902100563974471443e-18 2.521469697809775795e-19 6.691348410647145244e-18 3.401189430057130205e-18 1.558763799151285459e-19
8.720000000000000000e+02 6.550877269562783509e-19 1.833572511772789467e-18 2.400438458104145958e-19 6.473110648081556508e-18 3.269528641093932182e-18 1.492951371217767747e-19
8.820000000000000000e+02 6.357567611637282698e-19 1.769232714481769228e-18 2.286435635381812476e-19 6.267306321140055938e-18 3.146229612575108948e-18 1.430786276063971239e-19
8.920000000000000000e+02 6.174944121838106445e-19 1.708439987417373333e-18 2.178951250241117603e-19 6.072492419294556305e-18 3.029602668667711369e-18 1.371950204301124991e-19
9.020000000000000000e+02 6.002073008494326833e-19 1.650620414314909457e-18 2.077507840858025323e-19 5.887326217272506202e-18 2.918174110736397703e-18 1.316149711675754888e-19
9.120000000000000000e+02 5.838052174779887826e-19 1.595271506916198882e-18 1.981681236773581903e-19 5.710667804513689668e-18 2.810696130003412462e-18 1.263125853063218029e-19
9.220000000000000000e+02 5.682020542719719325e-19 1.541965983859184230e-18 1.891068192008762259e-19 5.541656909913944827e-18 2.706151619947748247e-18 1.212642052758900014e-19
9.320000000000000000e+02 5.533166450496678191e-19 1.490354015967788970e-18 1.805317631384619593e-19 5.379756727066861682e-18 2.603759360724807687e-18 1.164497027414508494e-19
9.420000000000000000e+02 5.390735763123836895e-19 1.440163454453158848e-18 1.724108073477348185e-19 5.224751310837756928e-18 2.502971300196634827e-18 1.118515404316324639e-19
9.520000000000000000e+02 5.254040100580952606e-19 1.391198294284927750e-18 1.647141923748213443e-19 5.076695612299892682e-18 2.403464295765034798e-18 1.074544492893082297e-19
9.620000000000000000e+02 5.122463964731782049e-19 1.343333533813273377e-18 1.574151254162502599e-19 4.935821132036868314e-18 2.305123078893653366e-18 1.032455354855577356e-19
9.720000000000000000e+02 4.995470281962919208e-19 1.296508670328314719e-18 1.504892315701316940e-19 4.802403844808576956e-18 2.208016366924558812e-18 9.921389150666527283e-20
9.820000000000000000e+02 4.872603771038943336e-19 1.250722754469018827e-18 1.439146467354300384e-19 4.676614900383040685e-18 2.112361915171939595e-18 9.535047071969324724e-20
9.920000000000000000e+02 4.753491772406487524e-19 1.206011751116095681e-18 1.376703921399869614e-19 4.558386475302078534e-18 2.018487389533244822e-18 9.164711414926721988e-20
1.002000000000000000e+03 4.637842900331492079e-19 1.162444330205373565e-18 1.317384599975796986e-19 4.447325919172940945e-18 1.926791205381556562e-18 8.809733959627951395e-20
1.012000000000000000e+03 4.525443599815151927e-19 1.120115665351719802e-18 1.261022295203270606e-19 4.342700192138672198e-18 1.837703947412086344e-18 8.469555011490317457e-20
1.022000000000000000e+03 4.416151879755553638e-19 1.079129985554806941e-18 1.207454536892888002e-19 4.243502759408161998e-18 1.751643308984168787e-18 8.143641141130377415e-20
1.032000000000000000e+03 4.309886415401404649e-19 1.039590642010813975e-18 1.156534897708904875e-19 4.148576151628166953e-18 1.668984950347407262e-18 7.831531143533193864e-20
1.042000000000000000e+03 4.206616564624457136e-19 1.001592242615297478e-18 1.108127696490242294e-19 4.056768986123433982e-18 1.590037070568031887e-18 7.532805663256422513e-20
1.052000000000000000e+03 4.106349756595438134e-19 9.652131399677634428e-19 1.062102411762217691e-19 3.967073856589520001e-18 1.515031684397485618e-18 7.247055019526979104e-20
1.062000000000000000e+03 4.009120894483326146e-19 9.305094883725338065e-19 1.018337462244035059e-19 3.878733278655244076e-18 1.444112712291691667e-18 6.973888403389251440e-20
1.072000000000000000e+03 3.914979895041463958e-19 8.975240696553654811e-19 9.767161350449489459e-20 3.791286645905504803e-18 1.377338147544561580e-18 6.712915127946933109e-20
1.082000000000000000e+03 3.823981130464002207e-19 8.662684132446363141e-19 9.371259283779125822e-20 3.704567562582092050e-18 1.314689306989722165e-18 6.463727271318002196e-20
1.092000000000000000e+03 3.736174539171272886e-19 8.367319835689250411e-19 8.994656128554097473e-20 3.618663019377552515e-18 1.256080036193027062e-18 6.225934630071138913e-20
1.102000000000000000e+03 3.651598078929568487e-19 8.088828276683269744e-19 8.636313121883468567e-20 3.533848175782531955e-18 1.201367403489167090e-18 5.999096208530707452e-20
1.112000000000000000e+03 3.570271605246902392e-19 7.826695513524967836e-19 8.295240349279757518e-20 3.450511370533622364e-18 1.150362939742271785e-18 5.782755335025238878e-20
1.122000000000000000e+03 3.492192703852130917e-19 7.580238461962106682e-19 7.970494297030915386e-20 3.369082035742406284e-18 1.102845205065615475e-18 5.576440636400830566e-20
1.132000000000000000e+03 3.417334054799121875e-19 7.348632591385142498e-19 7.661228031990157800e-20 3.289969060955607952e-18 1.058569631549587089e-18 5.379693970266481494e-20
1.142000000000000000e+03 3.345642288021981017e-19 7.130939672025888518e-19 7.366532180957567000e-20 3.213515241009692144e-18 1.017276970743146630e-18 5.191996651111902753e-20
1.152000000000000000e+03 3.277038180770014911e-19 6.926136124615744388e-19 7.085616477852136087e-20 3.139969222113340444e-18 9.787019676476221513e-19 5.012863896213213565e-20
1.162000000000000000e+03 3.211417768886894997e-19 6.733140230922600030e-19 6.817685671496252755e-20 3.069474314941291889e-18 9.425796832673803843e-19 4.841789318341004329e-20
1.172000000000000000e+03 3.148654341153364129e-19 6.550840534812186290e-19 6.561989081551235469e-20 3.002072421345701249e-18 9.086492511781814375e-19 4.678274772951925883e-20
1.182000000000000000e+03 3.088600808427951204e-19 6.378110722387367816e-19 6.317823139906493118e-20 2.937719560511549321e-18 8.766611887447253455e-19 4.521837655753856922e-20
1.192000000000000000e+03 3.031092454888981525e-19 6.213840981632496284e-19 6.084474924936546686e-20 2.876309267468525070e-18 8.463777195796898736e-19 4.371986750941959662e-20
1.202000000000000000e+03 2.975950356014935699e-19 6.056967283909112069e-19 5.861392048541803653e-20 2.817700864007729993e-18 8.175779075488947605e-19 4.228315458004830301e-20
1.212000000000000000e+03 2.922985382937539693e-19 5.906484691599473221e-19 5.647985102090716983e-20 2.761747189479937724e-18 7.900580621171036520e-19 4.090404030694613944e-20
1.222000000000000000e+03 2.872002876460881277e-19 5.761465516670329611e-19 5.443672839904166765e-20 2.708317680446161208e-18 7.636356382476804955e-19 3.957846009136876059e-20
1.232000000000000000e+03 2.822807576729697456e-19 5.621077815110735582e-19 5.247966821948929191e-20 2.657313871797386960e-18 7.381510057034174389e-19 3.830295640821669087e-20
1.242000000000000000e+03 2.775208551596341392e-19 5.484596766784073985e-19 5.060401061575601621e-20 2.608672811188971836e-18 7.134674340625816553e-19 3.707432721614782729e-20
1.252000000000000000e+03 2.729023837922181674e-19 5.351416003951648457e-19 4.880514174453867831e-20 2.562359214094922517e-18 6.894732435108887721e-19 3.588954131132986358e-20
1.262000000000000000e+03 2.684084734896495651e-19 5.221043237696056597e-19 4.707941170587277502e-20 2.518346978663589049e-18 6.660803136612444137e-19 3.474622563537171964e-20
1.272000000000000000e+03 2.640239095740703735e-19 5.093139404716184147e-19 4.542274873604555667e-20 2.476593211632478954e-18 6.432257385429152987e-19 3.364193491890081301e-20
1.282000000000000000e+03 2.597354062399427488e-19 4.967465840048083981e-19 4.383236512381189268e-20 2.437011323962456889e-18 6.208687002754980512e-19 3.257504263188787562e-20
1.292000000000000000e+03 2.555317985318155290e-19 4.843899237620611957e-19 4.230479672552432929e-20 2.399448318362117952e-18 5.989895687904961133e-19 3.154366972604828485e-20
1.302000000000000000e+03 2.514041603803818201e-19 4.722420241429968945e-19 4.083734784836208138e-20 2.363673157931267937e-18 5.775871828719153362e-19 3.054646123359915371e-20
1.312000000000000000e+03 2.473458663033340758e-19 4.603096951598518671e-19 3.942730743352148596e-20 2.329378459214734298e-18 5.566752272775803237e-19 2.958213796908228250e-20
1.322000000000000000e+03 2.433525438296490570e-19 4.486067514007215716e-19 3.807234738277423823e-20 2.296197717394199117e-18 5.362784996546489719e-19 2.864970250455268342e-20
1.332000000000000000e+03 2.394219652547753594e-19 4.371521167965789621e-19 3.677025132468295184e-20 2.263734752809229713e-18 5.164292539786503799e-19 2.774827299133226282e-20
1.342000000000000000e+03 2.355538423864537537e-19 4.259678290151813554e-19 3.551895988326636816e-20 2.231601452372054242e-18 4.971628506862371064e-19 2.687709016873855212e-20
1.352000000000000000e+03 2.317495690417946492e-19 4.150772512808985888e-19 3.431654128025029600e-20 2.199457015789644518e-18 4.785157264735390191e-19 2.603548884173873839e-20
1.362000000000000000e+03 2.280119254555617846e-19 4.045037618686802580e-19 3.316098331552393902e-20 2.167040833004967354e-18 4.605197554155742787e-19 2.522275482501728936e-20
1.372000000000000000e+03 2.243447243787122741e-19 3.942677528809815524e-19 3.205047170814371843e-20 2.134195111918729106e-18 4.432034937244448142e-19 2.443827234553225320e-20
1.382000000000000000e+03 2.207524101216252651e-19 3.843866399804698252e-19 3.098315011976586129e-20 2.100871319847636103e-18 4.265883926028901546e-19 2.368136820710646423e-20
1.392000000000000000e+03 2.172396608351791733e-19 3.748746136248210251e-19 2.995752716867591208e-20 2.067123282344528337e-18 4.106881318812649040e-19 2.295153865895261783e-20
1.402000000000000000e+03 2.138110161356511150e-19 3.657411960510943601e-19 2.897225377878537544e-20 2.033089315665145982e-18 3.955080080460262640e-19 2.224830733668170029e-20
1.412000000000000000e+03 2.104705250952270232e-19 3.569909037796681773e-19 2.802540407287510334e-20 1.998965532420429650e-18 3.810445221847229679e-19 2.157079064406380038e-20
1.422000000000000000e+03 2.072214773424729963e-19 3.486233131856851298e-19 2.711540032695082372e-20 1.964978384513766041e-18 3.672867687027180445e-19 2.091823915927606539e-20
1.432000000000000000e+03 2.040662013881100897e-19 3.406332988187929317e-19 2.624104935211046307e-20 1.931357505301981454e-18 3.542171794045941211e-19 2.029006339874998433e-20
1.442000000000000000e+03 2.010059387536279509e-19 3.330110050354991690e-19 2.540037006745719522e-20 1.898312504373266330e-18 3.418116072153424454e-19 1.968513309370278390e-20
1.452000000000000000e+03 1.980408117809625634e-19 3.257425751368407933e-19 2.459228333027622884e-20 1.866018248358426945e-18 3.300413035467218354e-19 1.910279546829149699e-20
1.462000000000000000e+03 1.951698304697646502e-19 3.188109866781229838e-19 2.381503253664533220e-20 1.834604536639149688e-18 3.188722002192315883e-19 1.854193232013207110e-20
1.472000000000000000e+03 1.923909630112978168e-19 3.121959480642279528e-19 2.306741868635564279e-20 1.804153803116060723e-18 3.082680875387183438e-19 1.800171597768856756e-20
1.482000000000000000e+03 1.897012096868323552e-19 3.058747975215611136e-19 2.234801493160994729e-20 1.774703079816809611e-18 2.981908194320473040e-19 1.748114385993324848e-20
1.492000000000000000e+03 1.870966870107263612e-19 2.998232896871690134e-19 2.165561240105645389e-20 1.746250489941897885e-18 2.886012447863547849e-19 1.697931880967820811e-20
1.502000000000000000e+03 1.845727097900870666e-19 2.940161324789272669e-19 2.098867345179149726e-20 1.718763803750559870e-18 2.794596692839832806e-19 1.649512136258564537e-20
1.512000000000000000e+03 1.821238964525462487e-19 2.884278996418987183e-19 2.034612629239608403e-20 1.692192374552509217e-18 2.707271360370753474e-19 1.602770896217429187e-20
1.522000000000000000e+03 1.797442882589488518e-19 2.830336106245990000e-19 1.972695941927687163e-20 1.666477991892468281e-18 2.623658643949217911e-19 1.557627616361932371e-20
1.532000000000000000e+03 1.774274979277846496e-19 2.778091204234752667e-19 1.912985970540095755e-20 1.641565264472125169e-18 2.543396785117147982e-19 1.513983407147561312e-20
1.542000000000000000e+03 1.751668902808504747e-19 2.727320729155638547e-19 1.855397664524804507e-20 1.617410451698454912e-18 2.466151427296661142e-19 1.471769578080054127e-20
1.552000000000000000e+03 1.729557711120026403e-19 2.677820103728342688e-19 1.799817902990599562e-20 1.593986060670192370e-18 2.391618361037547292e-19 1.430901562230289207e-20
1.562000000000000000e+03 1.707876131086725928e-19 2.629412107773031774e-19 1.746162996521430432e-20 1.571284356117883334e-18 2.319530484696843678e-19 1.391315598459796735e-20
1.572000000000000000e+03 1.686562451351423878e-19 2.581944428645978582e-19 1.694342279996700679e-20 1.549311639235622134e-18 2.249655276117366536e-19 1.352945714545387703e-20
1.582000000000000000e+03 1.665560495260384529e-19 2.535294091116422195e-19 1.644272687582669419e-20 1.528082539367353568e-18 2.181793645195376265e-19 1.315732980211408577e-20
1.592000000000000000e+03 1.644821271901666497e-19 2.489372599567061821e-19 1.595907232984499007e-20 1.507609487694006919e-18 2.115787266907901342e-19 1.279644191160298999e-20
1.602000000000000000e+03 1.624304078986983799e-19 2.444119631227713848e-19 1.549157248870577305e-20 1.487890283388425471e-18 2.051510398778413183e-19 1.244621498412897954e-20
1.612000000000000000e+03 1.603977548022209691e-19 2.399505213241674850e-19 1.503978990015996931e-20 1.468900020957979033e-18 1.988874611037341166e-19 1.210638096865087423e-20
1.622000000000000000e+03 1.583819837695829773e-19 2.355524047011373355e-19 1.460302864237434228e-20 1.450584217935702143e-18 1.927817612109733813e-19 1.177652054626609643e-20
1.632000000000000000e+03 1.563818556628348527e-19 2.312193709371692173e-19 1.418072356703272487e-20 1.432859949248786752e-18 1.868310145003524780e-19 1.145631539980760200e-20
1.642000000000000000e+03 1.543970155585696551e-19 2.269548637384299125e-19 1.377246557226019691e-20 1.415621179457848649e-18 1.810344358145887153e-19 1.114555998078513315e-20
1.652000000000000000e+03 1.524278998251415988e-19 2.227645029253683976e-19 1.337769764698462191e-20 1.398748505387241219e-18 1.753926873787446101e-19 1.084396175070080908e-20
1.662000000000000000e+03 1.504756276921142240e-19 2.186542599904423956e-19 1.299604948225196271e-20 1.382122176583910926e-18 1.699076129693425195e-19 1.055135459074883109e-20
1.672000000000000000e+03 1.485418630906439176e-19 2.146306227018455246e-19 1.262703176184569927e-20 1.365633061925546343e-18 1.645818488548676034e-19 1.026749732272324311e-20
1.682000000000000000e+03 1.466286809583278607e-19 2.107002079983756453e-19 1.227035843387682103e-20 1.349193823705163213e-18 1.594186449094427440e-19 9.992284450374132640e-21
1.692000000000000000e+03 1.447384040690205906e-19 2.068691647814328233e-19 1.192537394927722140e-20 1.332745079692286752e-18 1.544209153377009310e-19 9.725361613571963100e-21
1.702000000000000000e+03 1.428734632177704495e-19 2.031430998779281868e-19 1.159183302106320764e-20 1.316258010448476143e-18 1.495913114807051270e-19 9.466641679169201280e-21
1.712000000000000000e+03 1.410362586734706034e-19 1.995266813837894625e-19 1.126947829841015619e-20 1.299733951706386695e-18 1.449316127517867969e-19 9.216022227750088779e-21
1.722000000000000000e+03 1.392290310677335829e-19 1.960232602806223921e-19 1.095771836822301574e-20 1.283199504627421372e-18 1.404423799978558853e-19 8.973166495318835944e-21
1.732000000000000000e+03 1.374537572974507659e-19 1.926350724178176777e-19 1.065634314342874724e-20 1.266701473983088864e-18 1.361232380598057971e-19 8.737982386648844939e-21
1.742000000000000000e+03 1.357120535371675911e-19 1.893628229132770880e-19 1.036486992430839156e-20 1.250298212463189633e-18 1.319726646653104359e-19 8.510182724943901364e-21
1.752000000000000000e+03 1.340051330686361928e-19 1.862060112003934571e-19 1.008300728018280080e-20 1.234052989430310875e-18 1.279877105890622041e-19 8.289595669861091647e-21
1.762000000000000000e+03 1.323337596771557941e-19 1.831625156973581933e-19 9.810325229987430417e-21 1.218026649084407318e-18 1.241646681272598243e-19 8.075944639877011365e-21
1.772000000000000000e+03 1.306982460221246786e-19 1.802290128687766218e-19 9.546372808736281885e-21 1.202272426447376767e-18 1.204986306304392213e-19 7.868926113913520901e-21
1.782000000000000000e+03 1.290984961141924770e-19 1.774013434809454774e-19 9.291062975382795180e-21 1.186834042470655741e-18 1.169840135364272093e-19 7.668474951294225706e-21
1.792000000000000000e+03 1.275340147056965103e-19 1.746741150324418156e-19 9.043976626123313926e-21 1.171741707765842298e-18 1.136138906587925586e-19 7.474288841938874489e-21
1.802000000000000000e+03 1.260039444838270232e-19 1.720411143553158452e-19 8.804721166354013331e-21 1.157013264231870184e-18 1.103808106545176260e-19 7.286075657364116504e-21
1.812000000000000000e+03 1.245071200275574945e-19 1.694956194213294025e-19 8.573038851788086006e-21 1.142657014172781232e-18 1.072767403121096977e-19 7.103628966018709882e-21
1.822000000000000000e+03 1.230420894025661256e-19 1.670304143332151897e-19 8.348587105351482960e-21 1.128672885442437767e-18 1.042934565253576220e-19 6.926680088960201934e-21
1.832000000000000000e+03 1.216071451754660324e-19 1.646379875637041110e-19 8.130977648685551933e-21 1.115054400606311809e-18 1.014223933692276603e-19 6.754924403798663310e-21
1.842000000000000000e+03 1.202004128456795706e-19 1.623112568494659113e-19 7.920089681383848596e-21 1.101795059354337972e-18 9.865510773713865393e-20 6.588241552697555569e-21
1.852000000000000000e+03 1.188198557154579168e-19 1.600428059407654029e-19 7.715504849539620008e-21 1.088886408263501575e-18 9.598314017395681901e-20 6.426303934458672034e-21
1.862000000000000000e+03 1.174633857140807541e-19 1.578260833284118441e-19 7.517100544458384255e-21 1.076321913936332625e-18 9.339875888993978015e-20 6.268992495381209063e-21
1.872000000000000000e+03 1.161288862587603400e-19 1.556547552692364833e-19 7.324574383257512797e-21 1.064094814045456431e-18 9.089472545176695231e-20 6.116065619005250499e-21
1.882000000000000000e+03 1.148143095814862084e-19 1.535231634903717779e-19 7.137684555421728156e-21 1.052199014324862182e-18 8.846446693084807901e-20 5.967327290506576406e-21
1.892000000000000000e+03 1.135177284463738105e-19 1.514265886848295119e-19 6.956255417522688203e-21 1.040626652209489698e-18 8.610220796960444568e-20 5.822632470100736444e-21
1.902000000000000000e+03 1.122373942658836641e-19 1.493610852696066015e-19 6.780071268612780339e-21 1.029365642114265227e-18 8.380279599575855700e-20 5.681811916855456117e-21
1.912000000000000000e+03 1.109717967642078463e-19 1.473235937760347854e-19 6.608961712346649792e-21 1.018399801628192586e-18 8.156205457483038998e-20 5.544733728514336237e-21
1.922000000000000000e+03 1.097196987964746099e-19 1.453120197613641753e-19 6.442791650214562001e-21 1.007704992430276514e-18 7.937648197498121108e-20 5.411295190489969715e-21
1.932000000000000000e+03 1.084801567845262084e-19 1.433250891507010658e-19 6.281396938669549943e-21 9.972485241495508377e-19 7.724362360556842000e-20 5.281378968142732968e-21
1.942000000000000000e+03 1.072525264098211275e-19 1.413623485920278174e-19 6.124632262004103308e-21 9.869909825949342809e-19 7.516148388370163259e-20 5.154884023251639917e-21
1.952000000000000000e+03 1.060365041692323677e-19 1.394240458548726228e-19 5.972340277257930697e-21 9.768898076152404268e-19 7.312913058874845066e-20 5.031706612894897396e-21
1.962000000000000000e+03 1.048320301633412615e-19 1.375107520700076950e-19 5.824240298405884344e-21 9.668988570685416264e-19 7.114601073599834232e-20 4.911657054881602471e-21
1.972000000000000000e+03 1.036393520371347788e-19 1.356241818458728887e-19 5.680418616881197467e-21 9.569760423453904478e-19 6.921233003549043635e-20 4.794811428288510732e-21
1.982000000000000000e+03 1.024589312480997803e-19 1.337661000711903189e-19 5.540790107427432640e-21 9.470870492632344943e-19 6.732837598852077216e-20 4.681124887147740801e-21
1.992000000000000000e+03 1.012913616148981473e-19 1.319384689652427923e-19 5.405173217118136867e-21 9.372033909484895120e-19 6.549463853603671552e-20 4.570484650791126357e-21
2.002000000000000000e+03 1.001373699216628227e-19 1.301433734554074303e-19 5.273417322663923460e-21 9.273100414083612416e-19 6.371165429494830889e-20 4.462799961882106969e-21
2.012000000000000000e+03 9.899771049513627920e-20 1.283830791255426390e-19 5.145526412094412475e-21 9.174013907494832973e-19 6.197984278935419021e-20 4.358089943677471996e-21
2.022000000000000000e+03 9.787312911464672201e-20 1.266594594571018885e-19 5.021254888107500577e-21 9.074834572534351761e-19 6.029956927647802584e-20 4.256193693013384067e-21
2.032000000000000000e+03 9.676434121065051196e-20 1.249744995641929762e-19 4.900648125929812739e-21 8.975721528266944891e-19 5.867095903952547807e-20 4.157157444513576571e-21
2.042000000000000000e+03 9.567192812547354829e-20 1.233294822726876647e-19 4.783380759552523204e-21 8.876861477328355641e-19 5.709381323785488263e-20 4.060757613281637131e-21
2.052000000000000000e+03 9.459640258895372279e-20 1.217258885990915124e-19 4.669562169108366946e-21 8.778519683275898925e-19 5.556790082056743969e-20 3.967082875114464229e-21
2.062000000000000000e+03 9.353810527769930127e-20 1.201643878971141716e-19 4.559012918651376580e-21 8.680948743540111506e-19 5.409264439987078726e-20 3.876010466351226571e-21
2.072000000000000000e+03 9.249725867345996235e-20 1.186454131354338591e-19 4.451651770423702116e-21 8.584404650696297538e-19 5.266725049929883782e-20 3.787486247053185128e-21
2.082000000000000000e+03 9.147392118444895927e-20 1.171686758625754030e-19 4.347299002107020782e-21 8.489102046803018843e-19 5.129055843001494605e-20 3.701381229720355928e-21
2.092000000000000000e+03 9.046806844026397826e-20 1.157337490133111855e-19 4.245926447518976559e-21 8.395241927764917225e-19 4.996128032327535657e-20 3.617674650027407634e-21
2.102000000000000000e+03 8.947954887562052121e-20 1.143397482925858153e-19 4.147457533028576298e-21 8.302956586517876328e-19 4.867783490470060008e-20 3.536308046344664658e-21
2.112000000000000000e+03 8.850807318308547096e-20 1.129850079850597924e-19 4.051724714300732854e-21 8.212319477172406626e-19 4.743836034884396636e-20 3.457153820792588025e-21
2.122000000000000000e+03 8.755332069128771010e-20 1.116680173689569039e-19 3.958713593306189631e-21 8.123407750339485135e-19 4.624109438257786245e-20 3.380195974020947796e-21
2.132000000000000000e+03 8.661480206273109305e-20 1.103866327198209483e-19 3.868252867515189464e-21 8.036199374238729928e-19 4.508409393106599072e-20 3.305301944450070463e-21
2.142000000000000000e+03 8.569202170053041953e-20 1.091382104859723950e-19 3.780294930506041219e-21 7.950703537917842809e-19 4.396546457597790287e-20 3.232428842103048916e-21
2.152000000000000000e+03 8.478438594340011451e-20 1.079202472730250591e-19 3.694700203213131367e-21 7.866880911429333523e-19 4.288336047342965695e-20 3.161466519876096009e-21
2.162000000000000000e+03 8.389121432423173594e-20 1.067304048884251998e-19 3.611423388096940780e-21 7.784679055712845292e-19 4.183567804236971119e-20 3.092372096670014881e-21
2.172000000000000000e+03 8.301188674834274797e-20 1.055663697041789620e-19 3.530461458930030858e-21 7.704104136705168188e-19 4.082045017558797708e-20 3.025134569219127347e-21
2.182000000000000000e+03 8.214562755702905658e-20 1.044250178364140111e-19 3.451646570833354905e-21 7.625089797633915697e-19 3.983560261507889412e-20 2.959620264207923244e-21
2.192000000000000000e+03 8.129175955070204761e-20 1.033036230281376962e-19 3.374927737145943235e-21 7.547641216016509769e-19 3.887930842523115358e-20 2.895782924400781988e-21
2.202000000000000000e+03 8.044969767903723042e-20 1.022010775030732632e-19 3.300367295751748987e-21 7.471756474050868531e-19 3.794973039664190810e-20 2.833661029894422273e-21
2.212000000000000000e+03 7.961867458502565659e-20 1.011135078733556546e-19 3.227686790023519559e-21 7.397386650272653429e-19 3.704523066514907883e-20 2.773040464973868552e-21
2.222000000000000000e+03 7.879823065597415890e-20 1.000402714529230382e-19 3.157007493271851536e-21 7.324512324349974299e-19 3.616435001055869550e-20 2.714005459704740522e-21
2.232000000000000000e+03 7.798777550529515978e-20 9.897881420897184583e-20 3.088152682709366907e-21 7.253087780253247851e-19 3.530578607511882272e-20 2.656419453800179107e-21
2.242000000000000000e+03 7.718699306970334458e-20 9.792846223013337873e-20 3.021161009917437278e-21 7.183059985479026720e-19 3.446838109290830921e-20 2.600307336684193141e-21
2.252000000000000000e+03 7.639553824968331442e-20 9.688791209346940959e-20 2.955909156227088404e-21 7.114330550131037878e-19 3.365130074302241573e-20 2.545575269154932721e-21
2.262000000000000000e+03 7.561327533982354621e-20 9.585700557726351738e-20 2.892449766630015768e-21 7.046815708505119964e-19 3.285403059515399230e-20 2.492262514522738135e-21
2.272000000000000000e+03 7.483993452782146336e-20 9.483452447359478645e-20 2.830578903139125647e-21 6.980352892026896783e-19 3.207621935314427551e-20 2.440217762096006220e-21
2.282000000000000000e+03 7.407550560550008869e-20 9.382092896767998604e-20 2.770347897342464535e-21 6.914821766301236830e-19 3.131775645827965868e-20 2.389481846480805402e-21
2.292000000000000000e+03 7.332008339162800641e-20 9.281683771182721652e-20 2.711742947228344689e-21 6.850105449745157723e-19 3.057860384668199865e-20 2.340047854221841224e-21
2.302000000000000000e+03 7.257371091107233440e-20 9.182252324708590268e-20 2.654678755913083976e-21 6.786092266567562915e-19 2.985882050466636601e-20 2.291855808239128305e-21
2.312000000000000000e+03 7.183650835851798347e-20 9.083878624766640940e-20 2.599092715523334183e-21 6.722680279044308227e-19 2.915843180943383911e-20 2.244862629004662357e-21
2.322000000000000000e+03 7.110858032813588056e-20 8.986664154894654517e-20 2.544947574216052193e-21 6.659783706148485910e-19 2.847754275881342739e-20 2.199044574250986949e-21
2.332000000000000000e+03 7.039013940211114970e-20 8.890741369677689926e-20 2.492233458411992293e-21 6.597396196952451912e-19 2.781605872792350118e-20 2.154397406384584745e-21
2.342000000000000000e+03 6.968129865278320943e-20 8.796161439348082693e-20 2.440793071358201627e-21 6.535481986255460871e-19 2.717389085639183949e-20 2.110805968049336330e-21
2.352000000000000000e+03 6.898212883373572352e-20 8.703111077981469967e-20 2.390683185417711444e-21 6.474069271007879628e-19 2.655090252730407711e-20 2.068315416538732619e-21
2.362000000000000000e+03 6.829286700408721130e-20 8.611765699784474076e-20 2.341904269240035955e-21 6.413201956288658988e-19 2.594683398346976747e-20 2.026928122077513078e-21
2.372000000000000000e+03 6.761353172617089947e-20 8.522208431754865146e-20 2.294354404926582072e-21 6.352931952202223540e-19 2.536115893824160677e-20 1.986567258976835141e-21
2.382000000000000000e+03 6.694416211364944699e-20 8.434550254446619313e-20 2.247994717522453147e-21 6.293313460765378697e-19 2.479330131708722269e-20 1.947202821775432963e-21
2.392000000000000000e+03 6.628476246133622984e-20 8.348922415684715002e-20 2.202817892634513969e-21 6.234419203153873365e-19 2.424252921863781090e-20 1.908827426151846550e-21
2.402000000000000000e+03 6.563525741546747113e-20 8.265362785868174522e-20 2.158763776892121164e-21 6.176267452036315472e-19 2.370808130140917072e-20 1.871393050130156107e-21
2.412000000000000000e+03 6.499564120964197534e-20 8.183905878718891091e-20 2.115805781278692117e-21 6.118961010591684971e-19 2.318917181042992325e-20 1.834876645628423359e-21
2.422000000000000000e+03 6.436579571538771967e-20 8.104602496001342537e-20 2.073899477828906531e-21 6.062485151266998387e-19 2.268493969654783170e-20 1.799240993082661628e-21
2.432000000000000000e+03 6.374555987228050086e-20 8.027330130921310579e-20 2.032980234942149668e-21 6.006862234308837955e-19 2.219446069330696237e-20 1.764432218325922443e-21
2.442000000000000000e+03 6.313490716895700743e-20 7.952167940483761749e-20 1.993094032858133835e-21 5.952128693258455086e-19 2.171703905180481196e-20 1.730482166476408797e-21
2.452000000000000000e+03 6.253365563019614638e-20 7.878974409952897150e-20 1.954175740680917153e-21 5.898265273315810629e-19 2.125199023545388956e-20 1.697337760899833929e-21
2.462000000000000000e+03 6.194156654058836101e-20 7.807585447422479131e-20 1.916167641002453912e-21 5.845259041655359446e-19 2.079868860366713175e-20 1.664951616900396420e-21
2.472000000000000000e+03 6.135841435056527728e-20 7.737849304720057795e-20 1.879044834977268052e-21 5.793099833448382576e-19 2.035658515505728360e-20 1.633301596941015113e-21
2.482000000000000000e+03 6.078418006494235795e-20 7.669780832109772171e-20 1.842849252539775443e-21 5.741812343347547892e-19 1.992516465319826641e-20 1.602417175889205015e-21
2.492000000000000000e+03 6.021848624230797539e-20 7.602999692010738353e-20 1.807483816678690447e-21 5.691348208253171054e-19 1.950387674247504061e-20 1.572220474290088920e-21
2.502000000000000000e+03 5.966117526810279115e-20 7.537398583233679345e-20 1.772970762202494544e-21 5.641716116788055062e-19 1.909220910913263004e-20 1.542725428511288106e-21
2.512000000000000000e+03 5.911201711266014638e-20 7.472811289881278647e-20 1.739280916501562850e-21 5.592886682223959561e-19 1.868980526751555453e-20 1.513907769457938261e-21
2.522000000000000000e+03 5.857073105506356380e-20 7.409045376871252761e-20 1.706383341213070923e-21 5.544825322521825123e-19 1.829620486442255709e-20 1.485741035783722361e-21
2.532000000000000000e+03 5.803716815349133953e-20 7.345896875289853448e-20 1.674260687794781557e-21 5.497544090498459041e-19 1.791120116690148247e-20 1.458210790916313762e-21
2.542000000000000000e+03 5.751093084242579582e-20 7.283137069631233963e-20 1.642810949257908242e-21 5.450955853040400875e-19 1.753456345699679822e-20 1.431237878293932127e-21
2.552000000000000000e+03 5.699207203985450369e-20 7.220842273732836242e-20 1.612161912988566363e-21 5.405098397748330175e-19 1.716624784506313651e-20 1.404920307234277556e-21
2.562000000000000000e+03 5.648041071186605359e-20 7.158813940135072544e-20 1.582267582400010549e-21 5.359938349172980179e-19 1.680615692019786919e-20 1.379222650226812857e-21
2.572000000000000000e+03 5.597550000277938290e-20 7.096904125670407132e-20 1.553071975566341352e-21 5.315370935389255582e-19 1.645430394304785889e-20 1.354102594250365890e-21
2.582000000000000000e+03 5.547741089770661624e-20 7.035090290326493134e-20 1.524581755816015469e-21 5.271403824721318080e-19 1.611080500737472462e-20 1.329566968364601576e-21
2.592000000000000000e+03 5.498622807428299221e-20 6.973413487954654961e-20 1.496783327880513085e-21 5.228016837208815874e-19 1.577573231415469044e-20 1.305607124225202046e-21
2.602000000000000000e+03 5.450142495913823908e-20 6.911749776870095706e-20 1.469615952919443185e-21 5.185079642787717156e-19 1.544924412473895802e-20 1.282178122637572262e-21
2.612000000000000000e+03 5.402317482331580940e-20 6.850244487633593038e-20 1.443117669800409624e-21 5.142590874725949715e-19 1.513142151563309729e-20 1.259311079304148454e-21
2.622000000000000000e+03 5.355119635107620794e-20 6.788832243215967035e-20 1.417190709123944548e-21 5.100545746893996679e-19 1.482240896879448881e-20 1.236933162946020992e-21
2.632000000000000000e+03 5.308588698372013198e-20 6.727829967285692827e-20 1.391927490321696858e-21 5.058962625094778819e-19 1.452226792386287154e-20 1.215117444918897664e-21
2.642000000000000000e+03 5.262683978818181159e-20 6.667230423067164646e-20 1.367237392615305750e-21 5.017748494777353016e-19 1.423093022136259851e-20 1.193795048513644055e-21
2.652000000000000000e+03 5.217411823733112576e-20 6.607223339450744509e-20 1.343123447683946114e-21 4.976975650667662753e-19 1.394826444471016264e-20 1.172968926980006595e-21
2.662000000000000000e+03 5.172759454601841272e-20 6.547959347554704167e-20 1.319552280162733083e-21 4.936596122733774942e-19 1.367397592883981596e-20 1.152612749163021095e-21
2.672000000000000000e+03 5.128719988096723071e-20 6.489616212558329413e-20 1.296512972715702462e-21 4.896603322699605412e-19 1.340764405396201076e-20 1.132716452246618818e-21
2.682000000000000000e+03 5.085305978383139470e-20 6.432379500136068102e-20 1.273995177867088154e-21 4.857082357429566898e-19 1.314878526018248942e-20 1.113270018943256752e-21
2.692000000000000000e+03 5.042527346291938612e-20 6.376481385807480941e-20 1.251989922919726790e-21 4.818048354267031707e-19 1.289683303264041098e-20 1.094263856525694397e-21
2.702000000000000000e+03 5.000362220128446454e-20 6.322041127928238052e-20 1.230489984266810172e-21 4.779518482759252026e-19 1.265129710130828391e-20 1.075689660395514286e-21
2.712000000000000000e+03 4.958796985634934010e-20 6.269159292872499395e-20 1.209463871509052786e-21 4.741473945685607742e-19 1.241160193843863079e-20 1.057519841221399449e-21
2.722000000000000000e+03 4.917844575404457181e-20 6.217831420431323539e-20 1.188882122813237018e-21 4.703951858129926011e-19 1.217733780075253852e-20 1.039729305749110005e-21
2.732000000000000000e+03 4.877485762951618849e-20 6.167882331787904945e-20 1.168719834157273186e-21 4.666944724130336698e-19 1.194819186382892617e-20 1.022296443352307890e-21
2.742000000000000000e+03 4.837698917680043393e-20 6.119709016818698628e-20 1.149004249109759065e-21 4.630432912733821882e-19 1.172392431066625686e-20 1.005241602591286388e-21
2.752000000000000000e+03 4.798533909312461756e-20 6.073479358944109545e-20 1.129765308472564390e-21 4.594496233249060406e-19 1.150434627289734746e-20 9.885872536534173905e-22
2.762000000000000000e+03 4.759950124302111462e-20 6.028876683917925303e-20 1.110936793634092530e-21 4.559051617467630013e-19 1.128926083858191233e-20 9.722804043722034140e-22
2.772000000000000000e+03 4.721927220348776038e-20 5.985588506741274113e-20 1.092500550186837005e-21 4.524083040784659889e-19 1.107856786205300637e-20 9.563057196782222912e-22
2.782000000000000000e+03 4.684509418657089148e-20 5.943995659976170347e-20 1.074530491600983367e-21 4.489676640225693908e-19 1.087221171851315278e-20 9.407208460737112116e-22
2.792000000000000000e+03 4.647614424177390928e-20 5.903384442290669516e-20 1.056921212545674126e-21 4.455693738359841074e-19 1.067014986043828095e-20 9.254427386267715156e-22
2.802000000000000000e+03 4.611300546347070433e-20 5.864055774838869191e-20 1.039749564337571045e-21 4.422285858862247537e-19 1.047232760822487028e-20 9.105312136334458165e-22
2.812000000000000000e+03 4.575502231708542124e-20 5.825346386324653023e-20 1.022932204346124064e-21 4.389219080215628798e-19 1.027861057391523672e-20 8.959196671648552906e-22
2.822000000000000000e+03 4.540228143335994412e-20 5.787289217920198282e-20 1.006521329288033978e-21 4.356642351660515806e-19 1.008881934062839503e-20 8.816472604757408987e-22
2.832000000000000000e+03 4.505505896635082611e-20 5.749646009153319092e-20 9.904943132103165203e-22 4.324569151460099055e-19 9.902820111332856263e-21 8.676954788583959562e-22
2.842000000000000000e+03 4.471317325547335661e-20 5.712268507383243443e-20 9.748644137475907192e-22 4.292962176877793554e-19 9.720485975313553538e-21 8.540734126559734561e-22
2.852000000000000000e+03 4.437562516257937483e-20 5.674702042649395368e-20 9.595826886772165947e-22 4.261735619376456893e-19 9.541687045702202791e-21 8.407414062945692023e-22
2.862000000000000000e+03 4.404272500231017032e-20 5.636989954313642265e-20 9.446579379319273516e-22 4.230861382521878998e-19 9.366334508243389332e-21 8.277060627202224237e-22
2.872000000000000000e+03 4.371511626768019083e-20 5.599141387718624637e-20 9.301283142478915156e-22 4.200490510029217617e-19 9.194385409232739603e-21 8.149969572812733130e-22
2.882000000000000000e+03 4.339173975638288803e-20 5.560709592793593529e-20 9.159206244540315776e-22 4.170505086485792018e-19 9.025843219757533312e-21 8.025568775437936574e-22
2.892000000000000000e+03 4.307326856725542543e-20 5.521919046777120949e-20 9.020726992186252591e-22 4.140955331681822087e-19 8.860852634337759430e-21 7.904170704068155142e-22
2.902000000000000000e+03 4.275863643227435002e-20 5.482644215326926161e-20 8.885589184971487911e-22 4.111669881462621170e-19 8.699729013758829694e-21 7.785600462983183420e-22
2.912000000000000000e+03 4.244854983167345904e-20 5.442839242900378038e-20 8.753474523150183053e-22 4.082807370535460690e-19 8.542858990101032576e-21 7.669650786812932613e-22
2.922000000000000000e+03 4.214287393803608035e-20 5.402624150085395207e-20 8.624285452161400239e-22 4.054346875222804003e-19 8.390716998573517888e-21 7.556291572221451787e-22
2.932000000000000000e+03 4.184097207744991925e-20 5.362020211400341162e-20 8.497844701222777668e-22 4.026139155824926746e-19 8.243626747534870055e-21 7.445416081814784707e-22
2.942000000000000000e+03 4.154354426664835079e-20 5.321344890364711834e-20 8.374638824854981373e-22 3.998353704596966145e-19 8.101898376981707614e-21 7.337437556804210097e-22
2.952000000000000000e+03 4.124938451443685652e-20 5.280569533394783756e-20 8.254067281194647744e-22 3.970822977892451939e-19 7.965654542897997955e-21 7.231905691221670314e-22
2.962000000000000000e+03 4.095998489822139030e-20 5.240117267757237073e-20 8.136355121495274005e-22 3.943724991812099395e-19 7.834922898230316504e-21 7.129013983533906473e-22
2.972000000000000000e+03 4.067419414866484165e-20 5.200038516393942808e-20 8.021177783183942412e-22 3.916999892906901325e-19 7.709456085984556432e-21 7.028494703608646494e-22
2.982000000000000000e+03 4.039219994467216222e-20 5.160598689332312607e-20 7.908229183902851923e-22 3.890596941098938851e-19 7.588948860058491005e-21 6.930096762902031942e-22
2.992000000000000000e+03 4.011463837726336752e-20 5.122081205424961246e-20 7.797673739969946510e-22 3.864576166126526657e-19 7.472904336699257353e-21 6.833915311124459426e-22
3.002000000000000000e+03 3.984024863689159095e-20 5.084652023736062163e-20 7.689289150828529341e-22 3.838949537186174636e-19 7.360736833309168171e-21 6.739732322898268758e-22
3.012000000000000000e+03 3.957009348174981639e-20 5.048556358982054676e-20 7.583026181011046104e-22 3.813739746942038501e-19 7.251729783885379413e-21 6.647458980382608427e-22
3.022000000000000000e+03 3.930387768064106304e-20 5.013916672670160260e-20 7.478746363055984440e-22 3.788935729586837211e-19 7.145248625073183881e-21 6.556937748521036629e-22
3.032000000000000000e+03 3.904207751118701773e-20 4.981021015357365492e-20 7.376672816520706192e-22 3.764576711071902924e-19 7.040757730860314524e-21 6.468301864676072517e-22
3.042000000000000000e+03 3.878356170794862533e-20 4.949602149684818448e-20 7.276085207900581215e-22 3.740576355156398286e-19 6.937752742272750395e-21 6.380947104664350365e-22
3.052000000000000000e+03 3.852891432047317028e-20 4.919905090151189903e-20 7.177343401102228131e-22 3.716950839453104512e-19 6.835866439871129803e-21 6.295124585571367154e-22
3.062000000000000000e+03 3.827845431596066980e-20 4.892088144028839510e-20 7.080759385531616091e-22 3.693827835817160787e-19 6.734796853775288602e-21 6.211051955617121563e-22
3.072000000000000000e+03 3.803177009597352934e-20 4.865644874421009547e-20 6.985658008645318892e-22 3.670998261523342529e-19 6.634303698184803670e-21 6.128178645159705322e-22
3.082000000000000000e+03 3.778938895454028169e-20 4.840826076400271704e-20 6.892452624855636246e-22 3.648566228352751278e-19 6.534274471107255193e-21 6.046817791926305678e-22
3.092000000000000000e+03 3.755069221518756956e-20 4.817163458476718540e-20 6.800919619140858142e-22 3.626471717802866277e-19 6.434732378415378182e-21 5.966789063020208248e-22
3.102000000000000000e+03 3.731607029234939948e-20 4.794686928635800606e-20 6.711232135295945689e-22 3.604803819369351112e-19 6.335708011252266182e-21 5.888229005157732997e-22
3.112000000000000000e+03 3.708544259493888816e-20 4.772822517208082612e-20 6.623118031732923876e-22 3.583379003466799645e-19 6.237398807600728926e-21 5.810934857608175032e-22
3.122000000000000000e+03 3.685721247301235549e-20 4.751339862513026536e-20 6.536460494817278999e-22 3.562070621943908357e-19 6.139990523084796284e-21 5.734824725279479834e-22
3.132000000000000000e+03 3.663363209215545952e-20 4.730460856331241344e-20 6.451865251666735174e-22 3.541202714895615075e-19 6.043725120477875747e-21 5.660395347119332673e-22
3.142000000000000000e+03 3.641374024583214506e-20 4.709783570469290423e-20 6.369119028899699692e-22 3.520615906593744268e-19 5.948712645381038654e-21 5.587483604970268234e-22
3.152000000000000000e+03 3.619706763671815914e-20 4.688972808757255534e-20 6.288124123358603401e-22 3.500267553470814612e-19 5.855067449451514615e-21 5.516018796830584764e-22
3.162000000000000000e+03 3.598417346000114832e-20 4.667909482881892924e-20 6.209002106317459250e-22 3.480163124069579172e-19 5.762803258577477711e-21 5.446095951288658792e-22
3.172000000000000000e+03 3.577482497028561005e-20 4.646244182049446222e-20 6.131708312065302287e-22 3.460355876138700364e-19 5.671982026848953235e-21 5.377681722143017125e-22
3.182000000000000000e+03 3.556741152124456583e-20 4.623729681578763605e-20 6.056015485314589367e-22 3.440744021489287128e-19 5.582640459505516125e-21 5.310598383843382364e-22
3.192000000000000000e+03 3.536405329171749895e-20 4.600665803198483181e-20 5.982286378520498634e-22 3.421323134920845633e-19 5.494817969690610644e-21 5.245138171435443092e-22
3.202000000000000000e+03 3.516271772133254290e-20 4.576456747226095594e-20 5.910012219151769821e-22 3.402057893207615778e-19 5.408582007976857373e-21 5.180904762076867683e-22
3.212000000000000000e+03 3.496516972507122925e-20 4.551501044660117758e-20 5.839635465701078754e-22 3.383146728280734437e-19 5.324160033194364282e-21 5.118269899837000848e-22
3.222000000000000000e+03 3.477034528785621317e-20 4.525811130907842643e-20 5.770930827447075618e-22 3.364389542586845777e-19 5.241888588742511733e-21 5.057090551063037802e-22
3.232000000000000000e+03 3.457780493624222536e-20 4.499263930082592283e-20 5.703658758682694203e-22 3.345880160943870064e-19 5.162152463875980578e-21 4.997218787846288479e-22
3.242000000000000000e+03 3.438773164233263655e-20 4.472170871992095605e-20 5.637923329546348434e-22 3.327476504061977235e-19 5.085306183206853432e-21 4.938774879069824063e-22
3.252000000000000000e+03 3.420044930557188007e-20 4.444780937234627601e-20 5.573573838088435630e-22 3.309327056231228673e-19 5.011593604888583942e-21 4.881673794992514058e-22
3.262000000000000000e+03 3.401576927409411864e-20 4.417203693312700285e-20 5.510469259707944393e-22 3.291422655434985383e-19 4.941122759596270252e-21 4.825822272383080149e-22
3.272000000000000000e+03 3.383346417410269555e-20 4.389703150287041254e-20 5.448706238529177409e-22 3.273909991190085281e-19 4.873798652743072174e-21 4.771291936315139808e-22
3.282000000000000000e+03 3.365416528355760930e-20 4.362661917516508380e-20 5.388123221576104826e-22 3.256579442306939905e-19 4.809465180209964236e-21 4.717952270049053455e-22
3.292000000000000000e+03 3.347676262992632926e-20 4.336410790633643808e-20 5.328738068445468347e-22 3.239429738076007359e-19 4.747748713989123945e-21 4.665785068749878940e-22
3.302000000000000000e+03 3.330291685709502074e-20 4.311063601717256451e-20 5.270232340337631267e-22 3.222733158676593769e-19 4.688305498401158484e-21 4.614519807924539994e-22
3.312000000000000000e+03 3.313062738453024884e-20 4.286036560288812358e-20 5.212110891368022180e-22 3.206372433074152717e-19 4.630695513605407919e-21 4.563724687958636323e-22
3.322000000000000000e+03 3.296145780943595953e-20 4.262876205612538579e-20 5.155155679363365334e-22 3.190275231134017947e-19 4.574601030343096287e-21 4.513989461726157273e-22
3.332000000000000000e+03 3.279539257394614820e-20 4.241473083501098284e-20 5.099277924002267058e-22 3.174660606237526452e-19 4.519588546536002058e-21 4.465203089065475723e-22
3.342000000000000000e+03 3.263141486549988327e-20 4.221966247457777082e-20 5.044332340820204609e-22 3.159226804187510733e-19 4.465291743077512924e-21 4.417217234559793167e-22
3.352000000000000000e+03 3.247039508760264976e-20 4.204137737470169937e-20 4.990028778045448069e-22 3.144201145862165063e-19 4.411422250779289864e-21 4.369780329972502240e-22
3.362000000000000000e+03 3.231386262997846679e-20 4.188472550785304075e-20 4.936830837515537065e-22 3.129673498941562567e-19 4.357707108268055640e-21 4.323228420204819257e-22
3.372000000000000000e+03 3.215910567726322338e-20 4.174734207386033918e-20 4.884217765887321459e-22 3.115141881840049457e-19 4.303972102899256933e-21 4.277135431228698662e-22
3.382000000000000000e+03 3.200910377408743815e-20 4.163003112936245356e-20 4.832777169356455278e-22 3.101200006661962615e-19 4.250060674957349898e-21 4.231942319641317478e-22
3.392000000000000000e+03 3.185944298242910954e-20 4.152561183203145533e-20 4.781759356125023669e-22 3.087223392766825435e-19 4.195999494956797381e-21 4.187058919888786455e-22
3.402000000000000000e+03 3.171479432282029429e-20 4.143764277114110620e-20 4.731892709649699564e-22 3.073604578619988228e-19 4.141862941246387934e-21 4.143062101767878368e-22
3.412000000000000000e+03 3.157362205635840440e-20 4.136104395734715780e-20 4.683031356630577966e-22 3.060254496644853399e-19 4.087813581742312939e-21 4.099846676824743310e-22
3.422000000000000000e+03 3.143615084970865831e-20 4.129520461386719020e-20 4.635236352587012856e-22 3.047120535202223457e-19 4.034040434997177163e-21 4.057476753570732117e-22
3.432000000000000000e+03 3.130061585764143478e-20 4.123471191392311603e-20 4.588304195157237459e-22 3.033972156973061567e-19 3.980702679077043726e-21 4.015802899553069195e-22
3.442000000000000000e+03 3.116849437408710763e-20 4.117617148019366641e-20 4.542521141429383266e-22 3.021004754035002864e-19 3.927933827968086386e-21 3.975057017053852678e-22
3.452000000000000000e+03 3.103997506728955018e-20 4.111752095385184326e-20 4.498029474415425827e-22 3.008253673485372554e-19 3.875794079869036844e-21 3.935352187953718186e-22
3.462000000000000000e+03 3.091361656387597499e-20 4.105379838416356406e-20 4.454556459560383152e-22 2.995514478867021589e-19 3.824256500934167709e-21 3.896469312437790733e-22
3.472000000000000000e+03 3.079131881172299649e-20 4.098234163089766519e-20 4.412425183555916181e-22 2.983064179020019614e-19 3.773275036076517130e-21 3.858651665408861487e-22
3.482000000000000000e+03 3.067078344930647600e-20 4.090268555422577062e-20 4.371513302190744426e-22 2.970807294921503635e-19 3.722811301764550420e-21 3.821796879886091581e-22
3.492000000000000000e+03 3.055235107178888953e-20 4.080687514618749809e-20 4.331689328839351626e-22 2.958626054039857931e-19 3.672809495138262965e-21 3.785791433377364063e-22
3.502000000000000000e+03 3.043795663278005268e-20 4.069783837370493891e-20 4.292525564975972049e-22 2.946397036185798328e-19 3.623316886526652685e-21 3.750318651090055087e-22
3.512000000000000000e+03 3.032331269754037835e-20 4.057401713641005426e-20 4.254700042456948593e-22 2.934276843655496204e-19 3.574302869957891568e-21 3.715884891430031134e-22
3.522000000000000000e+03 3.021300391698554743e-20 4.043938043579805916e-20 4.218294984436602567e-22 2.922434999860532053e-19 3.525928332546780949e-21 3.682579590809920988e-22
3.532000000000000000e+03 3.010357415666002341e-20 4.029134136139072110e-20 4.182899287660035481e-22 2.910659281705045378e-19 3.478502979551738825e-21 3.650114870285828035e-22
3.542000000000000000e+03 2.999404881175583952e-20 4.012787087985521190e-20 4.148348769578233796e-22 2.898722336944895497e-19 3.432551511007546779e-21 3.618421196974181914e-22
3.552000000000000000e+03 2.989084631364124728e-20 3.996081825442094413e-20 4.115551873619519565e-22 2.887266923176026520e-19 3.388635283927022902e-21 3.588274373688093469e-22
3.562000000000000000e+03 2.978526528393684072e-20 3.978020686436590151e-20 4.082933749516394941e-22 2.875784530764259893e-19 3.347374307991592724e-21 3.558528944699358948e-22
3.572000000000000000e+03 2.968379358547044087e-20 3.959874147503518933e-20 4.051643909688199133e-22 2.864431801866077499e-19 3.309176948285704731e-21 3.530130132515839448e-22
3.582000000000000000e+03 2.958188012405758633e-20 3.941399959123820749e-20 4.020758081349271771e-22 2.853090123839986650e-19 3.274225819108319851e-21 3.502393845632201327e-22
3.592000000000000000e+03 2.948201981795586744e-20 3.923218112212994002e-20 3.990807105299466257e-22 2.842021041519760238e-19 3.242376419891272138e-21 3.475720343932814688e-22
3.602000000000000000e+03 2.938376153297541342e-20 3.905504275271358322e-20 3.961172197070743076e-22 2.831262214764373983e-19 3.213361186924452565e-21 3.449613890850858266e-22
3.612000000000000000e+03 2.929016416794392690e-20 3.888910971236975227e-20 3.932355648750893283e-22 2.821026700016726390e-19 3.186774361161977875e-21 3.424420628541767598e-22
3.622000000000000000e+03 2.919434453058160845e-20 3.873186404547743604e-20 3.903399399483575222e-22 2.811008489527479940e-19 3.162095945219752689e-21 3.399343300628935923e-22
3.632000000000000000e+03 2.910032096647385475e-20 3.859074289414556707e-20 3.874861124813329615e-22 2.801025322856918165e-19 3.138755567396990036e-21 3.374750284358626854e-22
3.642000000000000000e+03 2.901104262394175362e-20 3.846836316960766625e-20 3.846770376216610885e-22 2.791881867758341282e-19 3.116149460640826953e-21 3.350601219837431308e-22
3.652000000000000000e+03 2.892357031394470334e-20 3.836394864947089815e-20 3.818879755272609883e-22 2.783130757686211877e-19 3.093700116616377894e-21 3.326636159790724408e-22
3.662000000000000000e+03 2.883771214334754814e-20 3.827887913007159631e-20 3.791006731508202355e-22 2.774945373271844436e-19 3.070885392061013816e-21 3.302656839091436567e-22
3.672000000000000000e+03 2.875419275083649566e-20 3.821359294542165909e-20 3.763339733246569964e-22 2.767057653211175203e-19 3.047338659028220750e-21 3.278764169813066256e-22
3.682000000000000000e+03 2.867452593281436376e-20 3.816811967501314402e-20 3.735907803823310455e-22 2.759558673260754514e-19 3.022739026595768590e-21 3.254944325354459344e-22
3.692000000000000000e+03 2.859656247374033392e-20 3.812704700579018095e-20 3.708106574602391794e-22 2.752565529612656424e-19 2.997040672979872956e-21 3.230718287018485069e-22
3.702000000000000000e+03 2.852134544847284475e-20 3.810567307926461506e-20 3.680653213793156489e-22 2.745985081256127172e-19 2.970293174521130771e-21 3.206647150723605172e-22
3.712000000000000000e+03 2.845034548713209146e-20 3.810305448065037761e-20 3.653681977673634647e-22 2.739629742423918306e-19 2.942667234326482327e-21 3.182851772203118452e-22
3.722000000000000000e+03 2.838240568127429431e-20 3.811138856760370758e-20 3.626944232600785053e-22 2.733542921135162920e-19 2.914321364086026418e-21 3.159153201711275466e-22
3.732000000000000000e+03 2.831585793302202129e-20 3.812740144671835129e-20 3.600507541555022211e-22 2.727353307315577429e-19 2.885478487964277817e-21 3.135622413335353595e-22
3.742000000000000000e+03 2.825339376154413809e-20 3.815045800719296162e-20 3.574678524893917341e-22 2.721708624442972870e-19 2.856314371998821023e-21 3.112514907414719056e-22
3.752000000000000000e+03 2.819432094323449302e-20 3.817489622234140653e-20 3.549293880517772664e-22 2.716040209614835481e-19 2.827056156511350221e-21 3.089727041590970499e-22
3.762000000000000000e+03 2.813802115048340113e-20 3.819433264081480473e-20 3.524488038252072226e-22 2.710359037890238363e-19 2.797840965948969286e-21 3.067371268804232003e-22
3.772000000000000000e+03 2.808483671161927181e-20 3.820907759912167702e-20 3.500377415336024675e-22 2.705136600929606018e-19 2.768712020267421458e-21 3.045541415078428627e-22
3.782000000000000000e+03 2.803054958249265635e-20 3.820870763010675448e-20 3.476681169395395193e-22 2.699351927718094371e-19 2.739582196861948389e-21 3.024000759428830194e-22
3.792000000000000000e+03 2.798286020375129464e-20 3.819874362964414679e-20 3.453957081440973854e-22 2.693851084284893176e-19 2.710425658883306831e-21 3.003180773714157003e-22
3.802000000000000000e+03 2.793698940394801238e-20 3.817221148266117981e-20 3.432062324036561203e-22 2.688660691204445861e-19 2.681215676095643966e-21 2.982958615420531889e-22
3.812000000000000000e+03 2.789214389695046223e-20 3.812814169781587874e-20 3.410706480783153642e-22 2.683058728828798806e-19 2.651934613157063720e-21 2.963108781712064479e-22
3.822000000000000000e+03 2.784580648706435986e-20 3.806375331101657383e-20 3.389989791179565063e-22 2.677540771478422126e-19 2.622604355518308364e-21 2.943704342055583351e-22
3.832000000000000000e+03 2.780590790656357604e-20 3.798736154301478804e-20 3.370423018384147841e-22 2.672410097827335404e-19 2.593330677966530555e-21 2.925155913169873892e-22
3.842000000000000000e+03 2.776428332349618119e-20 3.789091250792156039e-20 3.351260760091100180e-22 2.667001822684814652e-19 2.564393320207090567e-21 2.906920982752455461e-22
3.852000000000000000e+03 2.772393556282529162e-20 3.778147241414666308e-20 3.332755838846433314e-22 2.661256199221178401e-19 2.536191759348392547e-21 2.889248745613722516e-22
3.862000000000000000e+03 2.768597656535461513e-20 3.766047933869114454e-20 3.314842049919279731e-22 2.655801768798690157e-19 2.509333469019252660e-21 2.872172579737365637e-22
3.872000000000000000e+03 2.764644196780315093e-20 3.753160842567717723e-20 3.297519133507625241e-22 2.650478384775084432e-19 2.484283610318904968e-21 2.855754535071387291e-22
3.882000000000000000e+03 2.760827996555915363e-20 3.739627996678543192e-20 3.280338244893883267e-22 2.645039405354108289e-19 2.461502205228675874e-21 2.839727690946901503e-22
3.892000000000000000e+03 2.756976627392326088e-20 3.725313819461479256e-20 3.262535288739041635e-22 2.639391762552535640e-19 2.441167815441471448e-21 2.823546926535919031e-22
3.902000000000000000e+03 2.753482945202590870e-20 3.711649250976165596e-20 3.245667093010393417e-22 2.634412552925798235e-19 2.423269768082303363e-21 2.808395501200836726e-22
3.912000000000000000e+03 2.749976191039578005e-20 3.698775697507724132e-20 3.229146337617073385e-22 2.629423814341152987e-19 2.407491677204299755e-21 2.793790228426892035e-22
3.922000000000000000e+03 2.746419311833632490e-20 3.686962507970256077e-20 3.212748758371580662e-22 2.625078018132551320e-19 2.393400378880713427e-21 2.779508723016445899e-22
3.932000000000000000e+03 2.743067312256860890e-20 3.676755993729811160e-20 3.196360395385501842e-22 2.620373899262509509e-19 2.380519894796984884e-21 2.765406936612289057e-22
3.942000000000000000e+03 2.740075250370256792e-20 3.668033798780798962e-20 3.180046111324919436e-22 2.616680225367268402e-19 2.368262015969763376e-21 2.751456570458595829e-22
3.952000000000000000e+03 2.736865227073367381e-20 3.661393505654360011e-20 3.163449693547168706e-22 2.613320136154080944e-19 2.356120174101683644e-21 2.737319183089227837e-22
3.962000000000000000e+03 2.734236060000731715e-20 3.656932005389386358e-20 3.147006483564478462e-22 2.610259028384493584e-19 2.343499977179394773e-21 2.723248672217518178e-22
3.972000000000000000e+03 2.731303026028728880e-20 3.654173450203424324e-20 3.129908509612210191e-22 2.607285872197490885e-19 2.330053205322348973e-21 2.708580868432194270e-22
3.982000000000000000e+03 2.729009724902991491e-20 3.654044377708304411e-20 3.113250631678611247e-22 2.605435992913268317e-19 2.315526460714722253e-21 2.694116201874416157e-22
3.992000000000000000e+03 2.727105940829497546e-20 3.655838729230505977e-20 3.096325464530985612e-22 2.603457522591934686e-19 2.299829557093705565e-21 2.679303736590957328e-22
4.002000000000000000e+03 2.725318560513880693e-20 3.659557456589051199e-20 3.079502203084639810e-22 2.601712551609410936e-19 2.283006845020793584e-21 2.664422012656582756e-22
4.012000000000000000e+03 2.723854510654209445e-20 3.665023164569732331e-20 3.062686220580947700e-22 2.600244875324838313e-19 2.265193527604769673e-21 2.649417619080482733e-22
4.022000000000000000e+03 2.722775557392954733e-20 3.671726659686809458e-20 3.046027566019600715e-22 2.598772033328746632e-19 2.246585161972061946e-21 2.634425008027841563e-22
4.032000000000000000e+03 2.722016872669132243e-20 3.679343413467005224e-20 3.029599608681116292e-22 2.597150472653305808e-19 2.227436891503259701e-21 2.619529589115855287e-22
4.042000000000000000e+03 2.721588484881039839e-20 3.687715057080823758e-20 3.013621695466320657e-22 2.595893444036353953e-19 2.207991921346977118e-21 2.604926922492810111e-22
4.052000000000000000e+03 2.721586255975405144e-20 3.696312747968080414e-20 2.998306778912793036e-22 2.594331323996673426e-19 2.188602077543373580e-21 2.590821079172764704e-22
4.062000000000000000e+03 2.722187202699830630e-20 3.704516643724609250e-20 2.983587569460868061e-22 2.593341980587204527e-19 2.169494379848514570e-21 2.577192159305773173e-22
4.072000000000000000e+03 2.722691600037134146e-20 3.711592707028217511e-20 2.969280896423550945e-22 2.591733126853194941e-19 2.151000681878379278e-21 2.563939468027498333e-22
4.082000000000000000e+03 2.723666591564774002e-20 3.715768444832081623e-20 2.954822324067635727e-22 2.590529920167173929e-19 2.133359066009936547e-21 2.550675318697351338e-22
4.092000000000000000e+03 2.724557289675186939e-20 3.719480752283669829e-20 2.941512187833990450e-22 2.588943527031956630e-19 2.116691731928389803e-21 2.538394119335592077e-22
4.102000000000000000e+03 2.726159317069008225e-20 3.722210638000260435e-20 2.929680849780663097e-22 2.588058288238811619e-19 2.100901149959684185e-21 2.527334001356278650e-22
4.112000000000000000e+03 2.728030444487497574e-20 3.722916816061441060e-20 2.918720151725728004e-22 2.587109745028876627e-19 2.085714981680032404e-21 2.516993742511976216e-22
4.122000000000000000e+03 2.729072637778600780e-20 3.721207434735681758e-20 2.908414861268087241e-22 2.585523885106086878e-19 2.070793648440336374e-21 2.507152379351645334e-22
4.132000000000000000e+03 2.731377451747087589e-20 3.717864024116321981e-20 2.899752390430431911e-22 2.584796371283827602e-19 2.055678834893873532e-21 2.498497699035585312e-22
4.142000000000000000e+03 2.732899093381013633e-20 3.712126614546871696e-20 2.891632820224033689e-22 2.583339807225402095e-19 2.040079387354597739e-21 2.490144251147819454e-22
4.152000000000000000e+03 2.735222398708929181e-20 3.704682533456269461e-20 2.884990005685038105e-22 2.582370416508958578e-19 2.023832323412698952e-21 2.482773296012699805e-22
4.162000000000000000e+03 2.736678842497066530e-20 3.695283381049541482e-20 2.878906484897288522e-22 2.580974891729673388e-19 2.007210300924135498e-21 2.475724487257957336e-22
4.172000000000000000e+03 2.738548238680465362e-20 3.684713814867730377e-20 2.873849406985174021e-22 2.579092196368523338e-19 1.990871089567105590e-21 2.469453891273717451e-22
4.182000000000000000e+03 2.740424237267366249e-20 3.672783602591424696e-20 2.869243755665319502e-22 2.577698336552681694e-19 1.975911807554439868e-21 2.463702386602828633e-22
4.192000000000000000e+03 2.742341583493627639e-20 3.660278110154017943e-20 2.865552039143153331e-22 2.576323360677699735e-19 1.963415039970536710e-21 2.458988580875555669e-22
4.202000000000000000e+03 2.743682935703225024e-20 3.647470119233737330e-20 2.862191339806749978e-22 2.574182756201993033e-19 1.954091117667213189e-21 2.454998809111952304e-22
4.212000000000000000e+03 2.744941637921313069e-20 3.634724077950306620e-20 2.859105125309963194e-22 2.572239195601419023e-19 1.948155966819707223e-21 2.451740845791294964e-22
4.222000000000000000e+03 2.746454396079471942e-20 3.622517786528331650e-20 2.856719996843235878e-22 2.570795852194829353e-19 1.945388572366455937e-21 2.449503641528046388e-22
4.232000000000000000e+03 2.747537503515815285e-20 3.610989051974193920e-20 2.853791853525520730e-22 2.569276763985503003e-19 1.945263974445006276e-21 2.447285192443335883e-22
4.242000000000000000e+03 2.748991104744500696e-20 3.600510519457600607e-20 2.850816790744170284e-22 2.568499633018969412e-19 1.947108326961606589e-21 2.445350762711319416e-22
4.252000000000000000e+03 2.750307478822506747e-20 3.591339725062757533e-20 2.847947181800761954e-22 2.568162284671827378e-19 1.950265176850516458e-21 2.443703171457557093e-22
4.262000000000000000e+03 2.751203688801060314e-20 3.583470958936921250e-20 2.844293964594299919e-22 2.567913526129076805e-19 1.954083222785749830e-21 2.441580443951782613e-22
4.272000000000000000e+03 2.752881040350312495e-20 3.575479678084927219e-20 2.839634961348245656e-22 2.569096658866967103e-19 1.958030012420015773e-21 2.438737046805021837e-22
4.282000000000000000e+03 2.754087087061339639e-20 3.569000032696583120e-20 2.834552731016437811e-22 2.570838211806828610e-19 1.961521716274455963e-21 2.435507620587349960e-22
4.292000000000000000e+03 2.755792370146270675e-20 3.564171966577148753e-20 2.829304092245189328e-22 2.573178845024426348e-19 1.964088077006230667e-21 2.432018617610158356e-22
4.302000000000000000e+03 2.757194673037910352e-20 3.560937616642845039e-20 2.823618286215630328e-22 2.575616666526229758e-19 1.965348690632496133e-21 2.428006829992165038e-22
4.312000000000000000e+03 2.758818023850133507e-20 3.559133759954581921e-20 2.817694602762174582e-22 2.579106785595465454e-19 1.965114006245324245e-21 2.423597054596032791e-22
4.322000000000000000e+03 2.760987210644284778e-20 3.557930773817658919e-20 2.811317407159790780e-22 2.583193644982785414e-19 1.963253147592941677e-21 2.418610018254322488e-22
4.332000000000000000e+03 2.762929281904221217e-20 3.557541176697079015e-20 2.804372890603418983e-22 2.587045175226636524e-19 1.959843758626272031e-21 2.412968715837320522e-22
4.342000000000000000e+03 2.765080304535345104e-20 3.557137464123988408e-20 2.797237855759667744e-22 2.591205136792115575e-19 1.954940914384903807e-21 2.406960957960310273e-22
4.352000000000000000e+03 2.767661557499424854e-20 3.557063181589925397e-20 2.789967614188548320e-22 2.595541855407181248e-19 1.948627313741263395e-21 2.400643266336550390e-22
4.362000000000000000e+03 2.770196275410650355e-20 3.556567203874514506e-20 2.782632177452587120e-22 2.599608923688420941e-19 1.940947687778845909e-21 2.394066067100253778e-22
4.372000000000000000e+03 2.772821965194847124e-20 3.555407280225554677e-20 2.775172065310670910e-22 2.603072776804989500e-19 1.932125045420471590e-21 2.387217606238644661e-22
4.382000000000000000e+03 2.776127666316625034e-20 3.553408466594935726e-20 2.768073613431877395e-22 2.607310561392064147e-19 1.922438245893452768e-21 2.380503369843690355e-22
4.392000000000000000e+03 2.778784853256445943e-20 3.550175322912950112e-20 2.760732807207599851e-22 2.610050185820539914e-19 1.912144090061729216e-21 2.373500871352355163e-22
4.402000000000000000e+03 2.781457691481363743e-20 3.545627640944340918e-20 2.753723388978450365e-22 2.612854872413793916e-19 1.901423379218664522e-21 2.366666755128817328e-22
4.412000000000000000e+03 2.784742048635248435e-20 3.539722842716243691e-20 2.747374599389822092e-22 2.616001396213598902e-19 1.890318486560444068e-21 2.360253330862009359e-22
4.422000000000000000e+03 2.787265376869180342e-20 3.532306065128147787e-20 2.740892124725024799e-22 2.617848975213013917e-19 1.878779779375811243e-21 2.353652813784130425e-22
4.432000000000000000e+03 2.790038655481041665e-20 3.523515705264153269e-20 2.734912168604698457e-22 2.619884007041366788e-19 1.866621531578441990e-21 2.347312433917021765e-22
4.442000000000000000e+03 2.792215779908307990e-20 3.513342592318851690e-20 2.729068313135814569e-22 2.620829753224831957e-19 1.853728864973711143e-21 2.340933692334120782e-22
4.452000000000000000e+03 2.794329202046470783e-20 3.501977924828959038e-20 2.723579427806862923e-22 2.621902537181425555e-19 1.839973750304269207e-21 2.334658912935444466e-22
4.462000000000000000e+03 2.796285427545779596e-20 3.489446305151457036e-20 2.717360264262240182e-22 2.622292112724314640e-19 1.825661502186011970e-21 2.327734967315977743e-22
4.472000000000000000e+03 2.797562349140731201e-20 3.476018295716308070e-20 2.710824061034061855e-22 2.622215109318386436e-19 1.811405332395913165e-21 2.320562370764622860e-22
4.482000000000000000e+03 2.798782070339764946e-20 3.462138301929842136e-20 2.704643653853178713e-22 2.621642433061106422e-19 1.798130504043374685e-21 2.313793950274592115e-22
4.492000000000000000e+03 2.799326955401310397e-20 3.447934159816270909e-20 2.698709637463326951e-22 2.620927861389892409e-19 1.786644077781666947e-21 2.307484091251507598e-22
4.502000000000000000e+03 2.799756695821050120e-20 3.433623781264879990e-20 2.692594883322451230e-22 2.619374102071585342e-19 1.777400504209035359e-21 2.301407098178083560e-22
4.512000000000000000e+03 2.799611299149547519e-20 3.419388829985514285e-20 2.686363768936251367e-22 2.617949160390007396e-19 1.770296657977510888e-21 2.295597084060453572e-22
4.522000000000000000e+03 2.799217032366608047e-20 3.405390365135614714e-20 2.679409189866979759e-22 2.615970215314465337e-19 1.764909281748176836e-21 2.289545250363340765e-22
4.532000000000000000e+03 2.798255331772039133e-20 3.391827696552684630e-20 2.672000714844305530e-22 2.614065755961935586e-19 1.760577619658478665e-21 2.283337518678869695e-22
4.542000000000000000e+03 2.797434374848107646e-20 3.378778490849978774e-20 2.664125735835302786e-22 2.612161893145446510e-19 1.756522329634602860e-21 2.276838459955458659e-22
4.552000000000000000e+03 2.795735616552737695e-20 3.366353438100693442e-20 2.655407852818852365e-22 2.609783911853865147e-19 1.752010609031243029e-21 2.269643205879260030e-22
4.562000000000000000e+03 2.794187697177845946e-20 3.354596021546097166e-20 2.646059424400222313e-22 2.607715111370138828e-19 1.746549007434324283e-21 2.261831684041921950e-22
4.572000000000000000e+03 2.792333482046837817e-20 3.343503951683294691e-20 2.636133052839482834e-22 2.605413748939221426e-19 1.739888178883875111e-21 2.253397191863342377e-22
4.582000000000000000e+03 2.790362903734602630e-20 3.332988594290318982e-20 2.625415596288932923e-22 2.603062464977484493e-19 1.731948325216036974e-21 2.244171431508117497e-22
4.592000000000000000e+03 2.788234878468124790e-20 3.323019631714499622e-20 2.614202492570572679e-22 2.600691436745551128e-19 1.722786652324372623e-21 2.234378963354401241e-22
4.602000000000000000e+03 2.786059911670424721e-20 3.313507536516294437e-20 2.602446741054236049e-22 2.597821537410881269e-19 1.712550406332141314e-21 2.224009292986406880e-22
4.612000000000000000e+03 2.783723374563836009e-20 3.304326792367885279e-20 2.590268579919231765e-22 2.594724544458486762e-19 1.701504603669466448e-21 2.213192845322419974e-22
4.622000000000000000e+03 2.781372953847340102e-20 3.295326479675221962e-20 2.577993099602350702e-22 2.591172608261763468e-19 1.689941371067390093e-21 2.202215550095875715e-22
4.632000000000000000e+03 2.778924237606081909e-20 3.286425909003186273e-20 2.565659613701622192e-22 2.587583606229853258e-19 1.678367900318241412e-21 2.191191042679366488e-22
4.642000000000000000e+03 2.776595988921075452e-20 3.277486704725637878e-20 2.553679998416051292e-22 2.583791105955139253e-19 1.667244457800072034e-21 2.180498966009330947e-22
4.652000000000000000e+03 2.774008105081274794e-20 3.268398584437082422e-20 2.541743681536151772e-22 2.580030644331107181e-19 1.657268084693065184e-21 2.170030311134533782e-22
4.662000000000000000e+03 2.771341217773137173e-20 3.258002327508249523e-20 2.528330948989044883e-22 2.576202723334502017e-19 1.649106829962903673e-21 2.158789214257274731e-22
4.672000000000000000e+03 2.768326427964606211e-20 3.248095418223954537e-20 2.516415654482939482e-22 2.572214082864879187e-19 1.643404899755683492e-21 2.149060124145072247e-22
4.682000000000000000e+03 2.765295353619216983e-20 3.238108107289774580e-20 2.505440202692987475e-22 2.568622316360497818e-19 1.640632081573131356e-21 2.140514674591504940e-22
4.692000000000000000e+03 2.762065572948420854e-20 3.227814448535537806e-20 2.495387659154137430e-22 2.565303917841537362e-19 1.641165694863374809e-21 2.133196781384039847e-22
4.702000000000000000e+03 2.758449892701344207e-20 3.217185287295813388e-20 2.486051796190708039e-22 2.561937496866435433e-19 1.645320410975580900e-21 2.126996448433799708e-22
4.712000000000000000e+03 2.754665078735757183e-20 3.206284349527487435e-20 2.477691573718027719e-22 2.558825846399884662e-19 1.653157528502474788e-21 2.122098442528587805e-22
4.722000000000000000e+03 2.750637530778739987e-20 3.195057928579611895e-20 2.470416194193913375e-22 2.556087275403814441e-19 1.664557490482166985e-21 2.118542195440783451e-22
4.732000000000000000e+03 2.746362486847261813e-20 3.183594396183977923e-20 2.464080127715029445e-22 2.553360370008663771e-19 1.678974546453388328e-21 2.116110799675954092e-22
4.742000000000000000e+03 2.741656318494785266e-20 3.171854256945645241e-20 2.458434247599181856e-22 2.550506759287143693e-19 1.695709370804081507e-21 2.114488684039408731e-22
4.752000000000000000e+03 2.736578646181335041e-20 3.159958179417196722e-20 2.453423499892039930e-22 2.547176844631394138e-19 1.713585517152965566e-21 2.113439843131783203e-22
4.762000000000000000e+03 2.731226539346332182e-20 3.147945772055986375e-20 2.449054090742061576e-22 2.543806635668301369e-19 1.730991982156565561e-21 2.112724857923800658e-22
4.772000000000000000e+03 2.725562164578308174e-20 3.135868183038755280e-20 2.445098708133677408e-22 2.540017170300030858e-19 1.745753778442348898e-21 2.111866114437068142e-22
4.782000000000000000e+03 2.719601231342285283e-20 3.123776621133195849e-20 2.441307700681214369e-22 2.535869449999914557e-19 1.755522388078454601e-21 2.110362500244808342e-22
4.792000000000000000e+03 2.713307842436792498e-20 3.111704193593955405e-20 2.437457634928670711e-22 2.531232205568403112e-19 1.758967398780116400e-21 2.107884240201661954e-22
4.802000000000000000e+03 2.706765649957192090e-20 3.099692622447255378e-20 2.433347350011305465e-22 2.526180327324973503e-19 1.757413710945595216e-21 2.104488874508163169e-22
4.812000000000000000e+03 2.700018956158302898e-20 3.087746820497304459e-20 2.428775572445297375e-22 2.520817990295750419e-19 1.754677389038792300e-21 2.100577273287922048e-22
4.822000000000000000e+03 2.693005309333257149e-20 3.075898280897858020e-20 2.423394587167431628e-22 2.514979887601626180e-19 1.754396587827073467e-21 2.096409715379249649e-22
4.832000000000000000e+03 2.685827890941683226e-20 3.064142816987903167e-20 2.417158362516187664e-22 2.508872441379918633e-19 1.758061093139800627e-21 2.092158920834576242e-22
4.842000000000000000e+03 2.678494014100721323e-20 3.052466279627990807e-20 2.409769924256353468e-22 2.502533185526581194e-19 1.765222121639673740e-21 2.087523400180824790e-22
4.852000000000000000e+03 2.671052975380775758e-20 3.040842932338051844e-20 2.398610647424523891e-22 2.495984140884872192e-19 1.774678597326213476e-21 2.080345904768803679e-22
4.862000000000000000e+03 2.663502104293905818e-20 3.029322039677639085e-20 2.387706403534905401e-22 2.489233342083545839e-19 1.784838068397253602e-21 2.073412459056020775e-22
4.872000000000000000e+03 2.655916071075472134e-20 3.017914311898812478e-20 2.375793704566129989e-22 2.482401432511493284e-19 1.794301649844326484e-21 2.065580029398796121e-22
4.882000000000000000e+03 2.648283584629303702e-20 3.006575034557014075e-20 2.362989214038267102e-22 2.475508378913898710e-19 1.801924285885639977e-21 2.056787702836360945e-22
4.892000000000000000e+03 2.640636604336411388e-20 2.995313111325813142e-20 2.348953950972198535e-22 2.468569893545789176e-19 1.806959299955173201e-21 2.046690695222858230e-22
4.902000000000000000e+03 2.632999293811461939e-20 2.984153526523977348e-20 2.333836604226378583e-22 2.461588279274808478e-19 1.808923144944478852e-21 2.035351013187276138e-22
4.912000000000000000e+03 2.625356448838517316e-20 2.973071928241266279e-20 2.317380749698554209e-22 2.454538882132738854e-19 1.807764418359590007e-21 2.022577846483701086e-22
4.922000000000000000e+03 2.617730706639492360e-20 2.962101465068789153e-20 2.299947691596588778e-22 2.447435615836787411e-19 1.803516806976329919e-21 2.008659749827825684e-22
4.932000000000000000e+03 2.610123973258515266e-20 2.951249414890178482e-20 2.281513355968000398e-22 2.440280237115759052e-19 1.796374918001305196e-21 1.993609876629276709e-22
4.942000000000000000e+03 2.602544932965665963e-20 2.940539727537351252e-20 2.262228151250970561e-22 2.433095850805974972e-19 1.786577619015827581e-21 1.977577707815479996e-22
4.952000000000000000e+03 2.594994958954230923e-20 2.929974841184344632e-20 2.242234534947408155e-22 2.425902711121019789e-19 1.774690160816327092e-21 1.960744605760251930e-22
4.962000000000000000e+03 2.587484768489264729e-20 2.919586034773270464e-20 2.221703452740003095e-22 2.418725398722939086e-19 1.761390929748903461e-21 1.943325892213180270e-22
4.972000000000000000e+03 2.580018233040227186e-20 2.909374823484346431e-20 2.200787324145714631e-22 2.411581323849762960e-19 1.747323002087147164e-21 1.925517080784522987e-22
4.982000000000000000e+03 2.572598735657288363e-20 2.899348784616222831e-20 2.179661906652699108e-22 2.404486453440423015e-19 1.732984232607680045e-21 1.907513308970981894e-22
4.992000000000000000e+03 2.565232311452081056e-20 2.889543200284657619e-20 2.158513275376734687e-22 2.397437465312307690e-19 1.718600030612767870e-21 1.889484492410815125e-22
5.002000000000000000e+03 2.557920588765729636e-20 2.879977408460931504e-20 2.137535208717941526e-22 2.390443354815129746e-19 1.703942032705091238e-21 1.871551662040306397e-22
