# els,n0s['EB'],n0s[q'EE'],n0s['TT'],n0s['TB'],n0s['TE'], mv
2.000000000000000000e+00 4.405150572359395477e-09 4.543918420884363767e-09 5.642574198910970795e-09 4.138642094924918983e-08 5.706946755605957511e-09 1.214044545046454834e-09
1.200000000000000000e+01 3.398905914175921000e-12 3.517148265568176490e-12 4.357839659215944077e-12 3.192903560298937794e-11 4.418314010939757102e-12 9.383898235481559573e-13
2.200000000000000000e+01 3.008619458513595546e-13 3.137167298613944588e-13 3.865911890366553026e-13 2.825492007569047384e-12 3.943123633740874822e-13 8.341629385381605718e-14
3.200000000000000000e+01 6.722111945340744535e-14 7.093948873274069917e-14 8.666167394110658096e-14 6.309509461622198129e-13 8.924871147087268684e-14 1.876120607486386325e-14
4.200000000000000000e+01 2.265911159470734958e-14 2.430506393689006877e-14 2.933852346479147357e-14 2.125122091976666265e-13 3.062229066202453336e-14 6.380705289923003587e-15
5.200000000000000000e+01 9.648586406859300898e-15 1.056409362060462499e-14 1.255845646626241410e-14 9.041123193434675032e-14 1.333726648755083432e-14 2.747490701671610727e-15
6.200000000000000000e+01 4.778059699172130155e-15 5.362595118234246192e-15 6.257174931573808832e-15 4.474163887513120929e-14 6.789323167433253167e-15 1.378884281104669391e-15
7.200000000000000000e+01 2.629809633374678024e-15 3.038434381117872259e-15 3.467869587816117233e-15 2.461953274289445276e-14 3.861011513074723156e-15 7.708010413531259439e-16
8.200000000000000000e+01 1.564994073509756426e-15 1.869389535814814307e-15 2.079716566046808192e-15 1.465629725230391565e-14 2.386685887903344666e-15 4.668599701416508843e-16
9.200000000000000000e+01 9.889812540036516374e-16 1.226616655248613076e-15 1.325424716033382235e-15 9.271019139151517658e-15 1.575270317242078770e-15 3.008838187458169890e-16
1.020000000000000000e+02 6.554610154761148496e-16 8.477773474893960594e-16 8.865243160168639615e-16 6.153837096277546386e-15 1.096600538214931240e-15 2.037652263576120684e-16
1.120000000000000000e+02 4.515466918187781939e-16 6.116915155151486628e-16 6.167299278058906553e-16 4.247364850514333731e-15 7.980921315904586883e-16 1.436925110973750775e-16
1.220000000000000000e+02 3.211948175652684474e-16 4.576791907284733287e-16 4.432456331628659166e-16 3.027433963383125885e-15 6.033033691775740950e-16 1.047970773080313452e-16
1.320000000000000000e+02 2.347168229498176351e-16 3.532957869759932382e-16 3.274100392801891962e-16 2.216827930933748770e-15 4.713436902914196244e-16 7.862929823597711079e-17
1.420000000000000000e+02 1.755164123157208307e-16 2.802224260433652348e-16 2.475539511186543417e-16 1.660823932064614964e-15 3.791170747908985326e-16 6.043972849245057308e-17
1.520000000000000000e+02 1.338857018697477662e-16 2.276282433718733141e-16 1.909665301054335610e-16 1.269027431380071038e-15 3.129661235981320416e-16 4.743395543349969882e-17
1.620000000000000000e+02 1.039216474598310126e-16 1.888510465230541059e-16 1.498974921037164027e-16 9.865006257342899160e-16 2.644915998960369505e-16 3.790238943383640006e-17
1.720000000000000000e+02 8.191235458522682519e-17 1.596488337886198233e-16 1.194590431472574366e-16 7.786825408682265245e-16 2.283492942724342100e-16 3.076311181390272310e-17
1.820000000000000000e+02 6.545430367343840917e-17 1.372364575163748141e-16 9.647667494550172823e-17 6.231584712401185627e-16 2.010353157900566845e-16 2.531087704231329750e-17
1.920000000000000000e+02 5.295043044145960247e-17 1.197338802321700145e-16 7.883494048051239826e-17 5.049930009818807719e-16 1.801891506714231630e-16 2.107387285248609770e-17
2.020000000000000000e+02 4.331490795182858139e-17 1.058389507694510214e-16 6.509092559839156843e-17 4.139925475671286935e-16 1.641789064092343221e-16 1.772905033043905327e-17
2.120000000000000000e+02 3.579420998715871102e-17 9.462758674545583776e-17 5.424028563082537309e-17 3.430503305265089536e-16 1.518457099595705834e-16 1.505063948121606382e-17
2.220000000000000000e+02 2.985570962722915517e-17 8.542840860616116622e-17 4.557064518838270936e-17 2.871176486342686312e-16 1.423404453719355961e-16 1.287790327439146075e-17
2.320000000000000000e+02 2.511662863522579992e-17 7.774258734476845360e-17 3.856826290960866849e-17 2.425482393147886022e-16 1.350152088216791537e-16 1.109450122849792773e-17
2.420000000000000000e+02 2.129772352390792157e-17 7.119198046377306918e-17 3.285700017267803152e-17 2.066704818601180657e-16 1.293480373562389548e-16 9.614967112459242588e-18
2.520000000000000000e+02 1.819248984528972203e-17 6.548541514770306662e-17 2.815731873178292765e-17 1.775022696635775816e-16 1.248887872165468106e-16 8.375636373240767094e-18
2.620000000000000000e+02 1.564631186142432077e-17 6.039730204632940696e-17 2.425902971797478238e-17 1.535571900521745331e-16 1.212205164183336050e-16 7.328515616408667860e-18
2.720000000000000000e+02 1.354210949359092629e-17 5.575441036168573722e-17 2.100195837001145292e-17 1.337104546342662850e-16 1.179353482223655505e-16 6.436985747568612183e-18
2.820000000000000000e+02 1.179030523562696095e-17 5.142801385120860309e-17 1.826276897386232584e-17 1.171046789571045497e-16 1.146277677553454581e-16 5.672807156047618647e-18
2.920000000000000000e+02 1.032171093824123409e-17 4.732895929090991680e-17 1.594548199500493115e-17 1.030826871026020621e-16 1.109098323130528754e-16 5.013967709506203958e-18
3.020000000000000000e+02 9.082417672779697623e-18 4.340394320968382274e-17 1.397459788413266547e-17 9.113893688861143203e-17 1.064523787076324007e-16 4.443126044334700371e-18
3.120000000000000000e+02 8.030081394443143877e-18 3.963036250344590356e-17 1.229023899332043480e-17 8.088380517561425497e-17 1.010385576503606104e-16 3.946471231214897950e-18
3.220000000000000000e+02 7.131193062324043439e-18 3.601006767165962006e-17 1.084441316734490226e-17 7.201681648395886706e-17 9.461696857352582576e-17 3.512876981831694095e-18
3.320000000000000000e+02 6.359050948198499143e-18 3.256137160936535629e-17 9.598415198242005901e-18 6.430603094440222816e-17 8.732230610480133571e-17 3.133286153404976214e-18
3.420000000000000000e+02 5.692240492625221259e-18 2.931044830624815297e-17 8.520667209567529654e-18 5.757186211856122528e-17 7.944616867793649752e-17 2.800228507357185167e-18
3.520000000000000000e+02 5.113484107415617149e-18 2.628354394637794466e-17 7.585348098677319937e-18 5.167405881845935814e-17 7.136440909952481425e-17 2.507486344723815293e-18
3.620000000000000000e+02 4.608763037267517148e-18 2.350116538049012749e-17 6.771137731751362908e-18 4.650109868124557983e-17 6.345009883115471402e-17 2.249820044500285018e-18
3.720000000000000000e+02 4.166641995275949752e-18 2.097485007508805859e-17 6.060274703710560775e-18 4.196161202317233044e-17 5.600513760765499457e-17 2.022762557997659982e-18
3.820000000000000000e+02 3.777744607044748791e-18 1.870633488798112615e-17 5.437970748604528844e-18 3.797765733145778384e-17 4.922792179278212974e-17 1.822479208489534280e-18
3.920000000000000000e+02 3.434343949381482758e-18 1.668855674228600794e-17 4.891758491086679776e-18 3.447995544628371924e-17 4.321454408467065730e-17 1.645641118294118665e-18
4.020000000000000000e+02 3.130040884854734100e-18 1.490767778266704373e-17 4.411149786647337185e-18 3.140509926663488262e-17 3.797986859885912728e-17 1.489349352977602965e-18
4.120000000000000000e+02 2.859508134546518266e-18 1.334521943356418316e-17 3.987229697363863512e-18 2.869459276914723334e-17 3.348452628440476548e-17 1.351061592740762923e-18
4.220000000000000000e+02 2.618287424332990544e-18 1.198030079487883474e-17 3.612416252877129311e-18 2.629526797696738706e-17 2.965916179897618728e-17 1.228548809059325582e-18
4.320000000000000000e+02 2.402626723676349718e-18 1.079137923794280258e-17 3.280278447921781836e-18 2.416028924582859161e-17 2.642229190526175502e-17 1.119862299955740069e-18
4.420000000000000000e+02 2.209350278734278492e-18 9.757394754186782997e-18 2.985276152046483363e-18 2.224992968626698094e-17 2.369158699883159814e-17 1.023291598825964195e-18
4.520000000000000000e+02 2.035753739314122370e-18 8.858562893939713917e-18 2.722646475663282548e-18 2.053163262226068270e-17 2.139024002272443966e-17 9.373397726044270006e-19
4.620000000000000000e+02 1.879520478659220089e-18 8.076811645527805448e-18 2.488309772974388974e-18 1.897937189327085496e-17 1.944986469393007941e-17 8.607006899030875848e-19
4.720000000000000000e+02 1.738654228498619807e-18 7.395952274555980016e-18 2.278734033159282450e-18 1.757254998102096318e-17 1.781127851913971213e-17 7.922311425919482543e-19
4.820000000000000000e+02 1.611424793597505919e-18 6.801679735932520859e-18 2.090865635045631917e-18 1.629475011793229898e-17 1.642409697865502188e-17 7.309312356228029211e-19
4.920000000000000000e+02 1.496324458534547513e-18 6.281520959594397105e-18 1.922082918979196962e-18 1.513259544974105290e-17 1.524587788792379931e-17 6.759294684616575799e-19
5.020000000000000000e+02 1.392032801750208481e-18 5.824603408700220578e-18 1.770087954276842323e-18 1.407482959380716215e-17 1.424089397182486758e-17 6.264595756170919823e-19
5.120000000000000000e+02 1.297388361186728754e-18 5.421520144854428359e-18 1.632905831104849523e-18 1.311164792659430499e-17 1.337905645076373385e-17 5.818532953020693375e-19
5.220000000000000000e+02 1.211365491741209930e-18 5.064147788103862271e-18 1.508806963033511200e-18 1.223425099271028016e-17 1.263486984567238288e-17 5.415239577333809149e-19
5.320000000000000000e+02 1.133055445457937383e-18 4.745478580602687672e-18 1.396291225823187684e-18 1.143457635400246383e-17 1.198655030367848620e-17 5.049586676591317794e-19
5.420000000000000000e+02 1.061650851746147561e-18 4.459472394679678570e-18 1.294050405492300165e-18 1.070516277895384524e-17 1.141530370422191531e-17 4.717085644449079816e-19
5.520000000000000000e+02 9.964327627958316994e-19 4.200930040284156370e-18 1.200946481320624569e-18 1.003910025873237231e-17 1.090476358065471594e-17 4.413817124453504938e-19
5.620000000000000000e+02 9.367598188892995239e-19 3.965388658594365867e-18 1.115983140198168612e-18 9.430030143626415772e-18 1.044059993550292781e-17 4.136356471757906234e-19
5.720000000000000000e+02 8.820591838224948383e-19 3.749037196951326416e-18 1.038292200098464910e-18 8.872170669336024701e-18 1.001027486970274542e-17 3.881723443654599025e-19
5.820000000000000000e+02 8.318188871855237205e-19 3.548649608723306195e-18 9.671133391448569342e-19 8.360346359752466946e-18 9.602944333287326087e-18 3.647326737036116299e-19
5.920000000000000000e+02 7.855814149815435793e-19 3.361534105463305674e-18 9.017774177544935976e-19 7.890004938523312638e-18 9.209467022464149447e-18 3.430916131873271981e-19
6.020000000000000000e+02 7.429382070626870966e-19 3.185479877023556605e-18 8.417003706420499478e-19 7.457211355129804355e-18 8.822482103210595133e-18 3.230550341794865251e-19
6.120000000000000000e+02 7.035248926217924750e-19 3.018724465955893686e-18 7.863616194595954436e-19 7.058608507052128403e-18 8.436525391426846098e-18 3.044545683270275637e-19
6.220000000000000000e+02 6.670171583166039570e-19 2.859919608614214557e-18 7.353175962716189009e-19 6.691340871135569813e-18 8.048121811824367400e-18 2.871477245470564086e-19
6.320000000000000000e+02 6.331270485098886005e-19 2.708084908079417321e-18 6.881725775304050985e-19 6.352941443923526029e-18 7.655773231651321920e-18 2.710116621566622155e-19
6.420000000000000000e+02 6.015995575062462916e-19 2.562561314913643447e-18 6.445693790507427277e-19 6.041195395753819936e-18 7.259837196719734719e-18 2.559398853705924855e-19
6.520000000000000000e+02 5.722095281669684024e-19 2.422960020020352241e-18 6.041952042391296595e-19 5.754001189723427248e-18 6.862264174237275770e-18 2.418414338116900614e-19
6.620000000000000000e+02 5.447587301117129194e-19 2.289105305392191279e-18 5.667752969247063632e-19 5.489252908206066958e-18 6.466212789533168627e-18 2.286383860410585030e-19
6.720000000000000000e+02 5.190730408560375491e-19 2.160977228801457267e-18 5.320566734858081165e-19 5.244768896154529670e-18 6.075587089494048371e-18 2.162618955784596799e-19
6.820000000000000000e+02 4.949997946882559452e-19 2.038648517355115455e-18 4.998229492744349320e-19 5.018281388054236029e-18 5.694546268108468640e-18 2.046533932702917765e-19
6.920000000000000000e+02 4.724052677848156868e-19 1.922260296251614681e-18 4.698663971572778609e-19 4.807486189370516065e-18 5.327060626240649509e-18 1.937593338076627128e-19
7.020000000000000000e+02 4.511723856223455248e-19 1.811942930373109815e-18 4.420141404353259390e-19 4.610136242215066311e-18 4.976580921857719990e-18 1.835344952554885164e-19
7.120000000000000000e+02 4.311985493676555603e-19 1.707800473332777831e-18 4.160995070630205650e-19 4.424153863514013336e-18 4.645804755456667162e-18 1.739367310767629950e-19
7.220000000000000000e+02 4.123935856298254272e-19 1.609886333448852918e-18 3.919749877669986828e-19 4.247734735820838175e-18 4.336580929627568822e-18 1.649286201807911427e-19
7.320000000000000000e+02 3.946779607021259554e-19 1.518189608832881229e-18 3.695011680039209377e-19 4.079424013842907155e-18 4.049909704749972213e-18 1.564750880983957215e-19
7.420000000000000000e+02 3.779810606796861104e-19 1.432630499858923634e-18 3.485568255462860478e-19 3.918150046214011191e-18 3.786032039802845468e-18 1.485448000592819508e-19
7.520000000000000000e+02 3.622397218840140397e-19 1.353062277793461806e-18 3.290278531517869569e-19 3.763217122735043650e-18 3.544552205132660300e-18 1.411078759031343185e-19
7.620000000000000000e+02 3.473968919162736061e-19 1.279277921071293806e-18 3.108065399499251484e-19 3.614260213603452983e-18 3.324580680803322513e-18 1.341354626709511172e-19
7.720000000000000000e+02 3.334004429178928663e-19 1.211019871380953526e-18 2.937982081211415014e-19 3.471171629946402712e-18 3.124880640881888017e-18 1.276007825044872851e-19
7.820000000000000000e+02 3.202021762467148560e-19 1.147990411240915226e-18 2.779098703785372768e-19 3.334014674832153990e-18 2.943983167766456789e-18 1.214769007326566308e-19
7.920000000000000000e+02 3.077569603365299967e-19 1.089864080061333153e-18 2.630600163397141103e-19 3.202937861355011597e-18 2.780298968262161581e-18 1.157385483994237424e-19
8.020000000000000000e+02 2.960220477637996753e-19 1.036294829998446497e-18 2.491696377533515041e-19 3.078097707248054711e-18 2.632188392990212757e-18 1.103604008137508793e-19
8.120000000000000000e+02 2.849565187385406289e-19 9.869269557939039156e-19 2.361682730615989334e-19 2.959600398982617249e-18 2.498023054505229958e-18 1.053183384122325143e-19
8.220000000000000000e+02 2.745209238445049101e-19 9.414041564835407659e-19 2.239921838971400143e-19 2.847463033047393243e-18 2.376230121197609784e-18 1.005892662657214530e-19
8.320000000000000000e+02 2.646770390581592218e-19 8.993738704747416438e-19 2.125772510037197324e-19 2.741593397308739951e-18 2.265308833348438000e-18 9.614979085668397089e-20
8.420000000000000000e+02 2.553877621244409344e-19 8.604927712234438256e-19 2.018676751603020952e-19 2.641788667196916735e-18 2.163854123273252770e-18 9.197813516995013165e-20
8.520000000000000000e+02 2.466170760713144252e-19 8.244309222248489485e-19 1.918137837627309711e-19 2.547746528022719376e-18 2.070561541172688567e-18 8.805389277540549384e-20
8.620000000000000000e+02 2.383300756990765340e-19 7.908745118625435226e-19 1.823627705667855955e-19 2.459086622485392674e-18 1.984230492070052731e-18 8.435623143290133832e-20
8.720000000000000000e+02 2.304930415912693090e-19 7.595288797049364450e-19 1.734740078653082729e-19 2.375377767762526944e-18 1.903772259019079760e-18 8.086727021293207416e-20
8.820000000000000000e+02 2.230735125721340974e-19 7.301217185828309266e-19 1.651040371511200775e-19 2.296167728521304446e-18 1.828205829055513338e-18 7.756903904473128254e-20
8.920000000000000000e+02 2.160404131485111089e-19 7.024028349891770686e-19 1.572173843271213585e-19 2.221012505829170977e-18 1.756665584368436492e-18 7.444589979210929844e-20
9.020000000000000000e+02 2.093641620780205325e-19 6.761465197830460140e-19 1.497782192853089362e-19 2.149504025614122131e-18 1.688400075282467602e-18 7.148282438099093189e-20
9.120000000000000000e+02 2.030167894192372344e-19 6.511529605739848487e-19 1.427571491074009163e-19 2.081292748817676544e-18 1.622777215290014897e-18 6.866698290713468397e-20
9.220000000000000000e+02 1.969720535543572062e-19 6.272488069336494220e-19 1.361223730299147881e-19 2.016103433737067770e-18 1.559281856264094210e-18 6.598576337651697363e-20
9.320000000000000000e+02 1.912055344725533357e-19 6.042879852903192944e-19 1.298493923140369120e-19 1.953743146778670602e-18 1.497517875058135797e-18 6.342902250032735538e-20
9.420000000000000000e+02 1.856947156541746521e-19 5.821513351596388794e-19 1.239150605429079412e-19 1.894098366363840875e-18 1.437203055956817771e-18 6.098771463590781710e-20
9.520000000000000000e+02 1.804190648236021272e-19 5.607458979340981665e-19 1.182966020488640335e-19 1.837121580932080178e-18 1.378162619605392284e-18 5.865359892038553341e-20
9.620000000000000000e+02 1.753600841000316959e-19 5.400034422490287129e-19 1.129739116571901629e-19 1.782808290163592351e-18 1.320319984452710850e-18 5.641972357058129476e-20
9.720000000000000000e+02 1.705013291423704031e-19 5.198783514720657549e-19 1.079284434380493435e-19 1.731166029498126314e-18 1.263683533224570523e-18 5.428008014735383865e-20
9.820000000000000000e+02 1.658283910514754451e-19 5.003456035157635526e-19 1.031442437330339239e-19 1.682180368058987328e-18 1.208330389691200996e-18 5.222978255760354087e-20
9.920000000000000000e+02 1.613288269374422459e-19 4.813954163815051522e-19 9.860383547020857653e-20 1.635784982951662160e-18 1.154386808448747412e-18 5.026389544378642930e-20
1.002000000000000000e+03 1.569920609282641594e-19 4.630310611845593355e-19 9.429443621612933023e-20 1.591843577052264155e-18 1.102012102537356789e-18 4.837895606568266828e-20
1.012000000000000000e+03 1.528092554865565842e-19 4.452660201648195960e-19 9.020410803389672800e-20 1.550147823762444461e-18 1.051379235978744252e-18 4.657194262191235222e-20
1.022000000000000000e+03 1.487731395995624793e-19 4.281192299884577897e-19 8.631942062385017750e-20 1.510433745388304665e-18 1.002655045900721954e-18 4.483956406444877083e-20
1.032000000000000000e+03 1.448777649284115466e-19 4.116118807872079382e-19 8.262915807882240568e-20 1.472409919752715436e-18 9.559878394624197142e-19 4.317918672709628190e-20
1.042000000000000000e+03 1.411182919954707910e-19 3.957645727530131179e-19 7.912317158320261131e-20 1.435791935161157114e-18 9.114958855336036369e-19 4.158850042107733812e-20
1.052000000000000000e+03 1.374907390592566451e-19 3.805947170419378938e-19 7.579116506991665603e-20 1.400331478756142228e-18 8.692620633206730323e-19 4.006514324640915580e-20
1.062000000000000000e+03 1.339917796358553262e-19 3.661145450133714843e-19 7.262395167448661776e-20 1.365837453162798419e-18 8.293293658567387793e-19 3.860700217269030900e-20
1.072000000000000000e+03 1.306185100098942064e-19 3.523317334007694759e-19 6.961253552961005754e-20 1.332184030821386864e-18 7.917015601848269038e-19 3.721193991185216175e-20
1.082000000000000000e+03 1.273682572564001476e-19 3.392459629045594596e-19 6.674817202626656106e-20 1.299308301494943921e-18 7.563463669678784121e-19 3.587774332569084793e-20
1.092000000000000000e+03 1.242384232017733825e-19 3.268502517410340168e-19 6.402405248370268410e-20 1.267200483331665697e-18 7.232015690620016780e-19 3.460260743439949606e-20
1.102000000000000000e+03 1.212263524244387584e-19 3.151308637610898339e-19 6.143208030785492526e-20 1.235889604157234820e-18 6.921776472004286683e-19 3.338418201995377748e-20
1.112000000000000000e+03 1.183292237436458100e-19 3.040678222577334055e-19 5.896474059291587458e-20 1.205427747424323199e-18 6.631644243199874924e-19 3.222009875629424210e-20
1.122000000000000000e+03 1.155439803521165290e-19 2.936355994808201832e-19 5.661500793145542923e-20 1.175875347242926721e-18 6.360374823664143399e-19 3.110795294311479346e-20
1.132000000000000000e+03 1.128672836783973193e-19 2.838039946068782307e-19 5.437763047498904258e-20 1.147288789291335287e-18 6.106633147078789168e-19 3.004571099028491085e-20
1.142000000000000000e+03 1.102954923609881308e-19 2.745387308371590898e-19 5.224525574644767355e-20 1.119711247690257638e-18 5.869014167410947572e-19 2.903054923478472563e-20
1.152000000000000000e+03 1.078246665072257343e-19 2.658026700617051157e-19 5.021279900818645114e-20 1.093167336856258943e-18 5.646111680561278008e-19 2.806021181916820398e-20
1.162000000000000000e+03 1.054505842749829254e-19 2.575565094868563971e-19 4.827440230205853841e-20 1.067660913663491358e-18 5.436529344585566048e-19 2.713210469064903223e-20
1.172000000000000000e+03 1.031687782268517422e-19 2.497597327202288584e-19 4.642469651514248676e-20 1.043176228841729590e-18 5.238907919863585793e-19 2.624371060922605003e-20
1.182000000000000000e+03 1.009745772875623941e-19 2.423713221630196843e-19 4.465875993855020068e-20 1.019681353100001094e-18 5.051957903145619479e-19 2.539261029381147899e-20
1.192000000000000000e+03 9.886315465714146403e-20 2.353505716550159663e-19 4.297086311469451068e-20 9.971330653108082919e-19 4.874454429287383995e-19 2.457609794626999458e-20
1.202000000000000000e+03 9.682958992931152484e-20 2.286582589128664079e-19 4.135826179836470555e-20 9.754830160058548278e-19 4.705278281560352414e-19 2.379245436496847248e-20
1.212000000000000000e+03 9.486893611222172476e-20 2.222568207974978059e-19 3.981678609553396036e-20 9.546834015909536697e-19 4.543399399798648699e-19 2.303953378051519614e-20
1.222000000000000000e+03 9.297629597915134904e-20 2.161111229825834094e-19 3.834176718410521465e-20 9.346914834263877465e-19 4.387894634367836778e-19 2.231506978665620981e-20
1.232000000000000000e+03 9.114690289584707487e-20 2.101891825406408886e-19 3.693003907383128065e-20 9.154728705068607261e-19 4.237965655649641571e-19 2.161736803621973121e-20
1.242000000000000000e+03 8.937619364131341136e-20 2.044624832928963939e-19 3.557832933574548479e-20 8.970017852619447943e-19 4.092928951839919727e-19 2.094477929203899311e-20
1.252000000000000000e+03 8.765987502220357966e-20 1.989063210467550041e-19 3.428288997381999880e-20 8.792592519509813550e-19 3.952225374990941663e-19 2.029557223368364221e-20
1.262000000000000000e+03 8.599398316847912433e-20 1.935000841978805122e-19 3.304155675082549976e-20 8.622291417871277715e-19 3.815417152335098536e-19 1.966865217196230261e-20
1.272000000000000000e+03 8.437491873157697300e-20 1.882276749506418078e-19 3.185076516051885656e-20 8.458926087861965927e-19 3.682184812694079659e-19 1.906252034257844322e-20
1.282000000000000000e+03 8.279947736967225697e-20 1.830770218197458801e-19 3.070921385760774215e-20 8.302227846608218557e-19 3.552321130297536142e-19 1.847656085478780644e-20
1.292000000000000000e+03 8.126486196150691209e-20 1.780399103860535832e-19 2.961376859089604337e-20 8.151801911444663612e-19 3.425714895142301786e-19 1.790957397360044250e-20
1.302000000000000000e+03 7.976868641074415821e-20 1.731119277786887629e-19 2.856256637570303075e-20 8.007108889876497686e-19 3.302345614810863406e-19 1.736088281505704483e-20
1.312000000000000000e+03 7.830897062418638419e-20 1.682918754819055369e-19 2.755336132552909807e-20 7.867469939204687459e-19 3.182260150736585033e-19 1.682972526282111106e-20
1.322000000000000000e+03 7.688411998359610373e-20 1.635812901790121572e-19 2.658447572004059923e-20 7.732105927169982338e-19 3.065557365261754305e-19 1.631559523784673699e-20
1.332000000000000000e+03 7.549289857742438656e-20 1.589838353434653625e-19 2.565419083052157535e-20 7.600194860064930018e-19 2.952367502156867682e-19 1.581800921163783756e-20
1.342000000000000000e+03 7.413438923621601662e-20 1.545046516331080542e-19 2.476092081093817786e-20 7.470945486218139291e-19 2.842832654831703876e-19 1.533655989101113591e-20
1.352000000000000000e+03 7.280794797977375880e-20 1.501497389540325222e-19 2.390320041205577421e-20 7.343670603640249736e-19 2.737095717446723476e-19 1.487090367925005947e-20
1.362000000000000000e+03 7.151315607829000372e-20 1.459254093723307700e-19 2.307927038529964932e-20 7.217841890249300484e-19 2.635273969025085386e-19 1.442058574840043551e-20
1.372000000000000000e+03 7.024976619612335764e-20 1.418375625882477187e-19 2.228769958964218988e-20 7.093128325118147357e-19 2.537461120511467718e-19 1.398527041803081138e-20
1.382000000000000000e+03 6.901763980636359002e-20 1.378913727577637249e-19 2.152689535376536073e-20 6.969401215407925291e-19 2.443714105836396148e-19 1.356454055229845262e-20
1.392000000000000000e+03 6.781668863491185547e-20 1.340911382330863120e-19 2.079591769672786805e-20 6.846716244876882767e-19 2.354053244859681188e-19 1.315821425220649884e-20
1.402000000000000000e+03 6.664682455890828986e-20 1.304398466654684849e-19 2.009409212268747931e-20 6.725279411294784594e-19 2.268457748857244483e-19 1.276618868939808619e-20
1.412000000000000000e+03 6.550790196645161686e-20 1.269388000282299629e-19 1.941958201813198332e-20 6.605393037611164124e-19 2.186857660169346216e-19 1.238785186145838167e-20
1.422000000000000000e+03 6.439968571427805993e-20 1.235877588679737958e-19 1.877122383771737252e-20 6.487408929598417130e-19 2.109150473414357659e-19 1.202281929637401618e-20
1.432000000000000000e+03 6.332182258683983883e-20 1.203851177729673999e-19 1.814853747126248636e-20 6.371679725775953437e-19 2.035211620181480886e-19 1.167095160329696700e-20
1.442000000000000000e+03 6.227382159916731588e-20 1.173273593047896688e-19 1.754955240495401224e-20 6.258514924525084483e-19 1.964875426115756831e-19 1.133144633180180193e-20
1.452000000000000000e+03 6.125505899671194022e-20 1.144099297703204017e-19 1.697397669255823661e-20 6.148160570193095624e-19 1.897970265229648502e-19 1.100416469276929611e-20
1.462000000000000000e+03 6.026477200246338167e-20 1.116267019008621812e-19 1.642022636926510390e-20 6.040777683808121203e-19 1.834295919890238316e-19 1.068838873727825603e-20
1.472000000000000000e+03 5.930207971625428814e-20 1.089707262492604087e-19 1.588771183719731903e-20 5.936442153447816546e-19 1.773653358327271016e-19 1.038379459130448934e-20
1.482000000000000000e+03 5.836599036640236254e-20 1.064340169157608953e-19 1.537538183934514465e-20 5.835148872659573611e-19 1.715836100471313749e-19 1.008983914648517999e-20
1.492000000000000000e+03 5.745541841511917457e-20 1.040080033660199545e-19 1.488255578965243636e-20 5.736825783674361916e-19 1.660637551907462155e-19 9.806122039062768280e-21
1.502000000000000000e+03 5.656919081460060297e-20 1.016834982704396985e-19 1.440787081823731338e-20 5.641348262683649334e-19 1.607850777010454346e-19 9.531932473263743518e-21
1.512000000000000000e+03 5.570607452014559917e-20 9.945131880695245911e-20 1.395079050030383019e-20 5.548566647426408234e-19 1.557278562722529221e-19 9.266914215246292597e-21
1.522000000000000000e+03 5.486478771823725640e-20 9.730237018629476666e-20 1.351078291513920005e-20 5.458324368825352767e-19 1.508733453637469232e-19 9.010716627746930272e-21
1.532000000000000000e+03 5.404401722602103414e-20 9.522749023485293610e-20 1.308672668690756585e-20 5.370477089006419917e-19 1.462035285305234591e-19 8.762727473069948483e-21
1.542000000000000000e+03 5.324245204549934135e-20 9.321830473573628350e-20 1.267824288911209842e-20 5.284909546431201827e-19 1.417020700574742770e-19 8.522676303251846640e-21
1.552000000000000000e+03 5.245879569827487013e-20 9.126682370698055408e-20 1.228436379889018202e-20 5.201540204861355519e-19 1.373539101803138774e-19 8.290036455129047142e-21
1.562000000000000000e+03 5.169181377632605975e-20 8.936598499686373810e-20 1.190460816522232372e-20 5.120334177753797030e-19 1.331462094275958150e-19 8.064517061134768345e-21
1.572000000000000000e+03 5.094033857097663647e-20 8.750961031349993936e-20 1.153825355841103515e-20 5.041282101804117042e-19 1.290675748471408171e-19 7.845730664113303954e-21
1.582000000000000000e+03 5.020330237855860920e-20 8.569246396633491371e-20 1.118466703686029522e-20 4.964395176427620445e-19 1.251084424463046655e-19 7.633344740564603102e-21
1.592000000000000000e+03 4.947976114838716897e-20 8.391062313628378553e-20 1.084376030646805811e-20 4.889684286951942559e-19 1.212613554399627562e-19 7.427299896708648856e-21
1.602000000000000000e+03 4.876888819313468458e-20 8.216095659365904420e-20 1.051465773067728103e-20 4.817132600034262986e-19 1.175203607713632028e-19 7.227181558159799725e-21
1.612000000000000000e+03 4.807000596874435924e-20 8.044167280858609826e-20 1.019720089476845630e-20 4.746686075954726574e-19 1.138814732202374477e-19 7.032928437054981555e-21
1.622000000000000000e+03 4.738256146822942245e-20 7.875173107836263730e-20 9.890742436065028308e-21 4.678236051084501592e-19 1.103418971671559817e-19 6.844257458534596755e-21
1.632000000000000000e+03 4.670613869680872195e-20 7.709107050696015705e-20 9.594808922961707693e-21 4.611625289854393256e-19 1.069004225973785945e-19 6.660978653218376676e-21
1.642000000000000000e+03 4.604044312861654211e-20 7.546042231166847246e-20 9.309144625661222716e-21 4.546656577581462783e-19 1.035568571738669250e-19 6.483015012769231220e-21
1.652000000000000000e+03 4.538528253637712117e-20 7.386113611932777106e-20 9.033225423731101888e-21 4.483109347107399971e-19 1.003116132412531550e-19 6.310165302194496057e-21
1.662000000000000000e+03 4.474056026685317599e-20 7.229501211275939871e-20 8.766813990125440101e-21 4.420764913287260045e-19 9.716554454290350828e-20 6.142370819634094937e-21
1.672000000000000000e+03 4.410624549556052031e-20 7.076406882221590823e-20 8.509446179093219162e-21 4.359421092419024043e-19 9.411959245719887951e-20 5.979462381349219225e-21
1.682000000000000000e+03 4.348236926630809801e-20 6.927054281376650920e-20 8.260986320688286971e-21 4.298915028761817372e-19 9.117481006796335219e-20 5.821433070361202241e-21
1.692000000000000000e+03 4.286899315106824456e-20 6.781644669235211718e-20 8.020697235600388802e-21 4.239131272639473664e-19 8.833165197396027179e-20 5.667971804269351071e-21
1.702000000000000000e+03 4.226619991780587558e-20 6.640381169547659593e-20 7.788492990575104631e-21 4.180004481888130541e-19 8.559032236158485468e-20 5.519086876572387498e-21
1.712000000000000000e+03 4.167407624910538245e-20 6.503439818657297282e-20 7.564263210404807747e-21 4.121519385717473949e-19 8.295041275831368595e-20 5.374769859224816300e-21
1.722000000000000000e+03 4.109269304859726564e-20 6.370936491137163887e-20 7.347379141513711113e-21 4.063698916915730215e-19 8.041041255465090836e-20 5.234739539413492299e-21
1.732000000000000000e+03 4.052210027844443668e-20 6.242968067660504600e-20 7.137808716204276634e-21 4.006599892280673060e-19 7.796859524400340365e-20 5.099010249765351142e-21
1.742000000000000000e+03 3.996230355243846758e-20 6.119560351345925982e-20 6.935092635385054248e-21 3.950294628319547787e-19 7.562235408800519427e-20 4.967367717154082534e-21
1.752000000000000000e+03 3.941327693580130272e-20 6.000708404254939819e-20 6.739081956993325741e-21 3.894862842545489671e-19 7.336863591119716155e-20 4.839748407314692958e-21
1.762000000000000000e+03 3.887494148179880410e-20 5.886333028258605532e-20 6.549410851555033239e-21 3.840377921739122814e-19 7.120385240766484311e-20 4.715966748289586576e-21
1.772000000000000000e+03 3.834716662632428249e-20 5.776314654574319089e-20 6.365686937564727773e-21 3.786899478182134985e-19 6.912413002551604937e-20 4.595814858316205542e-21
1.782000000000000000e+03 3.782979465688432006e-20 5.670519556220067719e-20 6.188072134648873355e-21 3.734474864146498240e-19 6.712566044702555308e-20 4.479370332077140856e-21
1.792000000000000000e+03 3.732262049939894228e-20 5.568744250315093496e-20 6.016222566672381447e-21 3.683126529771025117e-19 6.520398046468142341e-20 4.366438524544807751e-21
1.802000000000000000e+03 3.682539353510271809e-20 5.470750998029533304e-20 5.849824735360833799e-21 3.632856970468109784e-19 6.335464974752083655e-20 4.256835145291200797e-21
1.812000000000000000e+03 3.633784467318002953e-20 5.376289396093766379e-20 5.688771382968857080e-21 3.583657852188149249e-19 6.157331460562266597e-20 4.150482625829540482e-21
1.822000000000000000e+03 3.585967191137789294e-20 5.285080594922054099e-20 5.532810228290651093e-21 3.535508178699547410e-19 5.985568347250375505e-20 4.047223918185821617e-21
1.832000000000000000e+03 3.539053566036585831e-20 5.196824434463399947e-20 5.381617793043474662e-21 3.488376012177561079e-19 5.819736486526852946e-20 3.946860045028249576e-21
1.842000000000000000e+03 3.493010569439451928e-20 5.111257405770050556e-20 5.235256203096487076e-21 3.442238866078907280e-19 5.659444610023254358e-20 3.849403032862839650e-21
1.852000000000000000e+03 3.447801471667398262e-20 5.028067527209206264e-20 5.093335173848522033e-21 3.397069787008973673e-19 5.504290126583242261e-20 3.754617501770247569e-21
1.862000000000000000e+03 3.403391339700794758e-20 4.947013178735014254e-20 4.955880528240341274e-21 3.352850548390957463e-19 5.353928582552382726e-20 3.662499574975608266e-21
1.872000000000000000e+03 3.359743296726657459e-20 4.867834145357628969e-20 4.822643056127083688e-21 3.309562405088540507e-19 5.208025254592141442e-20 3.572895306833057456e-21
1.882000000000000000e+03 3.316822609648547228e-20 4.790296885969045166e-20 4.693451002333620584e-21 3.267191235813448527e-19 5.066285078324314126e-20 3.485695758916093300e-21
1.892000000000000000e+03 3.274595760077117704e-20 4.714215507124796465e-20 4.568206413258000390e-21 3.225721364281328923e-19 4.928454177084141000e-20 3.400836870227801785e-21
1.902000000000000000e+03 3.233031487157792421e-20 4.639428430157039375e-20 4.446745125434842477e-21 3.185130741113243679e-19 4.794306187383581982e-20 3.318220453009773614e-21
1.912000000000000000e+03 3.192101875412929871e-20 4.565809549310989054e-20 4.328951233975673574e-21 3.145395548164900987e-19 4.663669090107075653e-20 3.237779234579251911e-21
1.922000000000000000e+03 3.151782295531907187e-20 4.493276874115475773e-20 4.214746080154526012e-21 3.106477695963633287e-19 4.536404426620851722e-20 3.159470420885429829e-21
1.932000000000000000e+03 3.112051123290299401e-20 4.421777851663726641e-20 4.103996284286435883e-21 3.068323562903919348e-19 4.412417183028173970e-20 3.083223786111829303e-21
1.942000000000000000e+03 3.072889187666744937e-20 4.351289384991294510e-20 3.996586442225901106e-21 3.030868829043051916e-19 4.291642769561247369e-20 3.008981462529216960e-21
1.952000000000000000e+03 3.034284147522210898e-20 4.281827342591785357e-20 3.892378046654296269e-21 2.994047874747662969e-19 4.174062695162512234e-20 2.936676412004838997e-21
1.962000000000000000e+03 2.996222426587271402e-20 4.213400816276492296e-20 3.791052922789856217e-21 2.957783414151333797e-19 4.059664058906565868e-20 2.866137555709819472e-21
1.972000000000000000e+03 2.958698015782638526e-20 4.146100505381232437e-20 3.692794089924101624e-21 2.922007764883223096e-19 3.948480258014027738e-20 2.797485567978433732e-21
1.982000000000000000e+03 2.921707531955947845e-20 4.080000064828578627e-20 3.597549889968066756e-21 2.886669173382527462e-19 3.840533235708884466e-20 2.730706663717117616e-21
1.992000000000000000e+03 2.885246495070638223e-20 4.015177213781334234e-20 3.505123326842922883e-21 2.851715266629761211e-19 3.735836448608051678e-20 2.665702183083284778e-21
2.002000000000000000e+03 2.849314980744975541e-20 3.951716384389515272e-20 3.415367454917257346e-21 2.817120545455127288e-19 3.634390001363224072e-20 2.602400990453533635e-21
2.012000000000000000e+03 2.813912080200873397e-20 3.889718000483734470e-20 3.328342389569728200e-21 2.782867639699902151e-19 3.536179044344932367e-20 2.540851151725858814e-21
2.022000000000000000e+03 2.779037401689646953e-20 3.829249353220268733e-20 3.243768970516147418e-21 2.748958698751839727e-19 3.441161157144222490e-20 2.480900035545055747e-21
2.032000000000000000e+03 2.744692610591519180e-20 3.770401919102037334e-20 3.161766729148372028e-21 2.715412160119584221e-19 3.349279924945579727e-20 2.422627119934669311e-21
2.042000000000000000e+03 2.710875061629145371e-20 3.713203061187493556e-20 3.081955468650329045e-21 2.682240616024401356e-19 3.260432774460498902e-20 2.365812827148833831e-21
2.052000000000000000e+03 2.677585791312832838e-20 3.657724288822642610e-20 3.004543452669027373e-21 2.649477241423548605e-19 3.174531589627681116e-20 2.310585225153795742e-21
2.062000000000000000e+03 2.644821361641862901e-20 3.603977380438596727e-20 2.929351271526624889e-21 2.617146402687120359e-19 3.091457743304233783e-20 2.256839506590581813e-21
2.072000000000000000e+03 2.612579203185951492e-20 3.551972116998957959e-20 2.856336338088969282e-21 2.585275738603840553e-19 3.011090296813601064e-20 2.204550675313262705e-21
2.082000000000000000e+03 2.580853010910347480e-20 3.501672770535399881e-20 2.785324700411159285e-21 2.553882746604902506e-19 2.933294567678461312e-20 2.153612000176654613e-21
2.092000000000000000e+03 2.549639318848417745e-20 3.453052938846712101e-20 2.716348320209615422e-21 2.522989257863282427e-19 2.857952116433110198e-20 2.104040354853017769e-21
2.102000000000000000e+03 2.518932487406767496e-20 3.406063950830341593e-20 2.649372489346478878e-21 2.492601342147609915e-19 2.784940559774969793e-20 2.055811542947708070e-21
2.112000000000000000e+03 2.488723428177238080e-20 3.360607904847646481e-20 2.584244871804194269e-21 2.462714672306100868e-19 2.714133551372873616e-20 2.008827882081658316e-21
2.122000000000000000e+03 2.459007162471085517e-20 3.316618346322326454e-20 2.521014140564727186e-21 2.433337489006361697e-19 2.645438898308300991e-20 1.963115921098573201e-21
2.132000000000000000e+03 2.429771133096525905e-20 3.273986218911332099e-20 2.459519691781818404e-21 2.404449507281662915e-19 2.578752705087352053e-20 1.918572747492919224e-21
2.142000000000000000e+03 2.401008280255369200e-20 3.232580427568954047e-20 2.399767183888876901e-21 2.376050070537807793e-19 2.513992627874832325e-20 1.875196916938485918e-21
2.152000000000000000e+03 2.372707457109491480e-20 3.192288150439512794e-20 2.341635860982324815e-21 2.348124948337738686e-19 2.451083668604207755e-20 1.832910694394131988e-21
2.162000000000000000e+03 2.344854842232745944e-20 3.153015990041169500e-20 2.285125481271596479e-21 2.320657956513916256e-19 2.389943991649297324e-20 1.791709904308639660e-21
2.172000000000000000e+03 2.317444176321957830e-20 3.114680368014800606e-20 2.230287217642014951e-21 2.293656215542719704e-19 2.330504503184185813e-20 1.751624028462129250e-21
2.182000000000000000e+03 2.290457623043315045e-20 3.077134490649659463e-20 2.176956090302699809e-21 2.267098895220689128e-19 2.272682275355706760e-20 1.712545912057543620e-21
2.192000000000000000e+03 2.263885054865999483e-20 3.040268624345039392e-20 2.125115126749311284e-21 2.240991810668875505e-19 2.216412129667994044e-20 1.674462129133986413e-21
2.202000000000000000e+03 2.237720366726350031e-20 3.004091609193276442e-20 2.074884209044904633e-21 2.215338074134385517e-19 2.161627569851580661e-20 1.637448322078465042e-21
2.212000000000000000e+03 2.211941949898931864e-20 2.968400189989905512e-20 2.025950578622875177e-21 2.190124385190282579e-19 2.108260770962876581e-20 1.601303608579507371e-21
2.222000000000000000e+03 2.186545865102351718e-20 2.933232289000950975e-20 1.978499057494335413e-21 2.165350890381734847e-19 2.056261342037723358e-20 1.566145921579867837e-21
2.232000000000000000e+03 2.161514285430869764e-20 2.898470874797841888e-20 1.932339306937548894e-21 2.141011744262155642e-19 2.005585567377340750e-20 1.531854043050002078e-21
2.242000000000000000e+03 2.136843454754230672e-20 2.864135261790474982e-20 1.887545655186163495e-21 2.117103107310535877e-19 1.956204709612666466e-20 1.498477789494496012e-21
2.252000000000000000e+03 2.112521629625306410e-20 2.830186609880751426e-20 1.843988190175951643e-21 2.093608907028712661e-19 1.908106534029186840e-20 1.465937351752430744e-21
2.262000000000000000e+03 2.088546974056669886e-20 2.796661120756418838e-20 1.801751867896263620e-21 2.070522749338503534e-19 1.861300432061216516e-20 1.434292083206019429e-21
2.272000000000000000e+03 2.064902884176789664e-20 2.763503261770133291e-20 1.760604887769993347e-21 2.047812035587552599e-19 1.815802102437046932e-20 1.403397816987128892e-21
2.282000000000000000e+03 2.041586324818086372e-20 2.730769188569778745e-20 1.720625993412090186e-21 2.025460886362877725e-19 1.771642299263433914e-20 1.373311311922458534e-21
2.292000000000000000e+03 2.018597253102973787e-20 2.698513559352127454e-20 1.681813198469785934e-21 2.003453465459636377e-19 1.728851439508266047e-20 1.344038333456800410e-21
2.302000000000000000e+03 1.995929359468661631e-20 2.666752941448619194e-20 1.644076687559749192e-21 1.981772058105233252e-19 1.687454997970177259e-20 1.315526848935794566e-21
2.312000000000000000e+03 1.973579434871844220e-20 2.635529368458422488e-20 1.607354877799117444e-21 1.960397735835438269e-19 1.647464030189923688e-20 1.287742272107758798e-21
2.322000000000000000e+03 1.951541603829298839e-20 2.604887450533025896e-20 1.571613963746217032e-21 1.939310745590835599e-19 1.608876721824368681e-20 1.260666622623328256e-21
2.332000000000000000e+03 1.929817804129761030e-20 2.574884573721710870e-20 1.536857773746789345e-21 1.918512703056849933e-19 1.571668853979432001e-20 1.234305254841183557e-21
2.342000000000000000e+03 1.908403041080261450e-20 2.545516246308779777e-20 1.502912735299285461e-21 1.897987423772720544e-19 1.535790075708329324e-20 1.208545345154494414e-21
2.352000000000000000e+03 1.887291504200220626e-20 2.516856458127611596e-20 1.469860314276504204e-21 1.877735849720863550e-19 1.501188409552410149e-20 1.183439937468853459e-21
2.362000000000000000e+03 1.866490183882089715e-20 2.488969415281631951e-20 1.437716811957493044e-21 1.857759325635727930e-19 1.467788808260312984e-20 1.158998946475528700e-21
2.372000000000000000e+03 1.845993795649043164e-20 2.461853962867323260e-20 1.406377639336719746e-21 1.838058519470179631e-19 1.435497421670032227e-20 1.135150423660388423e-21
2.382000000000000000e+03 1.825800522113122805e-20 2.435527198186471873e-20 1.375814076674987531e-21 1.818633604251174635e-19 1.404217413272532425e-20 1.111871580162823081e-21
2.392000000000000000e+03 1.805908454405835614e-20 2.410018322667484267e-20 1.346036030444921305e-21 1.799490942405606343e-19 1.373853409170805985e-20 1.089165025010695463e-21
2.402000000000000000e+03 1.786312864385349843e-20 2.385303442735033478e-20 1.316990500901852245e-21 1.780619308988760894e-19 1.344307348891050120e-20 1.066990672453534456e-21
2.412000000000000000e+03 1.767015344673980936e-20 2.361365688526746827e-20 1.288665118014194054e-21 1.762038976877694032e-19 1.315495793469537986e-20 1.045336250599576775e-21
2.422000000000000000e+03 1.748010920737754460e-20 2.338199123276643293e-20 1.261027410685939036e-21 1.743732105568932523e-19 1.287343228767871283e-20 1.024176506864278655e-21
2.432000000000000000e+03 1.729295332644045497e-20 2.315711413221157560e-20 1.234022769521644923e-21 1.725696939194864520e-19 1.259779388709019149e-20 1.003470147195865073e-21
2.442000000000000000e+03 1.710870697505938726e-20 2.293933420049289021e-20 1.207721826041653952e-21 1.707938524264787383e-19 1.232765108956051966e-20 9.832631691338904815e-22
2.452000000000000000e+03 1.692732478835866987e-20 2.272780530778390118e-20 1.182068551970744591e-21 1.690445825733999831e-19 1.206264010572835423e-20 9.635156465183679985e-22
2.462000000000000000e+03 1.674874029047648210e-20 2.252165798098617173e-20 1.157015511362671766e-21 1.673212244708382169e-19 1.180251583933697392e-20 9.441938373446921496e-22
2.472000000000000000e+03 1.657288610779857269e-20 2.232020461383009099e-20 1.132551314616049368e-21 1.656233221637637579e-19 1.154716664959838858e-20 9.252891002470536653e-22
2.482000000000000000e+03 1.639981758869689384e-20 2.212376775429029955e-20 1.108739333589235493e-21 1.639517476451546620e-19 1.129656413343070427e-20 9.068455251513261297e-22
2.492000000000000000e+03 1.622940969128544026e-20 2.193060665215784801e-20 1.085485149385255557e-21 1.623049941777841008e-19 1.105061045854160666e-20 8.887972873059088342e-22
2.502000000000000000e+03 1.606165652110478372e-20 2.174055012781015428e-20 1.062827620604186478e-21 1.606835565742711565e-19 1.080928195523254460e-20 8.711712636034716506e-22
2.512000000000000000e+03 1.589648689669948993e-20 2.155313494239261360e-20 1.040744766992442416e-21 1.590866891620402116e-19 1.057259443607380449e-20 8.539531977758752217e-22
2.522000000000000000e+03 1.573382855396753830e-20 2.136782085935097555e-20 1.019214425558746165e-21 1.575135920298331735e-19 1.034049995956533059e-20 8.371281360763200660e-22
2.532000000000000000e+03 1.557366504244548288e-20 2.118406474165807449e-20 9.982269175287220743e-22 1.559650615584398037e-19 1.011305380886895896e-20 8.206904065652733060e-22
2.542000000000000000e+03 1.541583365623870378e-20 2.100113792802902973e-20 9.776788632021819490e-22 1.544387578931575960e-19 9.890280214657779663e-21 8.045699504348688880e-22
2.552000000000000000e+03 1.526040765514168982e-20 2.081998766756454991e-20 9.577171130017541771e-22 1.529365380653537046e-19 9.672333590023249425e-21 7.888701120293362106e-22
2.562000000000000000e+03 1.510735161093689418e-20 2.064005621516296477e-20 9.382973635094818748e-22 1.514580508776769028e-19 9.459352326852345757e-21 7.735623580885983570e-22
2.572000000000000000e+03 1.495645584217756443e-20 2.046095364388409583e-20 9.193630221891180308e-22 1.500006279182843228e-19 9.251551564469350744e-21 7.586098983726737748e-22
2.582000000000000000e+03 1.480778302677866490e-20 2.028295002623860219e-20 9.009256306992166323e-22 1.485653215800179960e-19 9.049246880045973216e-21 7.440246132234862735e-22
2.592000000000000000e+03 1.466137019506112179e-20 2.010652921368615478e-20 8.829748960070600896e-22 1.471522511673404519e-19 8.852744409698827020e-21 7.298036488229577815e-22
2.602000000000000000e+03 1.451697372427429870e-20 1.993119664245007373e-20 8.654471158530896512e-22 1.457578835614645354e-19 8.662346175556796778e-21 7.159054787584677497e-22
2.612000000000000000e+03 1.437467640434594693e-20 1.975779944754456183e-20 8.483859530553151261e-22 1.443827667127880455e-19 8.478297445175946479e-21 7.023642036389547777e-22
2.622000000000000000e+03 1.423434751708928512e-20 1.958595876863711562e-20 8.316898665177663313e-22 1.430271357217728558e-19 8.300762074680527693e-21 6.891117693772208988e-22
2.632000000000000000e+03 1.409615805041598887e-20 1.941717054510322033e-20 8.154592578152351394e-22 1.416917653175902456e-19 8.129794253048431656e-21 6.762208208260848765e-22
2.642000000000000000e+03 1.395990245932052535e-20 1.925112484977430417e-20 7.996005555468472938e-22 1.403736800430900272e-19 7.965217954412670940e-21 6.636259837603370908e-22
2.652000000000000000e+03 1.382561702828113979e-20 1.908844994994037321e-20 7.841199006912577994e-22 1.390750065486859475e-19 7.806762747625958633e-21 6.513313734035401816e-22
2.662000000000000000e+03 1.369323762509360363e-20 1.892947433836006676e-20 7.689852348814541843e-22 1.377938228891091759e-19 7.653971885607311465e-21 6.393126757543156342e-22
2.672000000000000000e+03 1.356272559158523997e-20 1.877460932189348836e-20 7.541889173421651397e-22 1.365294447048289377e-19 7.506270151956338695e-21 6.275616150188405430e-22
2.682000000000000000e+03 1.343414329829832969e-20 1.862428158032513735e-20 7.397239620046723404e-22 1.352839341342223753e-19 7.363036950895685450e-21 6.160702325112513491e-22
2.692000000000000000e+03 1.330752778041438874e-20 1.847909371546443094e-20 7.255854447047959912e-22 1.340570931667568405e-19 7.223618198296604050e-21 6.048317451140325914e-22
2.702000000000000000e+03 1.318278619773725415e-20 1.833910566725607135e-20 7.117693706243590462e-22 1.328487909298792246e-19 7.087397963783182915e-21 5.938393508051609255e-22
2.712000000000000000e+03 1.305985728675698913e-20 1.820431598287869601e-20 6.982493662269613981e-22 1.316577555941408425e-19 6.953787682202934397e-21 5.830707888204892629e-22
2.722000000000000000e+03 1.293881845638824964e-20 1.807434596722697144e-20 6.850008565416661870e-22 1.304845723636366085e-19 6.822306990557472387e-21 5.725056148031022177e-22
2.732000000000000000e+03 1.281957132421001333e-20 1.794812131121185022e-20 6.720042502945865561e-22 1.293284693906913867e-19 6.692633977219049889e-21 5.621268356077864574e-22
2.742000000000000000e+03 1.270203913952774510e-20 1.782706444743531763e-20 6.592930866634477491e-22 1.281884245132661556e-19 6.564559879488442276e-21 5.519579365742307845e-22
2.752000000000000000e+03 1.258645422080945436e-20 1.771178128723988373e-20 6.469034380494440483e-22 1.270666133755494175e-19 6.437996297052039983e-21 5.420249360916064284e-22
2.762000000000000000e+03 1.247264844060502372e-20 1.760074574348589407e-20 6.347741795179482514e-22 1.259602112041401407e-19 6.312876254151517644e-21 5.322829594067779969e-22
2.772000000000000000e+03 1.236057818033940971e-20 1.749260122481808220e-20 6.228932792574411232e-22 1.248686027099137975e-19 6.189232850737677921e-21 5.227227124969508303e-22
2.782000000000000000e+03 1.225039251936590191e-20 1.738909487877786942e-20 6.113406513564187452e-22 1.237943536660033276e-19 6.067224274465075769e-21 5.134038179121624798e-22
2.792000000000000000e+03 1.214179431886409443e-20 1.728723597447984391e-20 6.000156168613220814e-22 1.227331848600273447e-19 5.946945737338909940e-21 5.042531523966503179e-22
2.802000000000000000e+03 1.203501160008820034e-20 1.718858153412261643e-20 5.889994161793218244e-22 1.216897688870238704e-19 5.828562649946071637e-21 4.953314717709330712e-22
2.812000000000000000e+03 1.192982565916579456e-20 1.709053955393457405e-20 5.782144317994077002e-22 1.206569831018758485e-19 5.712126655277726166e-21 4.865820798259346035e-22
2.822000000000000000e+03 1.182627055771339101e-20 1.699361304283734664e-20 5.677161248777872206e-22 1.196394558752362630e-19 5.597708166068105576e-21 4.780457832429389977e-22
2.832000000000000000e+03 1.172444203159944532e-20 1.689715821608934764e-20 5.574857572736105970e-22 1.186376647970430188e-19 5.485338496983058761e-21 4.697097266281230632e-22
2.842000000000000000e+03 1.162431099137695320e-20 1.680094614904065325e-20 5.475393608474537242e-22 1.176505710296010003e-19 5.375011391847507877e-21 4.615855482375536158e-22
2.852000000000000000e+03 1.152549714871650468e-20 1.670338108251002572e-20 5.378321052505136966e-22 1.166756608659908564e-19 5.266702890352074855e-21 4.536399373719531182e-22
2.862000000000000000e+03 1.142812478073359075e-20 1.660503706058728235e-20 5.283750881219599437e-22 1.157122659154336497e-19 5.160417321240639785e-21 4.458819840671376157e-22
2.872000000000000000e+03 1.133242813658001634e-20 1.650638825004395868e-20 5.192064282813039972e-22 1.147650555422479905e-19 5.056221816227782082e-21 4.383406484184343915e-22
2.882000000000000000e+03 1.123805442703138727e-20 1.640580000198116138e-20 5.102578146309258947e-22 1.138306514352364621e-19 4.954220829789787442e-21 4.309668478073013204e-22
2.892000000000000000e+03 1.114523511010482295e-20 1.630453651869344693e-20 5.015663154974606239e-22 1.129107267107177068e-19 4.854655484429599944e-21 4.237906288233151331e-22
2.902000000000000000e+03 1.105355459451673943e-20 1.620221141900190199e-20 4.931073964240604581e-22 1.120003153454955323e-19 4.757869152299878383e-21 4.167967309546834026e-22
2.912000000000000000e+03 1.096332819892534665e-20 1.609881272711274062e-20 4.848531173444430180e-22 1.111043599139720920e-19 4.664291310680396642e-21 4.099696009887410081e-22
2.922000000000000000e+03 1.087446093479921253e-20 1.599489306440239287e-20 4.767947515331067086e-22 1.102223531479672074e-19 4.574359548012114793e-21 4.033072049594241341e-22
2.932000000000000000e+03 1.078673138429763610e-20 1.589048013169893395e-20 4.689163717117018904e-22 1.093499730567735074e-19 4.488432212278944901e-21 3.968012157585168373e-22
2.942000000000000000e+03 1.070040093726754789e-20 1.578686011005443119e-20 4.612637007594829882e-22 1.084923666484007413e-19 4.406782305346551643e-21 3.904883711992459328e-22
2.952000000000000000e+03 1.061504270679974393e-20 1.568365358434244786e-20 4.537812139933464141e-22 1.076445599881451521e-19 4.329493293419237677e-21 3.843292833190417289e-22
2.962000000000000000e+03 1.053117920077508169e-20 1.558244085411591323e-20 4.464901983868980703e-22 1.068118182717201863e-19 4.256506243109677875e-21 3.783409677487373369e-22
2.972000000000000000e+03 1.044840028545948791e-20 1.548306482019928016e-20 4.393621549229319163e-22 1.059922783874108958e-19 4.187533784118000964e-21 3.725004479194296711e-22
2.982000000000000000e+03 1.036676720062936823e-20 1.538625667407577201e-20 4.323687857466838314e-22 1.051843230982081890e-19 4.122182607550667363e-21 3.667850308573969339e-22
2.992000000000000000e+03 1.028649823462236985e-20 1.529285189186231803e-20 4.255259877089184184e-22 1.043895625238492749e-19 4.059928845326714930e-21 3.612029315397962151e-22
3.002000000000000000e+03 1.020716194729337804e-20 1.520307665283937675e-20 4.188145711240460823e-22 1.036081570154316416e-19 4.000196572528266842e-21 3.557354697791265359e-22
3.012000000000000000e+03 1.012912802678588833e-20 1.511760960322961018e-20 4.122313322286215628e-22 1.028405797159792114e-19 3.942337686409597154e-21 3.503760936377924523e-22
3.022000000000000000e+03 1.005227045241679503e-20 1.503658714912981055e-20 4.057650059657679202e-22 1.020862849341662674e-19 3.885753212951855280e-21 3.451118750303326623e-22
3.032000000000000000e+03 9.976751863108950773e-21 1.496090038903143611e-20 3.994370820440921097e-22 1.013462006223383750e-19 3.829939211736325129e-21 3.399550880805361143e-22
3.042000000000000000e+03 9.902209246577427664e-21 1.488914064980852376e-20 3.931847998847230848e-22 1.006176607933182275e-19 3.774417962468457061e-21 3.348553573334042874e-22
3.052000000000000000e+03 9.828822338271441037e-21 1.482214731457113894e-20 3.870421718641097992e-22 9.990096384480189026e-20 3.718869941809756236e-21 3.298354525908440319e-22
3.062000000000000000e+03 9.756692299768729553e-21 1.476046712640705635e-20 3.810386163202944762e-22 9.919967645398182226e-20 3.663067456911301518e-21 3.249154110205915420e-22
3.072000000000000000e+03 9.685705549878879863e-21 1.470195965573931995e-20 3.751162472717226482e-22 9.850763573919206321e-20 3.606830572830601896e-21 3.200505349358164041e-22
3.082000000000000000e+03 9.616023626933044260e-21 1.464768284014129362e-20 3.693135178267179686e-22 9.782777667779802762e-20 3.550144326678021378e-21 3.152693943293577793e-22
3.092000000000000000e+03 9.547436339775029845e-21 1.459580826978985679e-20 3.636116039184670069e-22 9.715829968468112229e-20 3.493060464874210234e-21 3.105575958340831710e-22
3.102000000000000000e+03 9.480076900758149594e-21 1.454661843183364213e-20 3.580284754515890663e-22 9.650173578850650058e-20 3.435697367711608122e-21 3.059294915910432458e-22
3.112000000000000000e+03 9.413917718936255594e-21 1.449798314809380982e-20 3.525420916047781678e-22 9.585277865095613832e-20 3.378226381607922342e-21 3.013693451865797898e-22
3.122000000000000000e+03 9.348434363919071296e-21 1.444916164467225179e-20 3.471441330777708284e-22 9.520780495057250932e-20 3.320834470050865738e-21 2.968717197628407890e-22
3.132000000000000000e+03 9.284358373519741993e-21 1.440143699999878765e-20 3.418881747729081138e-22 9.457613791378213047e-20 3.263732774656094901e-21 2.924789338457613642e-22
3.142000000000000000e+03 9.221411148045808364e-21 1.435345324066531319e-20 3.367569926110205448e-22 9.395324491663070545e-20 3.207051662810441518e-21 2.881786484745205935e-22
3.152000000000000000e+03 9.159428828021419250e-21 1.430416309024040631e-20 3.317431847707780813e-22 9.333792586742474412e-20 3.150913328020687764e-21 2.839659621999144766e-22
3.162000000000000000e+03 9.098586323129520887e-21 1.425341550532574807e-20 3.268588968025122460e-22 9.273038576085960958e-20 3.095388092059212350e-21 2.798506025943823373e-22
3.172000000000000000e+03 9.038805918395993279e-21 1.420009832490766148e-20 3.221000476189350496e-22 9.213216348537763266e-20 3.040553227246036907e-21 2.758298784272571785e-22
3.182000000000000000e+03 8.979605173407726315e-21 1.414343892082293850e-20 3.174478536870216466e-22 9.154042874987970778e-20 2.986475746207686352e-21 2.718899792820983390e-22
3.192000000000000000e+03 8.921616833391195117e-21 1.408494605439540285e-20 3.129333080880322317e-22 9.095510833377234411e-20 2.933261393644689655e-21 2.680558357212530682e-22
3.202000000000000000e+03 8.864258589163730886e-21 1.402234453983429020e-20 3.085140443596941901e-22 9.037525612020338689e-20 2.881059059737319942e-21 2.642964260428951864e-22
3.212000000000000000e+03 8.808033725217853631e-21 1.395744539861895668e-20 3.042269728601601150e-22 8.980652155631245469e-20 2.830128527938659384e-21 2.606423881943184546e-22
3.222000000000000000e+03 8.752591942826485275e-21 1.389034259689531864e-20 3.000532474202878893e-22 8.924327798159482983e-20 2.780791115407637359e-21 2.570825367477467805e-22
3.232000000000000000e+03 8.697872612941253713e-21 1.382055945801603096e-20 2.959731353747078492e-22 8.868822878143799062e-20 2.733399568260438114e-21 2.536055169875577886e-22
3.242000000000000000e+03 8.643888665999897619e-21 1.374932094106072431e-20 2.919950647643513379e-22 8.813737210508326801e-20 2.688269706153527061e-21 2.502209849205129325e-22
3.252000000000000000e+03 8.590713855470564578e-21 1.367753327998950776e-20 2.881066598547371078e-22 8.759490335570811234e-20 2.645617302088779349e-21 2.469224853098205206e-22
3.262000000000000000e+03 8.538326199070825497e-21 1.360548645992284997e-20 2.842962823506587543e-22 8.706055423917138690e-20 2.605519125303104740e-21 2.437025524545223416e-22
3.272000000000000000e+03 8.486663625971399295e-21 1.353405205968267446e-20 2.805719078028697448e-22 8.653839952799853918e-20 2.567892022692428165e-21 2.405668694741872486e-22
3.282000000000000000e+03 8.435880546276994006e-21 1.346453310182720629e-20 2.769192529292060956e-22 8.602251483097635081e-20 2.532533418979733286e-21 2.375038633259259901e-22
3.292000000000000000e+03 8.385652531984095191e-21 1.339799121050850124e-20 2.733408504206886854e-22 8.551281608893079123e-20 2.499113201464429644e-21 2.345126979906217657e-22
3.302000000000000000e+03 8.336469996264686237e-21 1.333460788282254062e-20 2.698112145213580967e-22 8.501683885215364707e-20 2.467248801706116078e-21 2.315718066165449203e-22
3.312000000000000000e+03 8.287731015403066632e-21 1.327172424338494690e-20 2.662912907413691013e-22 8.453121571878963249e-20 2.436484486236378623e-21 2.286471061186243351e-22
3.322000000000000000e+03 8.239866574311596511e-21 1.321535788327141713e-20 2.628437386873793253e-22 8.405383655660601213e-20 2.406494195849318542e-21 2.257839927317807490e-22
3.332000000000000000e+03 8.192925467547386974e-21 1.316482987425613622e-20 2.594617349596088693e-22 8.359072654530012957e-20 2.376872342146919401e-21 2.229737251171020487e-22
3.342000000000000000e+03 8.146581896485101158e-21 1.312047885177345809e-20 2.561340973758168412e-22 8.313338850884322203e-20 2.347287786536489595e-21 2.202049020898790031e-22
3.352000000000000000e+03 8.101094809950521766e-21 1.308125159159781614e-20 2.528386719839449274e-22 8.268806920660129339e-20 2.317475820980455985e-21 2.174587085118895145e-22
3.362000000000000000e+03 8.056847044731520922e-21 1.304904167428631238e-20 2.496132734909782291e-22 8.225716187450830208e-20 2.287256490933386544e-21 2.147622765191762157e-22
3.372000000000000000e+03 8.013109392670299008e-21 1.302275329361642299e-20 2.464167994711783194e-22 8.182671564213549088e-20 2.256514435940224462e-21 2.120831689066327119e-22
3.382000000000000000e+03 7.970696090347137265e-21 1.300278092908728939e-20 2.432958392222568702e-22 8.141310207986407924e-20 2.225222746699335689e-21 2.094563336055511674e-22
3.392000000000000000e+03 7.928392063531464535e-21 1.298615619324360218e-20 2.401931106415875272e-22 8.099902280706246885e-20 2.193434000117072344e-21 2.068379483313885318e-22
3.402000000000000000e+03 7.887475619442712075e-21 1.297449117741511149e-20 2.371655914275228139e-22 8.059529382239267282e-20 2.161279345838785193e-21 2.042726723195357324e-22
3.412000000000000000e+03 7.847520833352561413e-21 1.296583434662296803e-20 2.342025718050524293e-22 8.019943197593636662e-20 2.128924070639272614e-21 2.017531442506910315e-22
3.422000000000000000e+03 7.808590543239560146e-21 1.296009820452720393e-20 2.313093524609191896e-22 7.980997408159871063e-20 2.096559407611702267e-21 1.992849487326534738e-22
3.432000000000000000e+03 7.770195207346433029e-21 1.295524758807026971e-20 2.284711373096007622e-22 7.942058526943455324e-20 2.064351302088777776e-21 1.968577160701289042e-22
3.442000000000000000e+03 7.732737766289930860e-21 1.295015072896692575e-20 2.257102086272010089e-22 7.903664809947726113e-20 2.032448964767097045e-21 1.944893810593104206e-22
3.452000000000000000e+03 7.696277398797974991e-21 1.294419768815388196e-20 2.230376133412741202e-22 7.865913145836792519e-20 2.000940921526625844e-21 1.921888939039338858e-22
3.462000000000000000e+03 7.660435724909999662e-21 1.293556225287498392e-20 2.204334502530257034e-22 7.828245500879232572e-20 1.969850083227810668e-21 1.899410699132833787e-22
3.472000000000000000e+03 7.625705756448610240e-21 1.292340965108107179e-20 2.179220132476350889e-22 7.791420050400112984e-20 1.939165204499794974e-21 1.877640774026775841e-22
3.482000000000000000e+03 7.591449551136118487e-21 1.290772730850987076e-20 2.154936842954069077e-22 7.755176748161483819e-20 1.908835997969731541e-21 1.856499482142569032e-22
3.492000000000000000e+03 7.557824598425051609e-21 1.288543839963957641e-20 2.131399125619792841e-22 7.719195523880678504e-20 1.878791312165426050e-21 1.835911440857446426e-22
3.502000000000000000e+03 7.525268031066764942e-21 1.285785671581473589e-20 2.108294747976388863e-22 7.683141532623341609e-20 1.849003167937176996e-21 1.815647712879067572e-22
3.512000000000000000e+03 7.492687801507488122e-21 1.282449905928652754e-20 2.086123952715364076e-22 7.647442928716263652e-20 1.819457011430696892e-21 1.796070874712731627e-22
3.522000000000000000e+03 7.461290292493716864e-21 1.278708685466537632e-20 2.064945769429586063e-22 7.612562660654564633e-20 1.790274296471449797e-21 1.777246668099781063e-22
3.532000000000000000e+03 7.430144158590230348e-21 1.274455558467671908e-20 2.044459495273020330e-22 7.577923292433735210e-20 1.761711985828129356e-21 1.758969775521872202e-22
3.542000000000000000e+03 7.399045851552852276e-21 1.269605931727301720e-20 2.024546387526057582e-22 7.542909857805811805e-20 1.734176512683879208e-21 1.741191015515692463e-22
3.552000000000000000e+03 7.369618040781190305e-21 1.264649675097378909e-20 2.005872584371014701e-22 7.509264635965644850e-20 1.708134483367871086e-21 1.724471548580393913e-22
3.562000000000000000e+03 7.339613522715114682e-21 1.259157788670904170e-20 1.987287539517160836e-22 7.475609255809117709e-20 1.684043472249785145e-21 1.707989973384240364e-22
3.572000000000000000e+03 7.310709819359237781e-21 1.253649259795099634e-20 1.969620440293371118e-22 7.442366548696173950e-20 1.662230100367521194e-21 1.692416471917027210e-22
3.582000000000000000e+03 7.281724745749605330e-21 1.248004578976109660e-20 1.952204803563975889e-22 7.409215813489306552e-20 1.642838943374982587e-21 1.677269669459626150e-22
3.592000000000000000e+03 7.253317939891334908e-21 1.242465508094044996e-20 1.935420594300904596e-22 7.376861584099033252e-20 1.625799961380536192e-21 1.662834836218827986e-22
3.602000000000000000e+03 7.225349619980784708e-21 1.237083511350776295e-20 1.918822571782883422e-22 7.345401488015720719e-20 1.610899572031312511e-21 1.648763489301711407e-22
3.612000000000000000e+03 7.198619040564015244e-21 1.232111042734214822e-20 1.902767786831406592e-22 7.315405302194879413e-20 1.597809408691109107e-21 1.635294695725867075e-22
3.622000000000000000e+03 7.171351430658908468e-21 1.227421208890704420e-20 1.886572813768624295e-22 7.286044484185478529e-20 1.586109667558491044e-21 1.621867788654233734e-22
3.632000000000000000e+03 7.144563589381784450e-21 1.223306122749114840e-20 1.870633443168855923e-22 7.256826815352755978e-20 1.575348748761681597e-21 1.608737320596559634e-22
3.642000000000000000e+03 7.119004470876158752e-21 1.219859148701258426e-20 1.854969482041673989e-22 7.229908837829320766e-20 1.565064062469631762e-21 1.595875507118442637e-22
3.652000000000000000e+03 7.093945264738168383e-21 1.217034874228176039e-20 1.839404865250110638e-22 7.204084022369545791e-20 1.554812699752805825e-21 1.583100461616266925e-22
3.662000000000000000e+03 7.069328770693537520e-21 1.214880194722455459e-20 1.823810994670477826e-22 7.179812187098485727e-20 1.544207834243593974e-21 1.570277226646318145e-22
3.672000000000000000e+03 7.045310076290633866e-21 1.213408734497342440e-20 1.808311560356030703e-22 7.156370776577581023e-20 1.532950787771827544e-21 1.557467049809570115e-22
3.682000000000000000e+03 7.022290512360082149e-21 1.212619830859381537e-20 1.792937828559928701e-22 7.134000463829912188e-20 1.520809966989963875e-21 1.544671182891469887e-22
3.692000000000000000e+03 6.999718707285179982e-21 1.211881857513163115e-20 1.777267272315731016e-22 7.113010259985004712e-20 1.507689187415561147e-21 1.531552976925661187e-22
3.702000000000000000e+03 6.977827130395590808e-21 1.211826709555951220e-20 1.761803481723133571e-22 7.093147469241537877e-20 1.493590433902862098e-21 1.518497088567991750e-22
3.712000000000000000e+03 6.957028087056877121e-21 1.212423018636589525e-20 1.746640639095292330e-22 7.073910200221783021e-20 1.478587585638848687e-21 1.505581328573753024e-22
3.722000000000000000e+03 6.937008368483561784e-21 1.213360095898186828e-20 1.731607454176991622e-22 7.055412080087070291e-20 1.462792642885410028e-21 1.492682471678427492e-22
3.732000000000000000e+03 6.917355589466748930e-21 1.214514424296897953e-20 1.716752757689470024e-22 7.036663804570686978e-20 1.446365822629311428e-21 1.479847895547664415e-22
3.742000000000000000e+03 6.898730862051838326e-21 1.215874642868209899e-20 1.702300292393142536e-22 7.019388933441683500e-20 1.429469437876924567e-21 1.467263107991724284e-22
3.752000000000000000e+03 6.880961310946873524e-21 1.217220754358453990e-20 1.688129336168213792e-22 7.002074069039578511e-20 1.412276663563739026e-21 1.454850671745859372e-22
3.762000000000000000e+03 6.863901096338572887e-21 1.218304188061730151e-20 1.674333481513828360e-22 6.984749648515439169e-20 1.394923882172748967e-21 1.442689421933130618e-22
3.772000000000000000e+03 6.847612939729699202e-21 1.219151017840637952e-20 1.660995813135206507e-22 6.968666810050210241e-20 1.377505106573625187e-21 1.430851505630438378e-22
3.782000000000000000e+03 6.831088299504202336e-21 1.219343218442611986e-20 1.647925497337350078e-22 6.951117733074063759e-20 1.360028943563719063e-21 1.419184322185346304e-22
3.792000000000000000e+03 6.816198645519010070e-21 1.219120688458763931e-20 1.635505170142079421e-22 6.934348013493744823e-20 1.342511436413552939e-21 1.407985068643217070e-22
3.802000000000000000e+03 6.801779110680647086e-21 1.218204400714791468e-20 1.623637960980628867e-22 6.918427394306498429e-20 1.324939114129066142e-21 1.397170480703828785e-22
3.812000000000000000e+03 6.787630250215958833e-21 1.216560087592563740e-20 1.612127938581036942e-22 6.901445798333830042e-20 1.307297947994898603e-21 1.386590668244739431e-22
3.822000000000000000e+03 6.773140417990804938e-21 1.214078554165944776e-20 1.601044676613838448e-22 6.884716190550600750e-20 1.289607517385774056e-21 1.376294733438198919e-22
3.832000000000000000e+03 6.760233856494527217e-21 1.211106211283951412e-20 1.590736207599796462e-22 6.869039930179456029e-20 1.271963983234539670e-21 1.366561867899969795e-22
3.842000000000000000e+03 6.746935354861389559e-21 1.207310250464098314e-20 1.580697711110028307e-22 6.852660217171836968e-20 1.254586678853129708e-21 1.357030227411416163e-22
3.852000000000000000e+03 6.733983407591427184e-21 1.202980907147297324e-20 1.571103320946668279e-22 6.835422316064667993e-20 1.237803009974064321e-21 1.347873512336961471e-22
3.862000000000000000e+03 6.721628863766290006e-21 1.198173749799745382e-20 1.561897974960657699e-22 6.818984297700598901e-20 1.222043428994149695e-21 1.339106288120462618e-22
3.872000000000000000e+03 6.708912840377874242e-21 1.193035055319186268e-20 1.553093318898393181e-22 6.802922889085434468e-20 1.207657368822184310e-21 1.330780469072956780e-22
3.882000000000000000e+03 6.696565525869084201e-21 1.187615046400220226e-20 1.544386173099875328e-22 6.786588824011398819e-20 1.194910741870303139e-21 1.322713770670856604e-22
3.892000000000000000e+03 6.684131496733613477e-21 1.181850048938129036e-20 1.535263012962314597e-22 6.769736553973240026e-20 1.183867430174906648e-21 1.314539987562882185e-22
3.902000000000000000e+03 6.672583739952909365e-21 1.176318871821181020e-20 1.526771357231888097e-22 6.754672581620002876e-20 1.174459338770663059e-21 1.307034522654422225e-22
3.912000000000000000e+03 6.661044411984650918e-21 1.171066795576372196e-20 1.518515368502396712e-22 6.739612605208285497e-20 1.166430239404699072e-21 1.299874124552627100e-22
3.922000000000000000e+03 6.649391540328125601e-21 1.166192619065463260e-20 1.510343248392561164e-22 6.726268182738152861e-20 1.159448110586995668e-21 1.292908947999291682e-22
3.932000000000000000e+03 6.638250769334155953e-21 1.161906748532096746e-20 1.502177807815715604e-22 6.712008945355320808e-20 1.153149389897588630e-21 1.286041626258772636e-22
3.942000000000000000e+03 6.627995630687348730e-21 1.158151550422101112e-20 1.494071271970558411e-22 6.700423707881664858e-20 1.147130653784910272e-21 1.279262243994220126e-22
3.952000000000000000e+03 6.617226510208230212e-21 1.155159049411388545e-20 1.485771705555869352e-22 6.689733644123244844e-20 1.141046721287380474e-21 1.272339972309424406e-22
3.962000000000000000e+03 6.607852398083411392e-21 1.152963252806876853e-20 1.477572556381540501e-22 6.679845933713656774e-20 1.134538667831568723e-21 1.265452564132575180e-22
3.972000000000000000e+03 6.597763314741211005e-21 1.151368453676159014e-20 1.468930599116990127e-22 6.670206299983671048e-20 1.127378359164195403e-21 1.258162495680477561e-22
3.982000000000000000e+03 6.589216240118886138e-21 1.150745076278405891e-20 1.460578311214291881e-22 6.663520867066916012e-20 1.119415364369595121e-21 1.251001273642029423e-22
3.992000000000000000e+03 6.581592264674754885e-21 1.150809857406425356e-20 1.452040947350361732e-22 6.656512690973498140e-20 1.110586090628854720e-21 1.243604650929535160e-22
4.002000000000000000e+03 6.574255638343645777e-21 1.151566277180495247e-20 1.443564757890035624e-22 6.650127789391084816e-20 1.100928508607818434e-21 1.236154457373217081e-22
4.012000000000000000e+03 6.567681475337243828e-21 1.152947215628397015e-20 1.435085807229676667e-22 6.644479180186614430e-20 1.090547775116415406e-21 1.228615958009992641e-22
4.022000000000000000e+03 6.562014921984966416e-21 1.154755546737544331e-20 1.426704599033469453e-22 6.638828442687566310e-20 1.079599653092173135e-21 1.221078414244385739e-22
4.032000000000000000e+03 6.557108374653223096e-21 1.156868532097829858e-20 1.418469426350634890e-22 6.632801951960335944e-20 1.068283455633218407e-21 1.213598630872070114e-22
4.042000000000000000e+03 6.552990163819360429e-21 1.159230356429827896e-20 1.410528353917092092e-22 6.627737757277966624e-20 1.056804581070001320e-21 1.206309715106277192e-22
4.052000000000000000e+03 6.549873366292955205e-21 1.161638056388307599e-20 1.403012823423027940e-22 6.621890533086892600e-20 1.045401451593742620e-21 1.199335511788161825e-22
4.062000000000000000e+03 6.548160664069322251e-21 1.163852869409808367e-20 1.395889791227165855e-22 6.617546809497578833e-20 1.034252898354688944e-21 1.192674354164598212e-22
4.072000000000000000e+03 6.546231450258048490e-21 1.165589720088948418e-20 1.389037920064192901e-22 6.611603322287103355e-20 1.023543050431574429e-21 1.186253124718148075e-22
4.082000000000000000e+03 6.545394064636805445e-21 1.166152964053578053e-20 1.382083812311696274e-22 6.606727730135137378e-20 1.013386482921679749e-21 1.179814476313100600e-22
4.092000000000000000e+03 6.544356001727273353e-21 1.166513102513453119e-20 1.375893792821595476e-22 6.600869778562672941e-20 1.003832552152238297e-21 1.174003325478153462e-22
4.102000000000000000e+03 6.544984758701322398e-21 1.166468436467827033e-20 1.370689867214851150e-22 6.596847433034511840e-20 9.948015554658670266e-22 1.168975623040952601e-22
4.112000000000000000e+03 6.546230485871931086e-21 1.165609990304692625e-20 1.366071150448909168e-22 6.592674083785439884e-20 9.861035311622628638e-22 1.164405261972087520e-22
4.122000000000000000e+03 6.545553936254090720e-21 1.163786013609485019e-20 1.361897859182617409e-22 6.586861762936099800e-20 9.774913330039011006e-22 1.160145945883611539e-22
4.132000000000000000e+03 6.547819476849216947e-21 1.161305950977744887e-20 1.358840575692413071e-22 6.583291036257870547e-20 9.686562581831902567e-22 1.156658321041828136e-22
4.142000000000000000e+03 6.548258087417790420e-21 1.157871696578697868e-20 1.356160840480678565e-22 6.577845313181721849e-20 9.593816973160641471e-22 1.153352664185454881e-22
4.152000000000000000e+03 6.550557814142432499e-21 1.153753916267142596e-20 1.354488921825254775e-22 6.573677755001472706e-20 9.495849735649977276e-22 1.150682488489109180e-22
4.162000000000000000e+03 6.550847536765955480e-21 1.148855804674504198e-20 1.353215785185658942e-22 6.568422753725640514e-20 9.394923644000589836e-22 1.148220511459012855e-22
4.172000000000000000e+03 6.552093067407537674e-21 1.143482554461568944e-20 1.352660099999818639e-22 6.561924278299584773e-20 9.296135021412330068e-22 1.146280176583990531e-22
4.182000000000000000e+03 6.553364003806559591e-21 1.137560003740412567e-20 1.352438878396859793e-22 6.556708131045231946e-20 9.207005916040998606e-22 1.144697646174834662e-22
4.192000000000000000e+03 6.554738138033985654e-21 1.131391699719548486e-20 1.352867706630655592e-22 6.551557689706364616e-20 9.134669439409922647e-22 1.143818241717714711e-22
4.202000000000000000e+03 6.554777856007839210e-21 1.125080574982123363e-20 1.353555879777459429e-22 6.544445826740598998e-20 9.083648121219345749e-22 1.143438653870484970e-22
4.212000000000000000e+03 6.554622203280641100e-21 1.118764226191693172e-20 1.354466083535996121e-22 6.537860796444511602e-20 9.055237905959968542e-22 1.143568099681617917e-22
4.222000000000000000e+03 6.555068883836311607e-21 1.112622925926924527e-20 1.355890461623462444e-22 6.532584751489318533e-20 9.048021879556229937e-22 1.144403031650488143e-22
4.232000000000000000e+03 6.554526939284874726e-21 1.106706006914527322e-20 1.356978778317424444e-22 6.527129403210640419e-20 9.058739138325296754e-22 1.145283362485590863e-22
4.242000000000000000e+03 6.554842743829794892e-21 1.101152698752282725e-20 1.358065567305165097e-22 6.523602903656607182e-20 9.083157707207267207e-22 1.146387323256017504e-22
4.252000000000000000e+03 6.554841053449696726e-21 1.096057971699954228e-20 1.359245923188692264e-22 6.521223085196644004e-20 9.116836389313197099e-22 1.147707455987202754e-22
4.262000000000000000e+03 6.553882966219867518e-21 1.091418559108633315e-20 1.359908846223651439e-22 6.519083801993704810e-20 9.155176281395671566e-22 1.148731155893485278e-22
4.272000000000000000e+03 6.554714470872002338e-21 1.086707889817418364e-20 1.359889447675850889e-22 6.520642672388586327e-20 9.193952889795283346e-22 1.149276108128644159e-22
4.282000000000000000e+03 6.554463302348853791e-21 1.082536050399903495e-20 1.359584564138487389e-22 6.523646676005264676e-20 9.229128113380653219e-22 1.149559239037195247e-22
4.292000000000000000e+03 6.555356431739788692e-21 1.078955151098386831e-20 1.359167669324220154e-22 6.528198578957398286e-20 9.257345122563325092e-22 1.149661202161912730e-22
4.302000000000000000e+03 6.555551406954387569e-21 1.075944628395842794e-20 1.358444036965628939e-22 6.533005174602984600e-20 9.275932132548459930e-22 1.149397152220389912e-22
4.312000000000000000e+03 6.556257343709305148e-21 1.073446522398809533e-20 1.357548006219138564e-22 6.540521550946048513e-20 9.283361313126746440e-22 1.148845415423650805e-22
4.322000000000000000e+03 6.558196573827372942e-21 1.071161517888964054e-20 1.356331216230721793e-22 6.549573435223176029e-20 9.278621801318817371e-22 1.147883908269557398e-22
4.332000000000000000e+03 6.559615090101274158e-21 1.069170822214825268e-20 1.354698862759261145e-22 6.558022300329034073e-20 9.262020359123079337e-22 1.146444629109464711e-22
4.342000000000000000e+03 6.561510329926161683e-21 1.067179535479607803e-20 1.352913194349299081e-22 6.567264961123232354e-20 9.234067045537851243e-22 1.144722769138913451e-22
4.352000000000000000e+03 6.564366002966780675e-21 1.065315737570455524e-20 1.351011086862821700e-22 6.576962348146418822e-20 9.195788190459934893e-22 1.142761904405347316e-22
4.362000000000000000e+03 6.567117631232724023e-21 1.063313098974749227e-20 1.349039993747316489e-22 6.585969455182750372e-20 9.148106303536868899e-22 1.140601441776335894e-22
4.372000000000000000e+03 6.570071612185555500e-21 1.061088695245102508e-20 1.346955250011471419e-22 6.593431831781520896e-20 9.092816259420917996e-22 1.138234521452416752e-22
4.382000000000000000e+03 6.574557816781086688e-21 1.058583316666842510e-20 1.345103832216405077e-22 6.602881316514231291e-20 9.031889896707010190e-22 1.135941457892429193e-22
4.392000000000000000e+03 6.577572128981701315e-21 1.055658543468820075e-20 1.343052551676685258e-22 6.608494311749555289e-20 8.967048087244086086e-22 1.133425662139897288e-22
4.402000000000000000e+03 6.580618047074282724e-21 1.052287901236263628e-20 1.341212520274770049e-22 6.614279507717624189e-20 8.899490384297628517e-22 1.131002807684618756e-22
4.412000000000000000e+03 6.585040133707680055e-21 1.048457253927370119e-20 1.339823214972238400e-22 6.620945354920737806e-20 8.829571161897225497e-22 1.128850334749983686e-22
4.422000000000000000e+03 6.587748776606179904e-21 1.044112283576726877e-20 1.338312189077255061e-22 6.624292697190186636e-20 8.757034822987148166e-22 1.126544116101560293e-22
4.432000000000000000e+03 6.591018210489920646e-21 1.039301045673933096e-20 1.337140656845823560e-22 6.628127550736065168e-20 8.680852904720796800e-22 1.124399934176576086e-22
4.442000000000000000e+03 6.592953282371184425e-21 1.034019174982656257e-20 1.336036816357240643e-22 6.629185346710709924e-20 8.600279200477519919e-22 1.122202393684582562e-22
4.452000000000000000e+03 6.594748617636516249e-21 1.028331692158532165e-20 1.335168574975624285e-22 6.630578242907482768e-20 8.514573831886538658e-22 1.120057860972830413e-22
4.462000000000000000e+03 6.596195813608337526e-21 1.022245112721185793e-20 1.333742137072420278e-22 6.630235755360931828e-20 8.425357948821279198e-22 1.117430400113978061e-22
4.472000000000000000e+03 6.596127826274733681e-21 1.015851911877503385e-20 1.332055458852594473e-22 6.628713597371215072e-20 8.336255783885132524e-22 1.114590642755837798e-22
4.482000000000000000e+03 6.595942784866000216e-21 1.009303275302821800e-20 1.330599613246472480e-22 6.625939057196902373e-20 8.252922808438428307e-22 1.111990881244137895e-22
4.492000000000000000e+03 6.594263367287748113e-21 1.002640874802657660e-20 1.329293828984103936e-22 6.622816063538964020e-20 8.180419969020159344e-22 1.109667892580682703e-22
4.502000000000000000e+03 6.592333964520005036e-21 9.959372487258588359e-21 1.327821410954778744e-22 6.617566579297738423e-20 8.121467634165100392e-22 1.107462835456750991e-22
4.512000000000000000e+03 6.589140027411314342e-21 9.892533449679698833e-21 1.326232688560100659e-22 6.612661081643494392e-20 8.075278965217314252e-22 1.105402810807991014e-22
4.522000000000000000e+03 6.585406264349384316e-21 9.826432053737652062e-21 1.324067807477466252e-22 6.606358688253926072e-20 8.039000793288358650e-22 1.103122886414952058e-22
4.532000000000000000e+03 6.580423453650602040e-21 9.761742105445437654e-21 1.321519014529984752e-22 6.600262123526219514e-20 8.008492197972210821e-22 1.100681335721461105e-22
4.542000000000000000e+03 6.575770363086980774e-21 9.698737094848921917e-21 1.318572834551517958e-22 6.594182667547735899e-20 7.979171703585756165e-22 1.097988358501589025e-22
4.552000000000000000e+03 6.569185542703645807e-21 9.637807017007847696e-21 1.314942626419416274e-22 6.586911541651031641e-20 7.946806814012779796e-22 1.094759401900213303e-22
4.562000000000000000e+03 6.562952439850739419e-21 9.579125142965023564e-21 1.310780964132457551e-22 6.580443186933134742e-20 7.908503217181698798e-22 1.091052460505375655e-22
4.572000000000000000e+03 6.556060751307141897e-21 9.522721100116221262e-21 1.306122054207047456e-22 6.573398424650355365e-20 7.862772749696116740e-22 1.086859207568274024e-22
4.582000000000000000e+03 6.548925946284959244e-21 9.468350539230637684e-21 1.300803222109895519e-22 6.566241837359570024e-20 7.809168215944263131e-22 1.082058423290480525e-22
4.592000000000000000e+03 6.541460992796194030e-21 9.415965701553608237e-21 1.295041466038598609e-22 6.559049881503965794e-20 7.748110367194940051e-22 1.076806741106735500e-22
4.602000000000000000e+03 6.533910862623661227e-21 9.365332275192922071e-21 1.288800215918815580e-22 6.550605359552939205e-20 7.680620781651986336e-22 1.071096971120212563e-22
4.612000000000000000e+03 6.526021733835939074e-21 9.316101744019416223e-21 1.282167233044848638e-22 6.541599387672312459e-20 7.608439161274795325e-22 1.065021119255987208e-22
4.622000000000000000e+03 6.518119402874563757e-21 9.267846576907774286e-21 1.275385109551727981e-22 6.531453858385683333e-20 7.533530124101739504e-22 1.058784020064989414e-22
4.632000000000000000e+03 6.510020441713972946e-21 9.220363594372286946e-21 1.268477104675824207e-22 6.521230680828486860e-20 7.458973830444792727e-22 1.052461466287836245e-22
4.642000000000000000e+03 6.502204823534012482e-21 9.173258504277893872e-21 1.261754905104941513e-22 6.510507141093711019e-20 7.387563262162194442e-22 1.046324764256017543e-22
4.652000000000000000e+03 6.493835812280410326e-21 9.126222757044140421e-21 1.254987984348675694e-22 6.499881074197766481e-20 7.323156382782747940e-22 1.040291896406619964e-22
4.662000000000000000e+03 6.485312477624574327e-21 9.075687066579460030e-21 1.247054939689739256e-22 6.489099881930069116e-20 7.269323087430765911e-22 1.033663705051973383e-22
4.672000000000000000e+03 6.476045591289741849e-21 9.027257407682707113e-21 1.240156784743893300e-22 6.477927361820337820e-20 7.229605475352095565e-22 1.028031774129860839e-22
4.682000000000000000e+03 6.466765495425876218e-21 8.979154318367442487e-21 1.233879761672687641e-22 6.467776560927734835e-20 7.206589677880837044e-22 1.023164083457101157e-22
4.692000000000000000e+03 6.457071681862218035e-21 8.930663453102821913e-21 1.228210969758845737e-22 6.458333495049123704e-20 7.202374940278628864e-22 1.019089460831397998e-22
4.702000000000000000e+03 6.446554361717344928e-21 8.881672097579586858e-21 1.222999142828800034e-22 6.448783744030909670e-20 7.218711538561813830e-22 1.015730700905207792e-22
4.712000000000000000e+03 6.435691884675688979e-21 8.832341120199615763e-21 1.218438952519216183e-22 6.439893709927939644e-20 7.256035069539039388e-22 1.013220717768225900e-22
4.722000000000000000e+03 6.424320851575816074e-21 8.782460964057360969e-21 1.214606913241684512e-22 6.431962156579225229e-20 7.313872681034549675e-22 1.011587720911941816e-22
4.732000000000000000e+03 6.412435955928734584e-21 8.732252635025113431e-21 1.211398272553992340e-22 6.424073900512978006e-20 7.389481217439168628e-22 1.010690086430673827e-22
4.742000000000000000e+03 6.399633808159190059e-21 8.681539719881742088e-21 1.208630671872910412e-22 6.415879037753124290e-20 7.479172271832960806e-22 1.010314843409177543e-22
4.752000000000000000e+03 6.386048527360963494e-21 8.630631045539859172e-21 1.206265045527102637e-22 6.406494030338745270e-20 7.576300497458135639e-22 1.010302626971409065e-22
4.762000000000000000e+03 6.371891076493214810e-21 8.579587815065966423e-21 1.204306450511187135e-22 6.397021814811507064e-20 7.671369929766332130e-22 1.010487876200565292e-22
4.772000000000000000e+03 6.357081089406692151e-21 8.528511462511831900e-21 1.202588520725246796e-22 6.386505139868992560e-20 7.751218858425743797e-22 1.010536608635100675e-22
4.782000000000000000e+03 6.341651892168983222e-21 8.477506050822649833e-21 1.200927517939776335e-22 6.375098542226769128e-20 7.801333524389343558e-22 1.010094661999342905e-22
4.792000000000000000e+03 6.325529416495931954e-21 8.426635431780262869e-21 1.199158464187246325e-22 6.362471781322742084e-20 7.813266294701585988e-22 1.008925569200642376e-22
4.802000000000000000e+03 6.308894460436955812e-21 8.375991257711784434e-21 1.197131704842429382e-22 6.348814580459381509e-20 7.794963094939879737e-22 1.007067023582626796e-22
4.812000000000000000e+03 6.291842328086960798e-21 8.325568884971360260e-21 1.194697539421039889e-22 6.334390486366246870e-20 7.769745757782041166e-22 1.004803208689814496e-22
4.822000000000000000e+03 6.274240072060980311e-21 8.275456918799123328e-21 1.191598314385484434e-22 6.318783337887579971e-20 7.759607443730282291e-22 1.002319199377133215e-22
4.832000000000000000e+03 6.256310370346904020e-21 8.225645864219955732e-21 1.187797803893280898e-22 6.302514208251806011e-20 7.773235240970120800e-22 9.997317473319260415e-23
4.842000000000000000e+03 6.238070030350369514e-21 8.176113191040591180e-21 1.183080412604800987e-22 6.285678099070430343e-20 7.807615984928602887e-22 9.968266814557563281e-23
4.852000000000000000e+03 6.219624208106686946e-21 8.126808957660530354e-21 1.175537704011381986e-22 6.268330515772396956e-20 7.855262406926253913e-22 9.921066466155773387e-23
4.862000000000000000e+03 6.200967035747208699e-21 8.077908992834956814e-21 1.168120373371063425e-22 6.250492130268265012e-20 7.906547408387707926e-22 9.874988132118674651e-23
4.872000000000000000e+03 6.182263777232397991e-21 8.029490310878828281e-21 1.159910097641412358e-22 6.232467025644532339e-20 7.953046687041849369e-22 9.822143995790869165e-23
4.882000000000000000e+03 6.163487875568101117e-21 7.981468581852419247e-21 1.150998693957251465e-22 6.214305027021972514e-20 7.987832703221221707e-22 9.762155690623200081e-23
4.892000000000000000e+03 6.144707690421474609e-21 7.933917108236499734e-21 1.141151642941939693e-22 6.196045634628217285e-20 8.006313574391794721e-22 9.692727291244242206e-23
4.902000000000000000e+03 6.125977038358861367e-21 7.886956898454279351e-21 1.130490068470227497e-22 6.177694667461258667e-20 8.005542222907405804e-22 9.614391737460891071e-23
4.912000000000000000e+03 6.107260277141933404e-21 7.840562556845923183e-21 1.118845558236082356e-22 6.159189471409224134e-20 7.985256032270127625e-22 9.525978384708758324e-23
4.922000000000000000e+03 6.088608087519596567e-21 7.794872569480069364e-21 1.106492276056551174e-22 6.140564975573065539e-20 7.945903266904905130e-22 9.429608049456378976e-23
4.932000000000000000e+03 6.070022760503309883e-21 7.749940348811509049e-21 1.093430136620552503e-22 6.121825576181683966e-20 7.889120271490327004e-22 9.325563625098317802e-23
4.942000000000000000e+03 6.051524244744310072e-21 7.705864376564204651e-21 1.079781971810329454e-22 6.103029088709318972e-20 7.816788232934613178e-22 9.215034853843824399e-23
4.952000000000000000e+03 6.033113112857105266e-21 7.662666831865127227e-21 1.065663135743576407e-22 6.084226301630107784e-20 7.732590270835643706e-22 9.099390691726308021e-23
4.962000000000000000e+03 6.014813570640635925e-21 7.620448599598661730e-21 1.051206196796944748e-22 6.065478503791936797e-20 7.640736857473258837e-22 8.980187767418776193e-23
4.972000000000000000e+03 5.996632446467849941e-21 7.579213417066259641e-21 1.036527743977666395e-22 6.046829271890645460e-20 7.545115716654174449e-22 8.858813411245062252e-23
4.982000000000000000e+03 5.978577888851480530e-21 7.538976056574815089e-21 1.021756681829593636e-22 6.028318484501808837e-20 7.448680574496601792e-22 8.736614127459819089e-23
4.992000000000000000e+03 5.960662922070229990e-21 7.499816335698583533e-21 1.007024594001998440e-22 6.009937644870632857e-20 7.352774552872021999e-22 8.614735708876037770e-23
5.002000000000000000e+03 5.942889759825378562e-21 7.461760496630874635e-21 9.924635765702875087e-23 5.991708839723360646e-20 7.256058271716956042e-22 8.493961280162123799e-23
