# els,n0s['EB'],n0s[q'EE'],n0s['TT'],n0s['TB'],n0s['TE'], mv
2.000000000000000000e+00 2.368584780347750759e-09 3.205568637970920028e-09 4.921496122238042713e-09 2.338837714933163575e-08 4.552247833955889456e-09 8.334942057312119448e-10
1.200000000000000000e+01 1.827654679270546160e-12 2.480610145255259649e-12 3.800954120711554648e-12 1.804556795549244761e-11 3.524283800575310756e-12 6.441105018583380418e-13
2.200000000000000000e+01 1.617987058152456917e-13 2.211290565713854147e-13 3.371500334778063558e-13 1.597239263992139461e-12 3.145085311218674816e-13 5.722641419371298822e-14
3.200000000000000000e+01 3.615564426494977319e-14 4.995525979457972801e-14 7.556076421666672820e-14 3.567891594965770786e-13 7.117912227835377313e-14 1.285969666627133307e-14
4.200000000000000000e+01 1.218912719473357311e-14 1.709290029939453158e-14 2.557142206084112266e-14 1.202196376634234891e-13 2.441863547559783227e-14 4.368324090388188202e-15
5.200000000000000000e+01 5.190892696151424270e-15 7.416725907132472532e-15 1.094088021071224788e-14 5.116732040392155464e-14 1.063286029397516371e-14 1.878048559465787025e-15
6.200000000000000000e+01 2.570779953265899476e-15 3.757022708296682821e-15 5.448104871372077831e-15 2.532934631959205987e-14 5.410867432502463190e-15 9.407351639341412977e-16
7.200000000000000000e+01 1.415010235438447361e-15 2.123372771652886768e-15 3.017411201238308133e-15 1.393998053534761596e-14 3.075719705479365002e-15 5.246780424962719770e-16
8.200000000000000000e+01 8.420924484052864169e-16 1.302541587433961269e-15 1.808161631923742120e-15 8.298242144299568952e-15 1.900135116116863590e-15 3.169490138653781383e-16
9.200000000000000000e+01 5.321581879432096512e-16 8.517479326326551095e-16 1.151347994732877527e-15 5.247801103752415291e-15 1.253186846626140844e-15 2.036549753508567912e-16
1.020000000000000000e+02 3.526978880633002577e-16 5.863741331084480673e-16 7.693476106699010794e-16 3.481831449929867656e-15 8.715614751502250866e-16 1.374559618568718349e-16
1.120000000000000000e+02 2.429755631592056164e-16 4.211915783599667650e-16 5.346519220525360749e-16 2.401828790614990481e-15 6.335736678487089510e-16 9.657235420593147080e-17
1.220000000000000000e+02 1.728360749209430775e-16 3.135503992829274230e-16 3.838250365416273551e-16 1.710939058048989329e-15 4.782637003935330539e-16 7.014672070258844120e-17
1.320000000000000000e+02 1.263040760901094878e-16 2.406621383514639793e-16 2.831822298864599809e-16 1.252073125984807722e-15 3.730230513013386613e-16 5.240163618492803463e-17
1.420000000000000000e+02 9.444885404692609418e-17 1.896694070691864115e-16 2.138489459903641887e-16 9.375065166368094243e-16 2.994331945084418204e-16 4.009209508441530942e-17
1.520000000000000000e+02 7.204644222202190354e-17 1.529763282368325638e-16 1.647551562525537138e-16 7.159661671555951381e-16 2.466014367243010331e-16 3.131032303426865240e-17
1.620000000000000000e+02 5.592042279712306944e-17 1.259146038513354629e-16 1.291542966432432700e-16 5.562852654902104703e-16 2.078272547650764759e-16 2.489020361803113211e-17
1.720000000000000000e+02 4.407357016098281278e-17 1.055147449238796275e-16 1.027924014972167941e-16 4.388602348412588049e-16 1.788450701485376396e-16 2.009440734472185677e-17
1.820000000000000000e+02 3.521278004106492024e-17 8.982957940841527191e-17 8.290704869345688011e-17 3.509842490627771958e-16 1.568555684158309849e-16 1.644274558073412477e-17
1.920000000000000000e+02 2.847894270771462786e-17 7.754715462998855663e-17 6.765848726652036961e-17 2.841986583774185373e-16 1.399699570738149055e-16 1.361429420962317931e-17
2.020000000000000000e+02 2.328805331852088062e-17 6.776143990940814074e-17 5.579182487335999975e-17 2.327379320653628244e-16 1.268792669786245582e-16 1.138951034149640278e-17
2.120000000000000000e+02 1.923490414556799476e-17 5.983256533186329058e-17 4.643418369310782801e-17 1.925887045863767599e-16 1.166509164237468017e-16 9.615108667315877538e-18
2.220000000000000000e+02 1.603312510191040116e-17 5.329930814160577439e-17 3.896644977874487816e-17 1.609046224068232183e-16 1.085992338158825882e-16 8.182035589826288262e-18
2.320000000000000000e+02 1.347694392637022181e-17 4.782321454478966379e-17 3.294236076736155429e-17 1.356333815059521622e-16 1.022003591148773552e-16 7.011407553954403261e-18
2.420000000000000000e+02 1.141626195786451694e-17 4.315232232019939292e-17 2.803546797945299166e-17 1.152734845202434294e-16 9.703462548323822077e-17 6.045298832303994427e-18
2.520000000000000000e+02 9.740083771855635704e-18 3.909725729557387387e-17 2.400293963265289188e-17 9.871227922228489999e-17 9.274712433970724165e-17 5.240546746540537419e-18
2.620000000000000000e+02 8.365300370598588422e-18 3.551544629202898901e-17 2.066251401314211311e-17 8.511600934319656162e-17 8.902195878562166233e-17 4.564607792510039425e-18
2.720000000000000000e+02 7.228969511200516066e-18 3.230044530327723828e-17 1.787517450759120807e-17 7.385385517814775870e-17 8.556863028451852750e-17 3.992622934696752453e-18
2.820000000000000000e+02 6.282921155696385682e-18 2.937454040046905889e-17 1.553398461638948993e-17 6.444460389833093579e-17 8.212099076971346180e-17 3.505401073444917170e-18
2.920000000000000000e+02 5.489934228491100556e-18 2.668320873134795845e-17 1.355581836534557975e-17 5.651863159880091785e-17 7.844889012020872057e-17 3.087965719957352758e-18
3.020000000000000000e+02 4.820991144263037963e-18 2.419062171475158502e-17 1.187526631856161940e-17 4.979042497611549333e-17 7.438119935136696600e-17 2.728500762502904338e-18
3.120000000000000000e+02 4.253282875533011138e-18 2.187531455609595375e-17 1.044056835311549430e-17 4.403841427291755808e-17 6.982973862631710232e-17 2.417594152133342807e-18
3.220000000000000000e+02 3.768743196191659659e-18 1.972618625383511664e-17 9.210203122003440911e-18 3.908994820684696370e-17 6.480641665834623392e-17 2.147663388987575926e-18
3.320000000000000000e+02 3.352960275614372472e-18 1.773866764506245079e-17 8.150804112974033035e-18 3.480988425525030567e-17 5.942015132891417846e-17 1.912550550816473584e-18
3.420000000000000000e+02 2.994360834581103047e-18 1.591133121028346343e-17 7.235061100617572091e-18 3.109181196417038140e-17 5.385055135595380192e-17 1.707189850797657090e-18
3.520000000000000000e+02 2.683593016375476333e-18 1.424323322245088579e-17 6.440791966218403475e-18 2.785118778294143198e-17 4.830613586240253290e-17 1.527392995143632835e-18
3.620000000000000000e+02 2.413055435948754701e-18 1.273211357555450808e-17 5.749704752812198906e-18 2.501990463710550652e-17 4.298168049214423436e-17 1.369657014058957063e-18
3.720000000000000000e+02 2.176535098702295133e-18 1.137347487817022487e-17 5.146510003742943208e-18 2.254200035533428651e-17 3.802799422098387774e-17 1.231020429774336539e-18
3.820000000000000000e+02 1.968926524737616167e-18 1.016038668207708252e-17 4.618584222283412740e-18 2.037031835498352220e-17 3.353959330548128434e-17 1.108972606836239526e-18
3.920000000000000000e+02 1.786012622905427705e-18 9.083798668133945415e-18 4.155231333841161414e-18 1.846407319594547410e-17 2.955747061545369140e-17 1.001357165996854589e-18
4.020000000000000000e+02 1.624292712942175230e-18 8.133140047024211957e-18 3.747523498777209724e-18 1.678726985116222264e-17 2.608061764649271467e-17 9.063218406675063876e-19
4.120000000000000000e+02 1.480846091048067459e-18 7.296936205877077168e-18 3.387844274779285218e-18 1.530788775086715173e-17 2.307989158588280014e-17 8.222602595912361826e-19
4.220000000000000000e+02 1.353223861622465518e-18 6.563460731657279188e-18 3.069732579179546634e-18 1.399764057495865678e-17 2.051048457198459707e-17 7.477797753405633026e-19
4.320000000000000000e+02 1.239362335173443733e-18 5.921244494236233603e-18 2.787778571041228976e-18 1.283200903696480272e-17 1.832128874589947965e-17 6.816772279242069647e-19
4.420000000000000000e+02 1.137513729140710897e-18 5.359405354249121390e-18 2.537276574307971971e-18 1.179024175308146007e-17 1.646088841036770592e-17 6.229025815432875987e-19
4.520000000000000000e+02 1.046190260641932762e-18 4.867876043493136000e-18 2.314175639207729007e-18 1.085514662320536367e-17 1.488111811711785276e-17 5.705423543294877008e-19
4.620000000000000000e+02 9.641192215750762845e-19 4.437521533127157515e-18 2.115038417264111485e-18 1.001267541451228029e-17 1.353876956463846852e-17 5.238050666728913130e-19
4.720000000000000000e+02 8.902066246970792713e-19 4.060169924758913110e-18 1.936869956692101065e-18 9.251384494639740024e-18 1.239609276233261221e-17 4.819998939041786466e-19
4.820000000000000000e+02 8.235076871766689994e-19 3.728588995919728207e-18 1.777080978545231705e-18 8.561878804460765803e-18 1.142064458587781996e-17 4.445246954593322891e-19
4.920000000000000000e+02 7.632028732050348839e-19 3.436444588767396028e-18 1.633480298563599309e-18 7.936320142844939918e-18 1.058485948508523060e-17 4.108575854095470926e-19
5.020000000000000000e+02 7.085783415584488382e-19 3.178199007942588124e-18 1.504111216656530343e-18 7.368032763485243029e-18 9.865340978189853543e-18 3.805390759270653663e-19
5.120000000000000000e+02 6.590099874751280546e-19 2.949042952270488297e-18 1.387320148206001487e-18 6.851210375335465729e-18 9.242282371428735448e-18 3.531705844126725803e-19
5.220000000000000000e+02 6.139502854028305684e-19 2.744809550816214911e-18 1.281640282875136290e-18 6.380710423048242396e-18 8.698840137380666681e-18 3.284017542497230555e-19
5.320000000000000000e+02 5.729174110981788630e-19 2.561896978640109701e-18 1.185806239039179963e-18 5.951917674966395765e-18 8.220634847986781529e-18 3.059269385698225367e-19
5.420000000000000000e+02 5.354862325404333937e-19 2.397197937076241089e-18 1.098711480420494622e-18 5.560659650150276055e-18 7.795317136971115957e-18 2.854786172326486804e-19
5.520000000000000000e+02 5.012807505882248817e-19 2.248038006230081609e-18 1.019397681562662101e-18 5.203156953755179131e-18 7.412239552923795001e-18 2.668234267982787415e-19
5.620000000000000000e+02 4.699677517767415874e-19 2.112122837256939894e-18 9.470205222078331446e-19 4.875994797820806583e-18 7.062211276312053707e-18 2.497570318875327369e-19
5.720000000000000000e+02 4.412514637796634867e-19 1.987493705816064775e-18 8.808471549005893925e-19 4.576107133324745562e-18 6.737340270754272093e-18 2.341015056205326554e-19
5.820000000000000000e+02 4.148690196280799467e-19 1.872489876171059378e-18 8.202338391538630091e-19 4.300764899631615806e-18 6.430947119443742676e-18 2.197016587949919432e-19
5.920000000000000000e+02 3.905866244840374903e-19 1.765717415539299187e-18 7.646087795523485648e-19 4.047562538223587009e-18 6.137523315787165064e-18 2.064219356586370077e-19
6.020000000000000000e+02 3.681962592564209602e-19 1.666019298538785097e-18 7.134760529391322977e-19 3.814399223757648625e-18 5.852729389663138290e-18 1.941449881390480142e-19
6.120000000000000000e+02 3.475128286383201798e-19 1.572451761267075719e-18 6.663833627041607540e-19 3.599451046413306235e-18 5.573391551427347187e-18 1.827678109314771242e-19
6.220000000000000000e+02 3.283716862572583383e-19 1.484263166997786098e-18 6.229628628912108225e-19 3.401133303137385821e-18 5.297496356988145185e-18 1.722034464229664118e-19
6.320000000000000000e+02 3.106264485972735851e-19 1.400868525071953775e-18 5.828800525704225141e-19 3.218053243224232118e-18 5.024117728117403227e-18 1.623759000941662853e-19
6.420000000000000000e+02 2.941470308510937302e-19 1.321825788717348805e-18 5.458228089672771521e-19 3.048957743597965746e-18 4.753301408128292167e-18 1.532180277394508306e-19
6.520000000000000000e+02 2.788178963436826257e-19 1.246813157660967827e-18 5.115225056031448946e-19 2.892682847024666264e-18 4.485901418149878052e-18 1.446720785444710749e-19
6.620000000000000000e+02 2.645364631776681615e-19 1.175604813432036837e-18 4.797467440374701871e-19 2.748112306323293354e-18 4.223365765009478066e-18 1.366882006640873718e-19
6.720000000000000000e+02 2.512116373716012070e-19 1.108047371580499424e-18 4.502718909083387683e-19 2.614152761086738095e-18 3.967491188129581342e-18 1.292213761004336798e-19
6.820000000000000000e+02 2.387624839377760837e-19 1.044037132097203580e-18 4.229186270636260747e-19 2.489729233833407685e-18 3.720194002105484675e-18 1.222335886066708880e-19
6.920000000000000000e+02 2.271170085112996247e-19 9.835064165119853006e-19 3.974986268142860491e-19 2.373799323243539119e-18 3.483281709732683528e-18 1.156889200946119844e-19
7.020000000000000000e+02 2.162110822270128983e-19 9.263989314318003226e-19 3.738719119314801265e-19 2.265380048059864639e-18 3.258317150839327062e-18 1.095577627806017590e-19
7.120000000000000000e+02 2.059874579160343901e-19 8.726600667521620517e-19 3.518913154277052320e-19 2.163578366153865333e-18 3.046488226715531511e-18 1.038117961082439657e-19
7.220000000000000000e+02 1.963948764050142054e-19 8.222276685369273672e-19 3.314316346867934038e-19 2.067617213948213203e-18 2.848570828905265497e-18 9.842610816374043747e-20
7.320000000000000000e+02 1.873872974851900255e-19 7.750251875208409197e-19 3.123690558211850796e-19 1.976851457793379737e-18 2.664919164497919314e-18 9.337709939213948057e-20
7.420000000000000000e+02 1.789231882581869918e-19 7.309591642252703695e-19 2.946037998769867808e-19 1.890770847879095497e-18 2.495515790500013666e-18 8.864423934632250165e-20
7.520000000000000000e+02 1.709649169569912549e-19 6.899178861618353473e-19 2.780386479578393742e-19 1.808991346846485996e-18 2.340020247199831139e-18 8.420794247756915872e-20
7.620000000000000000e+02 1.634782110184583867e-19 6.517723907577440400e-19 2.625792518162642409e-19 1.731236926382762235e-18 2.197835903374949645e-18 8.004937567219794105e-20
7.720000000000000000e+02 1.564316818441572846e-19 6.163794477600147533e-19 2.481481899274500692e-19 1.657315077058794412e-18 2.068190661973483892e-18 7.615163585370088468e-20
7.820000000000000000e+02 1.497964210486026992e-19 5.835836929323869983e-19 2.346631862941450284e-19 1.587090309757655088e-18 1.950184041122363288e-18 7.249760023185505872e-20
7.920000000000000000e+02 1.435456519834886229e-19 5.532220791921054964e-19 2.220573939971868940e-19 1.520459301335428452e-18 1.842855797807729237e-18 6.907179478613169286e-20
8.020000000000000000e+02 1.376544397409070678e-19 5.251259172533956361e-19 2.102620342078282333e-19 1.457329058919993121e-18 1.745215527984422981e-18 6.585868943538403680e-20
8.120000000000000000e+02 1.320994496711343829e-19 4.991249369473263452e-19 1.992189062610300006e-19 1.397600938671674347e-18 1.656282324599424599e-18 6.284392054541925086e-20
8.220000000000000000e+02 1.268587682541986028e-19 4.750502785340881960e-19 1.888770912673271864e-19 1.341160191782521244e-18 1.575109272291319759e-18 6.001403047662793386e-20
8.320000000000000000e+02 1.219117579414485489e-19 4.527356609384280817e-19 1.791795715239261344e-19 1.287870422824648389e-18 1.500786914846572644e-18 5.735512097609408471e-20
8.420000000000000000e+02 1.172389621485113407e-19 4.320203722340913234e-19 1.700804953519870092e-19 1.237573478493919831e-18 1.432467539029746628e-18 5.485466182162099981e-20
8.520000000000000000e+02 1.128220280311171323e-19 4.127508754776110161e-19 1.615408921078864320e-19 1.190092422606190806e-18 1.369364928491693300e-18 5.250113928856650542e-20
8.620000000000000000e+02 1.086436521157633315e-19 3.947804979208959324e-19 1.535117596594244881e-19 1.145237302508383940e-18 1.310751968602350978e-18 5.028229021984965964e-20
8.720000000000000000e+02 1.046875452109729212e-19 3.779729336529832964e-19 1.459629277387067289e-19 1.102812479116713172e-18 1.255976631165572698e-18 4.818824931778871105e-20
8.820000000000000000e+02 1.009383941793979296e-19 3.622011145400128982e-19 1.388552582570000173e-19 1.062624230333170061e-18 1.204449241226360033e-18 4.620859552807791406e-20
8.920000000000000000e+02 9.738184626713516302e-20 3.473489665610861970e-19 1.321609884572804941e-19 1.024488259754160299e-18 1.155654164468749299e-18 4.433461139536208143e-20
9.020000000000000000e+02 9.400448466299603317e-20 3.333109368425913683e-19 1.258484757585889137e-19 9.882362576482347855e-19 1.109142627673160454e-18 4.255761626518235006e-20
9.120000000000000000e+02 9.079381301412124938e-20 3.199933488766180472e-19 1.198949625528220543e-19 9.537211286275480497e-19 1.064539680366125894e-18 4.087043737382347937e-20
9.220000000000000000e+02 8.773823450736807200e-20 3.073133136334174230e-19 1.142705574882015343e-19 9.208199855598734010e-19 1.021537038052784571e-18 3.926555529812445335e-20
9.320000000000000000e+02 8.482703289031616539e-20 2.952001467483583169e-19 1.089562085604165796e-19 8.894353041246505374e-19 9.798976851387834584e-19 3.773720219137055340e-20
9.420000000000000000e+02 8.205034676780146843e-20 2.835943345553467803e-19 1.039329986739687917e-19 8.594931140165631948e-19 9.394494145482778361e-19 3.628010579383240352e-20
9.520000000000000000e+02 7.939914582821531843e-20 2.724470303304111086e-19 9.918060205532353324e-20 8.309387094123617654e-19 9.000801168991186146e-19 3.488925533815820490e-20
9.620000000000000000e+02 7.686520268280124084e-20 2.617196868401277145e-19 9.468168819636595155e-20 8.037302529851288897e-19 8.617330962644875671e-19 3.356039741229867745e-20
9.720000000000000000e+02 7.444105655160947247e-20 2.513830336452644535e-19 9.041998141415519116e-20 7.778305500640948198e-19 8.243982852205741547e-19 3.228975458834716695e-20
9.820000000000000000e+02 7.211997544373959301e-20 2.414164123517877322e-19 8.638241287120828733e-20 7.531985281260487625e-19 7.881039603282303756e-19 3.107426118723096496e-20
9.920000000000000000e+02 6.989590289146726884e-20 2.318055278107946634e-19 8.255191493590208024e-20 7.297819175531284632e-19 7.529036814585735517e-19 2.991056373686235803e-20
1.002000000000000000e+03 6.776340836735433425e-20 2.225421113865316539e-19 7.891855826821671097e-20 7.075133438229780845e-19 7.188712800171864284e-19 2.879643579861657402e-20
1.012000000000000000e+03 6.571763144963098670e-20 2.136224624638713078e-19 7.547290136009893604e-20 6.863102452337880792e-19 6.860872843111179767e-19 2.772989096952440309e-20
1.022000000000000000e+03 6.375421804376953879e-20 2.050455186350367694e-19 7.220201532106473887e-20 6.660793186060738859e-19 6.546280252536219387e-19 2.670858899030688303e-20
1.032000000000000000e+03 6.186925004517727118e-20 1.968120193968303669e-19 6.909613488847968100e-20 6.467236915281564207e-19 6.245606452280912154e-19 2.573070098334715586e-20
1.042000000000000000e+03 6.005918282054841772e-20 1.889233420533511033e-19 6.614668150555704460e-20 6.281510777940651306e-19 5.959366099592155939e-19 2.479462839407807583e-20
1.052000000000000000e+03 5.832077882595239726e-20 1.813803563800721540e-19 6.334429475945476576e-20 6.102803570898738864e-19 5.687875206104894704e-19 2.389869899235477644e-20
1.062000000000000000e+03 5.665105508475346221e-20 1.741827546229268389e-19 6.068106438425507686e-20 5.930459498052619127e-19 5.431235936582117309e-19 2.304145587476622440e-20
1.072000000000000000e+03 5.504722656681991272e-20 1.673288769391766388e-19 5.814898256896073016e-20 5.763990357270491160e-19 5.189337785747572674e-19 2.222142369114846383e-20
1.082000000000000000e+03 5.350666183957687396e-20 1.608146720722301815e-19 5.574018808430711212e-20 5.603064287918583105e-19 4.961864371039768822e-19 2.143710673538435568e-20
1.092000000000000000e+03 5.202684536823282243e-20 1.546341479479762799e-19 5.344967887245145980e-20 5.447478562037438107e-19 4.748356747967017455e-19 2.068739542129840183e-20
1.102000000000000000e+03 5.060534923474239506e-20 1.487788724197310376e-19 5.127006222977921734e-20 5.297123692221205989e-19 4.548186098215703062e-19 1.997076405220997945e-20
1.112000000000000000e+03 4.923980758145452500e-20 1.432382617250778914e-19 4.919467372263888539e-20 5.151946451837790261e-19 4.360611400218807471e-19 1.928572592490883221e-20
1.122000000000000000e+03 4.792790128669781855e-20 1.379998459976898473e-19 4.721739313314074961e-20 5.011916573792830422e-19 4.184823549937735137e-19 1.863081185695930821e-20
1.132000000000000000e+03 4.666734921522468300e-20 1.330497513217121930e-19 4.533484341013559364e-20 4.876999890470802260e-19 4.019979922831631205e-19 1.800492867110667624e-20
1.142000000000000000e+03 4.545589881078005997e-20 1.283721881884964602e-19 4.353991692758117399e-20 4.747137685925345952e-19 3.865180642176378449e-19 1.740633186540434384e-20
1.152000000000000000e+03 4.429132980544725302e-20 1.239507286815842918e-19 4.182904776841139315e-20 4.622237206569240583e-19 3.719555225886545719e-19 1.683380285326657519e-20
1.162000000000000000e+03 4.317145223126712275e-20 1.197680301897030660e-19 4.019713571732877484e-20 4.502166394521738654e-19 3.582236636569327750e-19 1.628584176311623673e-20
1.172000000000000000e+03 4.209411343850766114e-20 1.158063297717896632e-19 3.863968539920520227e-20 4.386758209904354723e-19 3.452388980305432199e-19 1.576102305812324907e-20
1.182000000000000000e+03 4.105720462904292381e-20 1.120477940931633206e-19 3.715269182181946331e-20 4.275818796611494988e-19 3.329230213552925810e-19 1.525799632389601040e-20
1.192000000000000000e+03 4.005866575054495253e-20 1.084745588495500480e-19 3.573065077676034130e-20 4.169137495448123814e-19 3.212011470158738278e-19 1.477515036314894493e-20
1.202000000000000000e+03 3.909649811602252483e-20 1.050699635158413270e-19 3.437261883119446178e-20 4.066501784291658560e-19 3.100074221410935583e-19 1.431168469634259510e-20
1.212000000000000000e+03 3.816877158839151694e-20 1.018175930180921559e-19 3.307516912523696791e-20 3.967708470954575165e-19 2.992806875469938548e-19 1.386640095218059095e-20
1.222000000000000000e+03 3.727363213516638468e-20 9.870193186581531108e-20 3.183381493241428561e-20 3.872571283422810585e-19 2.889657820384573851e-19 1.343794337823255892e-20
1.232000000000000000e+03 3.640931901290600458e-20 9.570895715937125169e-20 3.064629275324101369e-20 3.780929059500619115e-19 2.790163642654948889e-19 1.302539821619253075e-20
1.242000000000000000e+03 3.557416857360608209e-20 9.282593610116645891e-20 2.950995122765088232e-20 3.692643726402718539e-19 2.693925868279284161e-19 1.262783292827669153e-20
1.252000000000000000e+03 3.476662223251812746e-20 9.004145784127308763e-20 2.842119400738753301e-20 3.607596090595846174e-19 2.600619672029048064e-19 1.224418955628835613e-20
1.262000000000000000e+03 3.398523376494151146e-20 8.734599877473462566e-20 2.737875040630525407e-20 3.525677282934143512e-19 2.509998659056679145e-19 1.187389797740151644e-20
1.272000000000000000e+03 3.322866707933130747e-20 8.473143208987166872e-20 2.637897360517753834e-20 3.446775821605835188e-19 2.421879732815234542e-19 1.151599308262314340e-20
1.282000000000000000e+03 3.249569847442228936e-20 8.219161083649458649e-20 2.542159260100665007e-20 3.370767927547311122e-19 2.336153251554385741e-19 1.117020668240319560e-20
1.292000000000000000e+03 3.178520943687034863e-20 7.972150723335543017e-20 2.450333154587733019e-20 3.297507375131553380e-19 2.252757026720605273e-19 1.083573696752484367e-20
1.302000000000000000e+03 3.109618720909461215e-20 7.731780527172010050e-20 2.362277931070046532e-20 3.226823949990412008e-19 2.171686735774883142e-19 1.051218802121240364e-20
1.312000000000000000e+03 3.042771472311504825e-20 7.497839483260893235e-20 2.277778817176233827e-20 3.158523847702990710e-19 2.092972423583952761e-19 1.019905504286689644e-20
1.322000000000000000e+03 2.977896683697446821e-20 7.270233293875739119e-20 2.196702950197682969e-20 3.092399687616859619e-19 2.016673829045330678e-19 9.896029473029924703e-21
1.332000000000000000e+03 2.914919960420194622e-20 7.048959935566293169e-20 2.118898882708202240e-20 3.028240425130013022e-19 1.942863965383387546e-19 9.602793725726758245e-21
1.342000000000000000e+03 2.853774084100772662e-20 6.834083897575968126e-20 2.044228539397464745e-20 2.965846215077138989e-19 1.871618830413160439e-19 9.319078069845714995e-21
1.352000000000000000e+03 2.794398194690405766e-20 6.625713568124705838e-20 1.972567833088499913e-20 2.905042700737439789e-19 1.803011824275779055e-19 9.044657866560036208e-21
1.362000000000000000e+03 2.736736538850110549e-20 6.423977938947199610e-20 1.903740494403453388e-20 2.845688347251160721e-19 1.737093699621923282e-19 8.779203670851847871e-21
1.372000000000000000e+03 2.680737850159644215e-20 6.229006421142073213e-20 1.837618212153005322e-20 2.787681916855257969e-19 1.673894733775458780e-19 8.522485910034285377e-21
1.382000000000000000e+03 2.626353906746765991e-20 6.040907449718007975e-20 1.774044301095735550e-20 2.730961390602297762e-19 1.613419937759409439e-19 8.274206492611254391e-21
1.392000000000000000e+03 2.573538642130343839e-20 5.859783804020531692e-20 1.712957348848763140e-20 2.675499270509460068e-19 1.555654949057401622e-19 8.034269045071707732e-21
1.402000000000000000e+03 2.522248019392716367e-20 5.685706610099734646e-20 1.654335168232963426e-20 2.621296801771196621e-19 1.500559600627711841e-19 7.802657422345694982e-21
1.412000000000000000e+03 2.472437858254502291e-20 5.518657738366964460e-20 1.597977557881591901e-20 2.568370980451268670e-19 1.448051793645735277e-19 7.578932166973682978e-21
1.422000000000000000e+03 2.424064347960248472e-20 5.358576148252766016e-20 1.543785196063918963e-20 2.516748120562459965e-19 1.398033727739971303e-19 7.362857225000955908e-21
1.432000000000000000e+03 2.377083482509234575e-20 5.205391643601121021e-20 1.491757811053328301e-20 2.466455023586586545e-19 1.350408747065562443e-19 7.154417342519727977e-21
1.442000000000000000e+03 2.331450242177396586e-20 5.058899986349206782e-20 1.441672791575110741e-20 2.417509127144132044e-19 1.305036456341219935e-19 6.953045039045680485e-21
1.452000000000000000e+03 2.287119962274028120e-20 4.918928606198661697e-20 1.393556022369297570e-20 2.369918607357525349e-19 1.261796376448568792e-19 6.758749190911578325e-21
1.462000000000000000e+03 2.244046786105642364e-20 4.785180263515561043e-20 1.347240090340117211e-20 2.323675967419213744e-19 1.220540089450839704e-19 6.571051514008072306e-21
1.472000000000000000e+03 2.202185384830419357e-20 4.657382547268596244e-20 1.302702663884358079e-20 2.278760151877150455e-19 1.181136493764628918e-19 6.389817747119430497e-21
1.482000000000000000e+03 2.161490170115280529e-20 4.535197553465984181e-20 1.259851361810756528e-20 2.235137014912138710e-19 1.143449681080529722e-19 6.214729768735394381e-21
1.492000000000000000e+03 2.121916184988494397e-20 4.418276603418117870e-20 1.218647313815615793e-20 2.192762627539789341e-19 1.107348704742748805e-19 6.045594437466653691e-21
1.502000000000000000e+03 2.083417908255789793e-20 4.306217554220441084e-20 1.178947491286297202e-20 2.151584276710360911e-19 1.072702682417579565e-19 5.881948376456584753e-21
1.512000000000000000e+03 2.045951634604155088e-20 4.198650803197240470e-20 1.140730136484234376e-20 2.111548563856222315e-19 1.039394785762797762e-19 5.723633805972906834e-21
1.522000000000000000e+03 2.009474331680847649e-20 4.095217115435759599e-20 1.103969185504640431e-20 2.072602872698750456e-19 1.007318439059656976e-19 5.570489885972550607e-21
1.532000000000000000e+03 1.973943401698222051e-20 3.995508003794246861e-20 1.068551067648862080e-20 2.034698528453742978e-19 9.763685486973178806e-20 5.422124353546597948e-21
1.542000000000000000e+03 1.939318387096886126e-20 3.899193237975899038e-20 1.034467020455621848e-20 1.997794115669446766e-19 9.464549928135092379e-20 5.278430879460125890e-21
1.552000000000000000e+03 1.905559113621493057e-20 3.805919549881355406e-20 1.001619249193531583e-20 1.961853977810278840e-19 9.174914136458148447e-20 5.139070018785044751e-21
1.562000000000000000e+03 1.872629002356811310e-20 3.715386017810409523e-20 9.699794420994558872e-21 1.926855100742118365e-19 8.894115033166190225e-20 5.003899889361115623e-21
1.572000000000000000e+03 1.840492140825530014e-20 3.627321846801092619e-20 9.394795264745175694e-21 1.892776927897727512e-19 8.621532911653850300e-20 4.872680134055261166e-21
1.582000000000000000e+03 1.809115303261732975e-20 3.541482434732011662e-20 9.100632731409904526e-21 1.859604633304524229e-19 8.356680685871449077e-20 4.745209982182559558e-21
1.592000000000000000e+03 1.778468660760387701e-20 3.457700354306096681e-20 8.817492041913655706e-21 1.827324840390797132e-19 8.099224552932910272e-20 4.621512468425413736e-21
1.602000000000000000e+03 1.748523247539910524e-20 3.375798120563104204e-20 8.544402860377466373e-21 1.795918175982711135e-19 7.848900890765452398e-20 4.501295957903217615e-21
1.612000000000000000e+03 1.719254345698756649e-20 3.295687808689027142e-20 8.281401155022271994e-21 1.765361169994125617e-19 7.605596197592176368e-20 4.384566473617661189e-21
1.622000000000000000e+03 1.690637871220745918e-20 3.217277976863388774e-20 8.027805905425464441e-21 1.735620078209164900e-19 7.369247898951406867e-20 4.271131033699367321e-21
1.632000000000000000e+03 1.662652795222284970e-20 3.140529021028016583e-20 7.783165554275361026e-21 1.706654406317602021e-19 7.139897571110104904e-20 4.160871533600114921e-21
1.642000000000000000e+03 1.635280178146175616e-20 3.065440878143640661e-20 7.547317698127373958e-21 1.678417606405738347e-19 6.917644180541668534e-20 4.053760645495210868e-21
1.652000000000000000e+03 1.608502313873962760e-20 2.992025682979734375e-20 7.319711726808725602e-21 1.650859378746181907e-19 6.702601290088290277e-20 3.949661708789687229e-21
1.662000000000000000e+03 1.582303709333230755e-20 2.920327937662964620e-20 7.100190815233825653e-21 1.623931339173215499e-19 6.494889348540008637e-20 3.848557356653465791e-21
1.672000000000000000e+03 1.556669081893197810e-20 2.850393845730094352e-20 6.888264395163863472e-21 1.597586807680092862e-19 6.294589390834530591e-20 3.750330712252128647e-21
1.682000000000000000e+03 1.531585135107145646e-20 2.782293588884984625e-20 6.683900253897067220e-21 1.571787005214065831e-19 6.101768491591589943e-20 3.655003849885598793e-21
1.692000000000000000e+03 1.507038700999207139e-20 2.716070957691172607e-20 6.486221393803979334e-21 1.546501237251754445e-19 5.916388276268660541e-20 3.562337409674337940e-21
1.702000000000000000e+03 1.483017524179435000e-20 2.651794508550721879e-20 6.295254882455058824e-21 1.521706669821174780e-19 5.738384054561483465e-20 3.472363527690755378e-21
1.712000000000000000e+03 1.459509956405043868e-20 2.589526630793448677e-20 6.110988355895984000e-21 1.497389078807061045e-19 5.567624112121479852e-20 3.385100905288579984e-21
1.722000000000000000e+03 1.436504209241573072e-20 2.529286450631501872e-20 5.932693264933832429e-21 1.473538966285855540e-19 5.403827432278209634e-20 3.300334636257677870e-21
1.732000000000000000e+03 1.413989152166793079e-20 2.471113769145735739e-20 5.760463455292742912e-21 1.450153551554929039e-19 5.246741883780004659e-20 3.218104854168193260e-21
1.742000000000000000e+03 1.391952594898962472e-20 2.414999996275964809e-20 5.593801009099000957e-21 1.427231479722390648e-19 5.096010419036588327e-20 3.138254419063635350e-21
1.752000000000000000e+03 1.370383636803006193e-20 2.360945857401298655e-20 5.432638723530098111e-21 1.404773197521722088e-19 4.951279715228788843e-20 3.060760661384683576e-21
1.762000000000000000e+03 1.349270456148252883e-20 2.308903471627445385e-20 5.276608764301221346e-21 1.382777711878861102e-19 4.812140174262702009e-20 2.985493628326105683e-21
1.772000000000000000e+03 1.328600738034570655e-20 2.258816617446288575e-20 5.125309616734844746e-21 1.361241881745299323e-19 4.678202411484485677e-20 2.912308178632232376e-21
1.782000000000000000e+03 1.308363972205118017e-20 2.210651039224574043e-20 4.979095075721792364e-21 1.340163157151633378e-19 4.549141788801106918e-20 2.841308423257923046e-21
1.792000000000000000e+03 1.288549024997192161e-20 2.164318337156032426e-20 4.837626784145483597e-21 1.319533707759565934e-19 4.424572775930799590e-20 2.772363888421451038e-21
1.802000000000000000e+03 1.269143592190435810e-20 2.119714907226816964e-20 4.700603597028984200e-21 1.299342745854877044e-19 4.304149137745768454e-20 2.705351921546770338e-21
1.812000000000000000e+03 1.250137064147628470e-20 2.076744649151550078e-20 4.568005372110072114e-21 1.279580254178662396e-19 4.187577540539574868e-20 2.640245486970736656e-21
1.822000000000000000e+03 1.231518289341709017e-20 2.035291234719973532e-20 4.439607659227808002e-21 1.260234227337237922e-19 4.074587189534051184e-20 2.576946837081848794e-21
1.832000000000000000e+03 1.213274925424435898e-20 1.995220341411529693e-20 4.315088636735238514e-21 1.241289824903618339e-19 3.964899396598117187e-20 2.515319965822196239e-21
1.842000000000000000e+03 1.195397521745292846e-20 1.956441931214531239e-20 4.194642070812067765e-21 1.222738191040907129e-19 3.858328685878815674e-20 2.455415405121473140e-21
1.852000000000000000e+03 1.177874330441731437e-20 1.918805672820614172e-20 4.077846501525649521e-21 1.204567934502079087e-19 3.754656091991414638e-20 2.397062601843461411e-21
1.862000000000000000e+03 1.160695892162804298e-20 1.882230912527043700e-20 3.964832571321092272e-21 1.186771205595490188e-19 3.653739561255576041e-20 2.340294998794799916e-21
1.872000000000000000e+03 1.143850947330801316e-20 1.846599820432285200e-20 3.855356689794284192e-21 1.169338999979689758e-19 3.555417582275645274e-20 2.285009891889821329e-21
1.882000000000000000e+03 1.127329844397409123e-20 1.811807358660759508e-20 3.749274569232792813e-21 1.152264274162273299e-19 3.459565858708480665e-20 2.231142442927765287e-21
1.892000000000000000e+03 1.111122501966579865e-20 1.777777242461045235e-20 3.646531498014283506e-21 1.135539886239648270e-19 3.366091232735304497e-20 2.178664779456149983e-21
1.902000000000000000e+03 1.095219570164334054e-20 1.744436223123668652e-20 3.546981328360685824e-21 1.119157566204577765e-19 3.274911097819400875e-20 2.127517665571855199e-21
1.912000000000000000e+03 1.079612386122086228e-20 1.711725103644698512e-20 3.450534573868266778e-21 1.103111296571460033e-19 3.185991489604936818e-20 2.077666194929622156e-21
1.922000000000000000e+03 1.064292735783804597e-20 1.679606444789439634e-20 3.357145848021132324e-21 1.087391952190618372e-19 3.099317959119584251e-20 2.029095514016785528e-21
1.932000000000000000e+03 1.049252481712127702e-20 1.648050142863006194e-20 3.266691757219577133e-21 1.071987017507877190e-19 3.014895763176658990e-20 1.981764113412762113e-21
1.942000000000000000e+03 1.034482671665570910e-20 1.617034259999172032e-20 3.179068121777819591e-21 1.056882466336562296e-19 2.932754839313076441e-20 1.935638865575315264e-21
1.952000000000000000e+03 1.019977755977772248e-20 1.586560940828927045e-20 3.094137630750007835e-21 1.042066251362344425e-19 2.852952653843618887e-20 1.890679701209885361e-21
1.962000000000000000e+03 1.005728387955519267e-20 1.556608987156036612e-20 3.011523393096961509e-21 1.027521340412758633e-19 2.775523726778502112e-20 1.846749751419105724e-21
1.972000000000000000e+03 9.917294808275911981e-21 1.527225924761312998e-20 2.931503064271332709e-21 1.013234115503599501e-19 2.700553351311539905e-20 1.803970085013828832e-21
1.982000000000000000e+03 9.779765508210897123e-21 1.498435267164382867e-20 2.854046068094959841e-21 9.991955936215895892e-20 2.628090548039796599e-20 1.762342845311247847e-21
1.992000000000000000e+03 9.644620761994655458e-21 1.470257244240412911e-20 2.778926240178231564e-21 9.853916485453073639e-20 2.558151751719881046e-20 1.721792015365089506e-21
2.002000000000000000e+03 9.511818413874589473e-21 1.442719678689534390e-20 2.705985313878312633e-21 9.718157713291906221e-20 2.490723486075764753e-20 1.682266741508809692e-21
2.012000000000000000e+03 9.381299921840805635e-21 1.415864421433023115e-20 2.635332744633719890e-21 9.584595936443366974e-20 2.425771750550903232e-20 1.643819242614474076e-21
2.022000000000000000e+03 9.253012433736306967e-21 1.389707670496440598e-20 2.566636107972317103e-21 9.453189877490211313e-20 2.363212130246402227e-20 1.606324428539300708e-21
2.032000000000000000e+03 9.126923704248650521e-21 1.364293923947131164e-20 2.500082280455892546e-21 9.323933576162403755e-20 2.302954063486214794e-20 1.569862794436455594e-21
2.042000000000000000e+03 9.002970351960940807e-21 1.339616598169712238e-20 2.435209452913375817e-21 9.196763246859633699e-20 2.244829745688420218e-20 1.534247854844422876e-21
2.052000000000000000e+03 8.881127772422710554e-21 1.315717486061619144e-20 2.372319504694181727e-21 9.071697109269896881e-20 2.188716291925136772e-20 1.499603289158789554e-21
2.062000000000000000e+03 8.761344481419315615e-21 1.292594311246129305e-20 2.311211927896602924e-21 8.948707673307082059e-20 2.134447470768777105e-20 1.465845168194652423e-21
2.072000000000000000e+03 8.643587652226162189e-21 1.270252609080672849e-20 2.251864888500425772e-21 8.827790731525673993e-20 2.081867903076202091e-20 1.432961971044939250e-21
2.082000000000000000e+03 8.527802943581085281e-21 1.248668524968213489e-20 2.194086900548939586e-21 8.708909308875991020e-20 2.030812249725948655e-20 1.400867983450466099e-21
2.092000000000000000e+03 8.413970066745116469e-21 1.227835336560758303e-20 2.137953400633244593e-21 8.592068729548995147e-20 1.981157813199978673e-20 1.369590366701109114e-21
2.102000000000000000e+03 8.302056888437234404e-21 1.207734328457860200e-20 2.083452523901953362e-21 8.477223278651978806e-20 1.932785109587058531e-20 1.339119384181576532e-21
2.112000000000000000e+03 8.192015924811424597e-21 1.188314749517067680e-20 2.030422345872023837e-21 8.364303358017491596e-20 1.885576244833761928e-20 1.309378708148338478e-21
2.122000000000000000e+03 8.083836160909473384e-21 1.169556018862235832e-20 1.978958201719894784e-21 8.253319790128681342e-20 1.839479400936045603e-20 1.280406283545381005e-21
2.132000000000000000e+03 7.977456785815551186e-21 1.151406016280069501e-20 1.928886333830937333e-21 8.144167276263969022e-20 1.794420392429716282e-20 1.252121620838206816e-21
2.142000000000000000e+03 7.872867575404912590e-21 1.133804337149120892e-20 1.880246657938660518e-21 8.036844427002072915e-20 1.750365606725227490e-20 1.224535940379673205e-21
2.152000000000000000e+03 7.770027790017430271e-21 1.116701717363530623e-20 1.832915582708463017e-21 7.931292938512873768e-20 1.707292173536879558e-20 1.197592560409531053e-21
2.162000000000000000e+03 7.668887098533019378e-21 1.100062447075330613e-20 1.786922059385416805e-21 7.827447453815604786e-20 1.665174227269999018e-20 1.171300635184964292e-21
2.172000000000000000e+03 7.569454911397226998e-21 1.083859475594883249e-20 1.742358361318783213e-21 7.725347801861187769e-20 1.624005875521488705e-20 1.145701009801714334e-21
2.182000000000000000e+03 7.471657078505404005e-21 1.068016832909722034e-20 1.699041501294365123e-21 7.624900114390338033e-20 1.583754993583954998e-20 1.120707167419705643e-21
2.192000000000000000e+03 7.375476477993137244e-21 1.052485713087065141e-20 1.656974836636724161e-21 7.526128922792913301e-20 1.544415622477443882e-20 1.096318670291789238e-21
2.202000000000000000e+03 7.280915598828042873e-21 1.037292172235779543e-20 1.616330630162082301e-21 7.429043302823433230e-20 1.505978751697322003e-20 1.072618182344954458e-21
2.212000000000000000e+03 7.187879016196418334e-21 1.022316383450666222e-20 1.576737281731117452e-21 7.333578163140615839e-20 1.468417793761380993e-20 1.049430639583187897e-21
2.222000000000000000e+03 7.096378496159599677e-21 1.007597823726383580e-20 1.538444532983299992e-21 7.239734031232559049e-20 1.431732799241337525e-20 1.026875196130319320e-21
2.232000000000000000e+03 7.006334513510026419e-21 9.930682565026590210e-21 1.501231882605988536e-21 7.147491952497372518e-20 1.395923717946606531e-20 1.004849723018766056e-21
2.242000000000000000e+03 6.917751677153184623e-21 9.787473955779101941e-21 1.465207440040550698e-21 7.056852286636224079e-20 1.361009345099915806e-20 9.834101001861725782e-22
2.252000000000000000e+03 6.830575089366365016e-21 9.646122212490935058e-21 1.430223559292262782e-21 6.967770945269222671e-20 1.327018480147036274e-20 9.624923998904873259e-22
2.262000000000000000e+03 6.744811670546674922e-21 9.506868840972528377e-21 1.396398272007573149e-21 6.880257551834062175e-20 1.294001905715674431e-20 9.421596318738875945e-22
2.272000000000000000e+03 6.660368699343338679e-21 9.369323476348915812e-21 1.363456293317841619e-21 6.794211882939657804e-20 1.262007288783510949e-20 9.222875273915987455e-22
2.282000000000000000e+03 6.577234556424205613e-21 9.233801737478146064e-21 1.331505796874579793e-21 6.709612960346316424e-20 1.231097818542216741e-20 9.029353185362086707e-22
2.292000000000000000e+03 6.495408536634440759e-21 9.100586155115617674e-21 1.300554198618223216e-21 6.626439393708865227e-20 1.201330273036951799e-20 8.841162067523693750e-22
2.302000000000000000e+03 6.414849214475808591e-21 8.969703322352701041e-21 1.270500051377989781e-21 6.544655955392736412e-20 1.172747510180550978e-20 8.657889698085426985e-22
2.312000000000000000e+03 6.335532294657163866e-21 8.841330679904356974e-21 1.241276817969522695e-21 6.464214100333681692e-20 1.145368785694295778e-20 8.479282564336591876e-22
2.322000000000000000e+03 6.257412172455466425e-21 8.715648580185435447e-21 1.212851030325144653e-21 6.385050322698725776e-20 1.119190757080047061e-20 8.305219812831249759e-22
2.332000000000000000e+03 6.180493675927809067e-21 8.592926105580871328e-21 1.185236624571601210e-21 6.307182252004293467e-20 1.094184220574610180e-20 8.135804300555235496e-22
2.342000000000000000e+03 6.104733326591072822e-21 8.473065093246841161e-21 1.158229903357468381e-21 6.230536756439067327e-20 1.070274238818495966e-20 7.970040368964619427e-22
2.352000000000000000e+03 6.030090424214063676e-21 8.356417946510875971e-21 1.131939085407954446e-21 6.155105376868327612e-20 1.047399271977088841e-20 7.808446270184954485e-22
2.362000000000000000e+03 5.956598771871954198e-21 8.243300081051397749e-21 1.106392940215944195e-21 6.080872418787089056e-20 1.025462822896685195e-20 7.651158305752042485e-22
2.372000000000000000e+03 5.884220823983032102e-21 8.133648653055759684e-21 1.081472908821345579e-21 6.007813427081510031e-20 1.004347482555839579e-20 7.497549743023588063e-22
2.382000000000000000e+03 5.812940790841071253e-21 8.027520083951808483e-21 1.057153419350376006e-21 5.935899895330437689e-20 9.839347078197034437e-21 7.347444975398381572e-22
2.392000000000000000e+03 5.742745088516627447e-21 7.925041490547891403e-21 1.033456216971110973e-21 5.865130010562075739e-20 9.641171426581601235e-21 7.200908410467114928e-22
2.402000000000000000e+03 5.673606881873414727e-21 7.826064675579069198e-21 1.010326417001842681e-21 5.795429442725667721e-20 9.447769341357072366e-21 7.057601030058271288e-22
2.412000000000000000e+03 5.605537010433985047e-21 7.730503062343505217e-21 9.877588620395682312e-22 5.726862626986104835e-20 9.258234294723108767e-21 6.917451527976241763e-22
2.422000000000000000e+03 5.538507710993683507e-21 7.638317621631194471e-21 9.657242502033448800e-22 5.659336085364605698e-20 9.071780831544157502e-21 6.780272100355550220e-22
2.432000000000000000e+03 5.472506108376466365e-21 7.549052619854550064e-21 9.441671048879707072e-22 5.592830448305281297e-20 8.887666867506283000e-21 6.645716528358432866e-22
2.442000000000000000e+03 5.407542179830970465e-21 7.462884651369113979e-21 9.231818805720187140e-22 5.527358549814654287e-20 8.705639331392238323e-21 6.514261587182427970e-22
2.452000000000000000e+03 5.343600422219386983e-21 7.379409230422114727e-21 9.027109452187909648e-22 5.462869485374095683e-20 8.525391566659598406e-21 6.385580549025052861e-22
2.462000000000000000e+03 5.280656294653384918e-21 7.298220374500769512e-21 8.827070988134158933e-22 5.399334158408985447e-20 8.346781821912545906e-21 6.259404043949882662e-22
2.472000000000000000e+03 5.218679353617380546e-21 7.219009418251652848e-21 8.631658906786710744e-22 5.336733281776372862e-20 8.169874870814528349e-21 6.135694600870927652e-22
2.482000000000000000e+03 5.157709169331754260e-21 7.141975281580156787e-21 8.441715371210939144e-22 5.275104265292100571e-20 7.994877169498659263e-21 6.014920939792994715e-22
2.492000000000000000e+03 5.097693454191728404e-21 7.066303447408159848e-21 8.256197913861569480e-22 5.214385657361110522e-20 7.821829911445248749e-21 5.896503964835168622e-22
2.502000000000000000e+03 5.038642977623823781e-21 6.991957420345670374e-21 8.075645974062776221e-22 5.154599824154706266e-20 7.650929562532496875e-21 5.780741597166379394e-22
2.512000000000000000e+03 4.980527008183879167e-21 6.918743540018907272e-21 7.899864334391581250e-22 5.095717710837314019e-20 7.482382242733681975e-21 5.667543063910622977e-22
2.522000000000000000e+03 4.923323732441513207e-21 6.846440828601917853e-21 7.728659639643030068e-22 5.037709583944273897e-20 7.316313063360100045e-21 5.556812990837292763e-22
2.532000000000000000e+03 4.867033726037825418e-21 6.774833299190024814e-21 7.561976600654958208e-22 4.980612247677127196e-20 7.152943858316132461e-21 5.448537001220053542e-22
2.542000000000000000e+03 4.811584125665894695e-21 6.703599143128075351e-21 7.398655672502156204e-22 4.924336453639321788e-20 6.992427938009306162e-21 5.342104656000496560e-22
2.552000000000000000e+03 4.757019828875049858e-21 6.633229532248306922e-21 7.240468837720744876e-22 4.868966361370168869e-20 6.835086599377916379e-21 5.238509404494058085e-22
2.562000000000000000e+03 4.703338632052697515e-21 6.563496485566952287e-21 7.086937323166556656e-22 4.814498278294383862e-20 6.681195985271742807e-21 5.137521405723545870e-22
2.572000000000000000e+03 4.650440359204243623e-21 6.494231294754189837e-21 6.937434573763377392e-22 4.760836079133500490e-20 6.531096242875156185e-21 5.038825120031091756e-22
2.582000000000000000e+03 4.598362356884481203e-21 6.425591653405289676e-21 6.792129438540730586e-22 4.708035734253136628e-20 6.385261209870525729e-21 4.942568146319838877e-22
2.592000000000000000e+03 4.547121148048571182e-21 6.357815817085344676e-21 6.650934012515920058e-22 4.656115252149044027e-20 6.244143306922574863e-21 4.848763406634252680e-22
2.602000000000000000e+03 4.496606425434422364e-21 6.290681404500946667e-21 6.513131066454043532e-22 4.604945247314383099e-20 6.108134963194331394e-21 4.757041338589143050e-22
2.612000000000000000e+03 4.446859969596671055e-21 6.224587557295323459e-21 6.379253193859064344e-22 4.554558894308033912e-20 5.977590361366880814e-21 4.667749324154157402e-22
2.622000000000000000e+03 4.397822464747006281e-21 6.159359228921135666e-21 6.248148794338397218e-22 4.504973514306267362e-20 5.852707257241338928e-21 4.580279980886545006e-22
2.632000000000000000e+03 4.349569877420308593e-21 6.095666685547298048e-21 6.121000663764497317e-22 4.456224263778705956e-20 5.733595969610267285e-21 4.495332212856793347e-22
2.642000000000000000e+03 4.302005107641653986e-21 6.033345461161701143e-21 5.996749722601502203e-22 4.408194489724340612e-20 5.620022218311058333e-21 4.412311938839731421e-22
2.652000000000000000e+03 4.255149119586765034e-21 5.972655909904209152e-21 5.875489847813605150e-22 4.360966469607645148e-20 5.511696148202844770e-21 4.331277044172125376e-22
2.662000000000000000e+03 4.208971066953074368e-21 5.913710948526755494e-21 5.756875355796674035e-22 4.314459142197504301e-20 5.408090333804742846e-21 4.252015671117616777e-22
2.672000000000000000e+03 4.163454668344398167e-21 5.856656625538535436e-21 5.640843989645484608e-22 4.268638940831082887e-20 5.308550983553761272e-21 4.174463541646459459e-22
2.682000000000000000e+03 4.118627835539112037e-21 5.801644744087117238e-21 5.527340840905386731e-22 4.223577389432546120e-20 5.212392614684648814e-21 4.098562991924805459e-22
2.692000000000000000e+03 4.074503569948076119e-21 5.748892057255454789e-21 5.416336588862405007e-22 4.179256454763688356e-20 5.118905159891434643e-21 4.024268657372949987e-22
2.702000000000000000e+03 4.031043928874332530e-21 5.698380285522883427e-21 5.307810102504395305e-22 4.135660774396035959e-20 5.027387275374714726e-21 3.951523143413518019e-22
2.712000000000000000e+03 3.988219817986416965e-21 5.650064954739396182e-21 5.201493325156043171e-22 4.092730956292600886e-20 4.937193958315316023e-21 3.880134675975583447e-22
2.722000000000000000e+03 3.946068282630720826e-21 5.603759229451775452e-21 5.097139077900300039e-22 4.050481180868200589e-20 4.847752732469235221e-21 3.809926033008831534e-22
2.732000000000000000e+03 3.904543939581675366e-21 5.558990164575862986e-21 4.994558985967438471e-22 4.008874155559576100e-20 4.758721512684232888e-21 3.740744618269102076e-22
2.742000000000000000e+03 3.863613600872585713e-21 5.516302052152630866e-21 4.894165855568634247e-22 3.967865103338162915e-20 4.669885410443919229e-21 3.672830828471161213e-22
2.752000000000000000e+03 3.823384756390938498e-21 5.475925996832619950e-21 4.796398079537024621e-22 3.927533443911789308e-20 4.581200298843959548e-21 3.606451868060357609e-22
2.762000000000000000e+03 3.783784323457066239e-21 5.437209599687837511e-21 4.700599128583405762e-22 3.887768157917781639e-20 4.492595528939041386e-21 3.541199239675217179e-22
2.772000000000000000e+03 3.744799901235196387e-21 5.399594266612137335e-21 4.606668436801146046e-22 3.848544813078380650e-20 4.404123791087739113e-21 3.476995843505251725e-22
2.782000000000000000e+03 3.706488660432635725e-21 5.363780267109155138e-21 4.515532991293573365e-22 3.809960126828373203e-20 4.316075291786149896e-21 3.414426220756189413e-22
2.792000000000000000e+03 3.668731873379684664e-21 5.328553265899981261e-21 4.426094910360673565e-22 3.771852066067931892e-20 4.228560187829672508e-21 3.352814075123337768e-22
2.802000000000000000e+03 3.631626217422324104e-21 5.294552381206268377e-21 4.339288594828540686e-22 3.734397498945977381e-20 4.141873031560495469e-21 3.292753356836612988e-22
2.812000000000000000e+03 3.595085965007100954e-21 5.260749968026078059e-21 4.254278434240210483e-22 3.697328720553091270e-20 4.056096521449322513e-21 3.233725619441250790e-22
2.822000000000000000e+03 3.559126754526136742e-21 5.227372316424563038e-21 4.171704860528466573e-22 3.660820752144567707e-20 3.971424095135239903e-21 3.176130613123153239e-22
2.832000000000000000e+03 3.523784655674172354e-21 5.194189441153227638e-21 4.091382218365349283e-22 3.624891702594390938e-20 3.887963108325172645e-21 3.119870257382048998e-22
2.842000000000000000e+03 3.489057569058960673e-21 5.161145703796046528e-21 4.013507346685733080e-22 3.589503304179243291e-20 3.805753506343226441e-21 3.065067247550380788e-22
2.852000000000000000e+03 3.454789072766970439e-21 5.127635214225671443e-21 3.937605563424623604e-22 3.554562937577517940e-20 3.724813050265862113e-21 3.011420418649468268e-22
2.862000000000000000e+03 3.421036248979857174e-21 5.093926661406351969e-21 3.863816827958054774e-22 3.520048209934741170e-20 3.645194451183071130e-21 2.959036694987558929e-22
2.872000000000000000e+03 3.387888532120010770e-21 5.060256061063603085e-21 3.792571340680281437e-22 3.486133262233394556e-20 3.567041344559463352e-21 2.908202129745882392e-22
2.882000000000000000e+03 3.355213406350847463e-21 5.026013158353230812e-21 3.723136546250808747e-22 3.452695485021223398e-20 3.490496643280431195e-21 2.858473309348098463e-22
2.892000000000000000e+03 3.323100854886172399e-21 4.991738273651234975e-21 3.655927567800065911e-22 3.419798808383430740e-20 3.415870357165573493e-21 2.810148053770432786e-22
2.902000000000000000e+03 3.291382952072518437e-21 4.957303314535610531e-21 3.590684343667838367e-22 3.387264188026292189e-20 3.343542326724309667e-21 2.763089644804748737e-22
2.912000000000000000e+03 3.260194664802675525e-21 4.922743215373290955e-21 3.527117051253306974e-22 3.355275712161114118e-20 3.274003320860444506e-21 2.717180226927223543e-22
2.922000000000000000e+03 3.229488423201318654e-21 4.888291836176877351e-21 3.465139631496495096e-22 3.323816892882651153e-20 3.207707405694203756e-21 2.672411553107879738e-22
2.932000000000000000e+03 3.199181520255989752e-21 4.853969522052859168e-21 3.404588841607124783e-22 3.292733167823893050e-20 3.145054817493261608e-21 2.628716051156398151e-22
2.942000000000000000e+03 3.169378229158401242e-21 4.820288885463562436e-21 3.345964148453417414e-22 3.262213065549881369e-20 3.086344297789009380e-21 2.586443545332360877e-22
2.952000000000000000e+03 3.139913456570191022e-21 4.787087080569071497e-21 3.288673877553337490e-22 3.232077381333272296e-20 3.031664664863386573e-21 2.545237534935276592e-22
2.962000000000000000e+03 3.110985971880353175e-21 4.754968343927542597e-21 3.232953026327164328e-22 3.202515888552739702e-20 2.980964009002497749e-21 2.505271989893432277e-22
2.972000000000000000e+03 3.082438707439052193e-21 4.723839416127735454e-21 3.178504851359013726e-22 3.173460019478936763e-20 2.933941448148629902e-21 2.466338332701577388e-22
2.982000000000000000e+03 3.054295157709060100e-21 4.693946840616030374e-21 3.125030958012425925e-22 3.144849992981467805e-20 2.890186161756979100e-21 2.428237739942421544e-22
2.992000000000000000e+03 3.026635902700451278e-21 4.665576997645629303e-21 3.072708689473237943e-22 3.116740815233987802e-20 2.849161643702046616e-21 2.391052652136398406e-22
3.002000000000000000e+03 2.999299566685048010e-21 4.638762778652961236e-21 3.021341289173754586e-22 3.089134911713595209e-20 2.810295019186306960e-21 2.354614208142353663e-22
3.012000000000000000e+03 2.972426862289502844e-21 4.613723168634002816e-21 2.970903349244104511e-22 3.062045532951276623e-20 2.772920756672432997e-21 2.318873819383430724e-22
3.022000000000000000e+03 2.945964340944669035e-21 4.590459076175362833e-21 2.921283969454559481e-22 3.035449459541979281e-20 2.736415793893539166e-21 2.283715855210942048e-22
3.032000000000000000e+03 2.919973712375283884e-21 4.569266513933785442e-21 2.872719929874228633e-22 3.009375582856759602e-20 2.700266602899030788e-21 2.249259730260706487e-22
3.042000000000000000e+03 2.894323247913349689e-21 4.549557684309988490e-21 2.824558444556301357e-22 2.983726978406147498e-20 2.663933127944095553e-21 2.215044588624174078e-22
3.052000000000000000e+03 2.869077297460132254e-21 4.531617068095805365e-21 2.777170221345596744e-22 2.958511316062574433e-20 2.627090845177504478e-21 2.181285109426299225e-22
3.062000000000000000e+03 2.844272515998022864e-21 4.515623547563437679e-21 2.730874998307581813e-22 2.933850672764794153e-20 2.589516090260441526e-21 2.148170236879984674e-22
3.072000000000000000e+03 2.819869597818280673e-21 4.500733913252257760e-21 2.685075981915402607e-22 2.909527620999571851e-20 2.550979225873625551e-21 2.115292818636263396e-22
3.082000000000000000e+03 2.795926100115570636e-21 4.487336194356593877e-21 2.640188063776758803e-22 2.885643048569026992e-20 2.511505007807521278e-21 2.082923895826279719e-22
3.092000000000000000e+03 2.772363936333130752e-21 4.474723260225706190e-21 2.596022696808767712e-22 2.862133116351702995e-20 2.471136595412758488e-21 2.050929494315396123e-22
3.102000000000000000e+03 2.749232633243570956e-21 4.463005231629847183e-21 2.552781046327653152e-22 2.839084470964511046e-20 2.430034696795249708e-21 2.019452208209641714e-22
3.112000000000000000e+03 2.726520163668119664e-21 4.451378578425717175e-21 2.510244404911885957e-22 2.816313102796399005e-20 2.388362173575946329e-21 1.988349225176743245e-22
3.122000000000000000e+03 2.704038821182494361e-21 4.439570719198529575e-21 2.468338056974192493e-22 2.793694928150415089e-20 2.346325399618746332e-21 1.957572996964342878e-22
3.132000000000000000e+03 2.682050034682502949e-21 4.428110547464697916e-21 2.427624794527179207e-22 2.771550768738954380e-20 2.304160071441605987e-21 1.927521235181199003e-22
3.142000000000000000e+03 2.660459344543428933e-21 4.416511013466161915e-21 2.387933957529218103e-22 2.749724929592855029e-20 2.262007821528127427e-21 1.898083933798855444e-22
3.152000000000000000e+03 2.639205349754422927e-21 4.404410506269080861e-21 2.349196390995073207e-22 2.728176655641670291e-20 2.220009525670100550e-21 1.869220053936165460e-22
3.162000000000000000e+03 2.618350204148051640e-21 4.391798551628185206e-21 2.311545550622951976e-22 2.706913591615119237e-20 2.178264608825361471e-21 1.841027164404209391e-22
3.172000000000000000e+03 2.597864580036010944e-21 4.378297011061222179e-21 2.274942068860194850e-22 2.685988335202826300e-20 2.136869410010227615e-21 1.813482679135309786e-22
3.182000000000000000e+03 2.577582722778378142e-21 4.363652539298939350e-21 2.239198900222813443e-22 2.665305578473458306e-20 2.095904438492140950e-21 1.786464213837999915e-22
3.192000000000000000e+03 2.557722545553764067e-21 4.348498256732556024e-21 2.204635593817403878e-22 2.644863802792023816e-20 2.055507462327052152e-21 1.760209702355775384e-22
3.202000000000000000e+03 2.538086490114472519e-21 4.331998542243455821e-21 2.170825392913219012e-22 2.624632153859663001e-20 2.015859237451232049e-21 1.734440608973670680e-22
3.212000000000000000e+03 2.518843383980796196e-21 4.314893658677551760e-21 2.138144467654113464e-22 2.604801188542353414e-20 1.977255086669073350e-21 1.709443271807042096e-22
3.222000000000000000e+03 2.499869352257865939e-21 4.297246249676060433e-21 2.106403646846561370e-22 2.585182188599214889e-20 1.940027145931451661e-21 1.685120154953943025e-22
3.232000000000000000e+03 2.481152738309350634e-21 4.278895236054817075e-21 2.075406201247961588e-22 2.565866416139948905e-20 1.904541126468005167e-21 1.661374751854526158e-22
3.242000000000000000e+03 2.462692081007858923e-21 4.260323560277218969e-21 2.045238310988294035e-22 2.546720437833665627e-20 1.871121540164137908e-21 1.638298319853282972e-22
3.252000000000000000e+03 2.444511132326703600e-21 4.241880524391099396e-21 2.015777260047556821e-22 2.527884361560662917e-20 1.839995025567703454e-21 1.615840846169181785e-22
3.262000000000000000e+03 2.426605278354897649e-21 4.223667438100715285e-21 1.986907738686947769e-22 2.509348714547991418e-20 1.811240785053915719e-21 1.593939354751808737e-22
3.272000000000000000e+03 2.408953390220246788e-21 4.205999551068542001e-21 1.958711095961475044e-22 2.491247273365789495e-20 1.784789374751180282e-21 1.572647870695318976e-22
3.282000000000000000e+03 2.391604512707563879e-21 4.189348959923719861e-21 1.931042761744975425e-22 2.473382654096935037e-20 1.760425179856803146e-21 1.551866276658467385e-22
3.292000000000000000e+03 2.374449460567349042e-21 4.174087229487740121e-21 1.903932253229254778e-22 2.455751186892840241e-20 1.737834808554403697e-21 1.531590414053741114e-22
3.302000000000000000e+03 2.357651877233554744e-21 4.160239941907727150e-21 1.877128481842199781e-22 2.438598936551954721e-20 1.716611164894799066e-21 1.511634059451913097e-22
3.312000000000000000e+03 2.341009252087989750e-21 4.146714610332567425e-21 1.850249276857661540e-22 2.421812628202965607e-20 1.696248466171841088e-21 1.491685544801996958e-22
3.322000000000000000e+03 2.324661716664568609e-21 4.135809217375042344e-21 1.823916239098258125e-22 2.405320938468745549e-20 1.676466161049795186e-21 1.472160854285894453e-22
3.332000000000000000e+03 2.308632776127444930e-21 4.127212642687922237e-21 1.798063776676278748e-22 2.389318397954089181e-20 1.656829552337586138e-21 1.452980589469498071e-22
3.342000000000000000e+03 2.292809479420933311e-21 4.121010502428349355e-21 1.772584428909556423e-22 2.373525457923413803e-20 1.636989268831286268e-21 1.434042450813440356e-22
3.352000000000000000e+03 2.277278374320242222e-21 4.116745800275507947e-21 1.747265497995775888e-22 2.358143524909084176e-20 1.616651680202500877e-21 1.415182122162990341e-22
3.362000000000000000e+03 2.262158316306796210e-21 4.115137246925515179e-21 1.722482483675600481e-22 2.343247437476089489e-20 1.595652575928732012e-21 1.396645332445435722e-22
3.372000000000000000e+03 2.247214587886158386e-21 4.115718718683290333e-21 1.697836115886558918e-22 2.328384063938175174e-20 1.573860115929606541e-21 1.378142258821645861e-22
3.382000000000000000e+03 2.232710136999376374e-21 4.118640957099849028e-21 1.673783615136469720e-22 2.314081056768930786e-20 1.551285471739844683e-21 1.359986713225678953e-22
3.392000000000000000e+03 2.218252246326308454e-21 4.122698719498018349e-21 1.649775375515402878e-22 2.299779426906313859e-20 1.527967780941310475e-21 1.341787911338003517e-22
3.402000000000000000e+03 2.204251408887751857e-21 4.128547374603239254e-21 1.626366458276697456e-22 2.285826865439360996e-20 1.504073250633157581e-21 1.323947510748678566e-22
3.412000000000000000e+03 2.190568824559218495e-21 4.135411260114345591e-21 1.603456920863623380e-22 2.272142576615553170e-20 1.479775668140912568e-21 1.306398650905310191e-22
3.422000000000000000e+03 2.177224891558380565e-21 4.143275159575922535e-21 1.581101305598160185e-22 2.258679125299276068e-20 1.455285237688522553e-21 1.289193939327606399e-22
3.432000000000000000e+03 2.164061611575731740e-21 4.151338195801628265e-21 1.559162462927078734e-22 2.245234342529251896e-20 1.430778382525240026e-21 1.272242117723711428e-22
3.442000000000000000e+03 2.151208024115426997e-21 4.159176375938322337e-21 1.537856441920388820e-22 2.231980438543088859e-20 1.406425803949901245e-21 1.255702406979654758e-22
3.452000000000000000e+03 2.138682111217312620e-21 4.166581363883714435e-21 1.517290184774753766e-22 2.218948108614282088e-20 1.382329610000545127e-21 1.239654688907774656e-22
3.462000000000000000e+03 2.126364442601527737e-21 4.172843577195895457e-21 1.497278409448202797e-22 2.205960531447137753e-20 1.358525108182894221e-21 1.223969273525275823e-22
3.472000000000000000e+03 2.114408791923914811e-21 4.177668283416634520e-21 1.478051995212404826e-22 2.193258057527826998e-20 1.335018370449497936e-21 1.208806459272832130e-22
3.482000000000000000e+03 2.102611386218879214e-21 4.181096669956938319e-21 1.459519822689771168e-22 2.180758142027289697e-20 1.311753364367452600e-21 1.194096395910400776e-22
3.492000000000000000e+03 2.091027834401138280e-21 4.181893031412932874e-21 1.441606489564754509e-22 2.168360015645310123e-20 1.288655531139560876e-21 1.179775908455970321e-22
3.502000000000000000e+03 2.079786634938727692e-21 4.180642657446536265e-21 1.424023066987891300e-22 2.155959013768245792e-20 1.265685721894158524e-21 1.165658352081592345e-22
3.512000000000000000e+03 2.068551203345828814e-21 4.177185377035524213e-21 1.407238117729644710e-22 2.143690349552128879e-20 1.242839243443186547e-21 1.152046985851566399e-22
3.522000000000000000e+03 2.057696115469999680e-21 4.172281271005758650e-21 1.391306243551619850e-22 2.131699011644121451e-20 1.220235261985083096e-21 1.139007598443309556e-22
3.532000000000000000e+03 2.046930174146834769e-21 4.165500544969705144e-21 1.375948878426031145e-22 2.119804086948425823e-20 1.198125210388561862e-21 1.126363704089121389e-22
3.542000000000000000e+03 2.036195229639797455e-21 4.156491589168912874e-21 1.361057487217957245e-22 2.107814490967692679e-20 1.176893181088649402e-21 1.114073917728761995e-22
3.552000000000000000e+03 2.025985506619286421e-21 4.147347242746988878e-21 1.347249487724822646e-22 2.096272762622565615e-20 1.156996347987332641e-21 1.102627519361464845e-22
3.562000000000000000e+03 2.015611826166833993e-21 4.136211519621175993e-21 1.333461737075338064e-22 2.084749645634095535e-20 1.138852423280118627e-21 1.091319844977522164e-22
3.572000000000000000e+03 2.005587985850749897e-21 4.125287918280151805e-21 1.320457826547152896e-22 2.073376392913069784e-20 1.122776413794062072e-21 1.080727662322329824e-22
3.582000000000000000e+03 1.995551579862359798e-21 4.114022163214863454e-21 1.307625828839365594e-22 2.062053657152905024e-20 1.108904253278999702e-21 1.070443790568139227e-22
3.592000000000000000e+03 1.985705570772869314e-21 4.103414065324430793e-21 1.295314300846930511e-22 2.050998627780135357e-20 1.097193176309485312e-21 1.060714656536550454e-22
3.602000000000000000e+03 1.976004473491236335e-21 4.093631454065726094e-21 1.283115594162512366e-22 2.040240002709412118e-20 1.087451820175166079e-21 1.051250731256783041e-22
3.612000000000000000e+03 1.966691393448484139e-21 4.085719813488438954e-21 1.271355619909872229e-22 2.029951159505877179e-20 1.079384823568014732e-21 1.042257403314206145e-22
3.622000000000000000e+03 1.957228132968034255e-21 4.079063045771213740e-21 1.259411579751651294e-22 2.019875740113794000e-20 1.072602250638775079e-21 1.033258841104652218e-22
3.632000000000000000e+03 1.947921681147468500e-21 4.074887500135069846e-21 1.247644326350111810e-22 2.009862224175573460e-20 1.066688361155955885e-21 1.024473275890660980e-22
3.642000000000000000e+03 1.938996143536181052e-21 4.073559851110997112e-21 1.236071580662160254e-22 2.000568379833044160e-20 1.061217301663922746e-21 1.015882041400911012e-22
3.652000000000000000e+03 1.930233381329737703e-21 4.074838386179995157e-21 1.224533631509430256e-22 1.991622848461889650e-20 1.055765505439777393e-21 1.007328797608362594e-22
3.662000000000000000e+03 1.921615636062459613e-21 4.078896879297218003e-21 1.212914834112087008e-22 1.983163635101187727e-20 1.049967902426805288e-21 9.987020617038258687e-23
3.672000000000000000e+03 1.913186130014821753e-21 4.085774634960374601e-21 1.201324769935916727e-22 1.974968979776815714e-20 1.043520488545273194e-21 9.900488337054069629e-23
3.682000000000000000e+03 1.905065852386629183e-21 4.095457464167313471e-21 1.189795694246170904e-22 1.967110600034247147e-20 1.036196344422898302e-21 9.813737635755418313e-23
3.692000000000000000e+03 1.897089086602784922e-21 4.105072943867951026e-21 1.177949303968249410e-22 1.959680430292054844e-20 1.027866035469285037e-21 9.723869099489765898e-23
3.702000000000000000e+03 1.889322049071646760e-21 4.117475359555790302e-21 1.166239752839879790e-22 1.952600246823897109e-20 1.018526351707698949e-21 9.634145002649478770e-23
3.712000000000000000e+03 1.881889896864504610e-21 4.132549324999991021e-21 1.154751873963626853e-22 1.945717408150247635e-20 1.008213967172635500e-21 9.545191649740242692e-23
3.722000000000000000e+03 1.874697394063025853e-21 4.148898466615288778e-21 1.143333866698704292e-22 1.939065492287799970e-20 9.970278542902357857e-22 9.455950830959638888e-23
3.732000000000000000e+03 1.867622731298262924e-21 4.165978874503937193e-21 1.132030932727203302e-22 1.932346519784879000e-20 9.851115624192731497e-22 9.366782507751050813e-23
3.742000000000000000e+03 1.860859199424888036e-21 4.183776724100161794e-21 1.121046383106632997e-22 1.926078391355664532e-20 9.726360794868084332e-22 9.279282823992936308e-23
3.752000000000000000e+03 1.854355062982882238e-21 4.201304272858319982e-21 1.110270950843044675e-22 1.919806133953421055e-20 9.597617711745359769e-22 9.192767767434042636e-23
3.762000000000000000e+03 1.848067599996663407e-21 4.217428476613621462e-21 1.099788419912191108e-22 1.913539433637544570e-20 9.466306457006697188e-22 9.107872515503371927e-23
3.772000000000000000e+03 1.842012720466506559e-21 4.232311168027879059e-21 1.089673444535770661e-22 1.907652359053828823e-20 9.333565074597581826e-22 9.025233563118264171e-23
3.782000000000000000e+03 1.835899311024732811e-21 4.243995035812112829e-21 1.079759481246087146e-22 1.901336412929186366e-20 9.199648660210314214e-22 8.943556979876628626e-23
3.792000000000000000e+03 1.830268686765102744e-21 4.253663416790975025e-21 1.070382950362335644e-22 1.895262599031113171e-20 9.064906089422214828e-22 8.865382921639540599e-23
3.802000000000000000e+03 1.824782554968266530e-21 4.260010450060977823e-21 1.061459112851818938e-22 1.889451057102140159e-20 8.929219950507043021e-22 8.789980241022480439e-23
3.812000000000000000e+03 1.819382906742052538e-21 4.262895801581788398e-21 1.052817948289372528e-22 1.883334317049790544e-20 8.792465515063867396e-22 8.716137157492167075e-23
3.822000000000000000e+03 1.813893259259854356e-21 4.261810712700981087e-21 1.044521298348304774e-22 1.877303287102336760e-20 8.654874730150030768e-22 8.644243622312769392e-23
3.832000000000000000e+03 1.808867341837425198e-21 4.258465113782094349e-21 1.036872174613631236e-22 1.871595092848313132e-20 8.517443449907762768e-22 8.576667351892670064e-23
3.842000000000000000e+03 1.803737132377527223e-21 4.251242128936766468e-21 1.029432686009516826e-22 1.865689734616415232e-20 8.382228818482242807e-22 8.510408140134293659e-23
3.852000000000000000e+03 1.798715708694290244e-21 4.241564878745860601e-21 1.022355383830736864e-22 1.859542896549173616e-20 8.252353460711605032e-22 8.446944049295261825e-23
3.862000000000000000e+03 1.793872979580264275e-21 4.229698924302161705e-21 1.015589141969971891e-22 1.853644205561815331e-20 8.131702552034656848e-22 8.386390839257418665e-23
3.872000000000000000e+03 1.788934827067851636e-21 4.216347065814743288e-21 1.009148565274106125e-22 1.847868344253555091e-20 8.023486028813684412e-22 8.329192916244625717e-23
3.882000000000000000e+03 1.784111224464742620e-21 4.201724759396293442e-21 1.002772557787282993e-22 1.842024416094225429e-20 7.929870767775624199e-22 8.273902956709942837e-23
3.892000000000000000e+03 1.779269187847644506e-21 4.185469697961352671e-21 9.960210897162051238e-23 1.836040830977366835e-20 7.851192265141808550e-22 8.217564768368008023e-23
3.902000000000000000e+03 1.774687234544923815e-21 4.170407838478414451e-21 9.897949369024733173e-23 1.830593420710976349e-20 7.786825742675970066e-22 8.166455551811988318e-23
3.912000000000000000e+03 1.770117218709344440e-21 4.156710942602574814e-21 9.837534294420248279e-23 1.825158472369928490e-20 7.734401582749941766e-22 8.117955463801965479e-23
3.922000000000000000e+03 1.765522019607586013e-21 4.144814954469600192e-21 9.777661570780159019e-23 1.820235370779827403e-20 7.690911738251171914e-22 8.070869857238289906e-23
3.932000000000000000e+03 1.761079702077362649e-21 4.135715815500499604e-21 9.717670921206865810e-23 1.815055443093663230e-20 7.653036685221988595e-22 8.024441288968307483e-23
3.942000000000000000e+03 1.756895120450454501e-21 4.129074761294809834e-21 9.658045190796865160e-23 1.810664046860665652e-20 7.617178221389338973e-22 7.978627777692186359e-23
3.952000000000000000e+03 1.752572590814322606e-21 4.126011297188590465e-21 9.596589136375424010e-23 1.806540974683797954e-20 7.580296609873693918e-22 7.931542789937216935e-23
3.962000000000000000e+03 1.748648908379545689e-21 4.126667532357620223e-21 9.535813577691929225e-23 1.802658188153623543e-20 7.539271678977234819e-22 7.884669202723526554e-23
3.972000000000000000e+03 1.744531431962498720e-21 4.130025191544451839e-21 9.471100354458177807e-23 1.798854082742193281e-20 7.491964411901398988e-22 7.834449480296828939e-23
3.982000000000000000e+03 1.740853240537766931e-21 4.137956533113918682e-21 9.408674224302207939e-23 1.795911594521282771e-20 7.437125532954138444e-22 7.785206955564680271e-23
3.992000000000000000e+03 1.737438134719588666e-21 4.149020675173070527e-21 9.344509306855311912e-23 1.792880185722681446e-20 7.374036584693217274e-22 7.733989241087162982e-23
4.002000000000000000e+03 1.734109162781997902e-21 4.163245272856003685e-21 9.280696381772767309e-23 1.790033407843946565e-20 7.303066020042679969e-22 7.682221240581577991e-23
4.012000000000000000e+03 1.730997328313218171e-21 4.180304531434228196e-21 9.216700974258848214e-23 1.787403215281841882e-20 7.225207847594716755e-22 7.629640073134385677e-23
4.022000000000000000e+03 1.728142300968529990e-21 4.199200916897621876e-21 9.153380968553181493e-23 1.784776281012948398e-20 7.141949128127474298e-22 7.576946376141814668e-23
4.032000000000000000e+03 1.725502848391440496e-21 4.219318175981308753e-21 9.091148090209341164e-23 1.782045322507165778e-20 7.055208540256616082e-22 7.524587539862433873e-23
4.042000000000000000e+03 1.723086546786721129e-21 4.240393440598646797e-21 9.031259766749542077e-23 1.779595294578158359e-20 6.967034684652979822e-22 7.473642208107380529e-23
4.052000000000000000e+03 1.720950766934150320e-21 4.261387517781087884e-21 8.974774733224583102e-23 1.776924606140170913e-20 6.879509551924165015e-22 7.425035295377732868e-23
4.062000000000000000e+03 1.719204785618452819e-21 4.281058290025359717e-21 8.921471338562064346e-23 1.774689542932377984e-20 6.794371555014952435e-22 7.378810871413463882e-23
4.072000000000000000e+03 1.717402753945453743e-21 4.297897992587094621e-21 8.870348731843940066e-23 1.772000588530578316e-20 6.713051358267425697e-22 7.334319901535273501e-23
4.082000000000000000e+03 1.715903182071871241e-21 4.308167157405399978e-21 8.818326983487168705e-23 1.769622248104546285e-20 6.636326846225229759e-22 7.289539791179694646e-23
4.092000000000000000e+03 1.714350832931887520e-21 4.317103616511958768e-21 8.772631766155540310e-23 1.766968333755423883e-20 6.564580116234329211e-22 7.249551603211399693e-23
4.102000000000000000e+03 1.713258604035995817e-21 4.323662980657659334e-21 8.735113027681631995e-23 1.764843735605244561e-20 6.497040767984374888e-22 7.215610233487114635e-23
4.112000000000000000e+03 1.712336461893565845e-21 4.325658481890086130e-21 8.702466576344407464e-23 1.762680966245841467e-20 6.431989760221488860e-22 7.185130515372408523e-23
4.122000000000000000e+03 1.710891737767559521e-21 4.322287777996347207e-21 8.673565299231157046e-23 1.760057167181809162e-20 6.367192711892320530e-22 7.156914883127665230e-23
4.132000000000000000e+03 1.710252905818251178e-21 4.315265212846947178e-21 8.654034350508327259e-23 1.758076887765653435e-20 6.300022286770718749e-22 7.134741436841239619e-23
4.142000000000000000e+03 1.709117466041529672e-21 4.302991974302231950e-21 8.637751753991427731e-23 1.755569717010211979e-20 6.228504544339255109e-22 7.113861191348982231e-23
4.152000000000000000e+03 1.708490869152533082e-21 4.286971382844456353e-21 8.629986357997064190e-23 1.753431593530821859e-20 6.152071286795694027e-22 7.097947184748772512e-23
4.162000000000000000e+03 1.707320171705576963e-21 4.266695837525130301e-21 8.625739062712621204e-23 1.750991578796200810e-20 6.072815319728195585e-22 7.083613179924697486e-23
4.172000000000000000e+03 1.706411607231179662e-21 4.243843077529373888e-21 8.627704191907689270e-23 1.748206796413341818e-20 5.995402533948534267e-22 7.073448592740739088e-23
4.182000000000000000e+03 1.705513078891540885e-21 4.218012840680607821e-21 8.632749185044432276e-23 1.745792050783928688e-20 5.926304978230574661e-22 7.066198825979065018e-23
4.192000000000000000e+03 1.704645609645271655e-21 4.190849899431491731e-21 8.643544715244370938e-23 1.743402865086862257e-20 5.871552018669849691e-22 7.064610960854367742e-23
4.202000000000000000e+03 1.703420133159666863e-21 4.162891396762106613e-21 8.656886550519592313e-23 1.740467913572096492e-20 5.834922399149911669e-22 7.067116001686133358e-23
4.212000000000000000e+03 1.702145210228654721e-21 4.134850538955179153e-21 8.672498604552575789e-23 1.737689561102661159e-20 5.817543102894471334e-22 7.073872045374841280e-23
4.222000000000000000e+03 1.701037310921318516e-21 4.107659845127273735e-21 8.692860737345316887e-23 1.735287238005719480e-20 5.818374497720769492e-22 7.086500488085236627e-23
4.232000000000000000e+03 1.699667191728852162e-21 4.081535739171540555e-21 8.710875249396441344e-23 1.732841656097529814e-20 5.834916627963927717e-22 7.099858280331291174e-23
4.242000000000000000e+03 1.698531839109263493e-21 4.057175846319619742e-21 8.729344426178968548e-23 1.730944332989631864e-20 5.863856649460149302e-22 7.115427771748239464e-23
4.252000000000000000e+03 1.697314857095851812e-21 4.035036690114891580e-21 8.749035469799119469e-23 1.729374247782510406e-20 5.901524679101754365e-22 7.133111166443690363e-23
4.262000000000000000e+03 1.695846528699380983e-21 4.015050651747090997e-21 8.764822966786501668e-23 1.727876706373435768e-20 5.943982282046227486e-22 7.148866933364719437e-23
4.272000000000000000e+03 1.694860908701768104e-21 3.994363692808017134e-21 8.775261205780767460e-23 1.727418273616953108e-20 5.987195775237841159e-22 7.161187365017428824e-23
4.282000000000000000e+03 1.693589895751652754e-21 3.976200835244900067e-21 8.783679594167445077e-23 1.727366407837075601e-20 6.027785210513730912e-22 7.171757161723321799e-23
4.292000000000000000e+03 1.692628455815501056e-21 3.960806452766448953e-21 8.791527609369797528e-23 1.727748588950075723e-20 6.062639059889564597e-22 7.181233689907942158e-23
4.302000000000000000e+03 1.691484718843131983e-21 3.948046072069484190e-21 8.797119722589257181e-23 1.728202923191869499e-20 6.089224239140178500e-22 7.188063757056020964e-23
4.312000000000000000e+03 1.690481701168094063e-21 3.937597068429695208e-21 8.801574890607193980e-23 1.729413047817960415e-20 6.105890829959101087e-22 7.192848393819913819e-23
4.322000000000000000e+03 1.689809431791062868e-21 3.927864362224416523e-21 8.803648766552944539e-23 1.731050073948488965e-20 6.111506252944452908e-22 7.194593046988781470e-23
4.332000000000000000e+03 1.689002714529447192e-21 3.919284257412977956e-21 8.802439918091383281e-23 1.732518010528509455e-20 6.106086024799070424e-22 7.192624832651975678e-23
4.342000000000000000e+03 1.688326373099506779e-21 3.910305336436645147e-21 8.800179776847086922e-23 1.734205626232750294e-20 6.090025382557812184e-22 7.188486660642886620e-23
4.352000000000000000e+03 1.687906714981511112e-21 3.901628054629294209e-21 8.797174830909055477e-23 1.736018086453968078e-20 6.064380774758875185e-22 7.182558806154904099e-23
4.362000000000000000e+03 1.687463353460129110e-21 3.891869324353049751e-21 8.793825466339027063e-23 1.737637849871638364e-20 6.030235434446181101e-22 7.175131855470780093e-23
4.372000000000000000e+03 1.687076883443001684e-21 3.880626326463242146e-21 8.789735431607194589e-23 1.738828966219605045e-20 5.989305526627552164e-22 7.166151788432908636e-23
4.382000000000000000e+03 1.687096878094631825e-21 3.867628787027406667e-21 8.787921542255275837e-23 1.740570769146005216e-20 5.943376397678592585e-22 7.157917789947781746e-23
4.392000000000000000e+03 1.686732889085329814e-21 3.852194878039623364e-21 8.784622343487062144e-23 1.741251157971117760e-20 5.893942822335741939e-22 7.147927024344256115e-23
4.402000000000000000e+03 1.686381018590762543e-21 3.834239929313042507e-21 8.783428988247392178e-23 1.741981242634349476e-20 5.842060310788304892e-22 7.138777984588985642e-23
4.412000000000000000e+03 1.686393539813696478e-21 3.813746751144584974e-21 8.786471543276119097e-23 1.742956602429698975e-20 5.788084556036208302e-22 7.131963253676925238e-23
4.422000000000000000e+03 1.685961349172094947e-21 3.790489827107294237e-21 8.788756579315655811e-23 1.743018502536441621e-20 5.731823530674702446e-22 7.123956986583613913e-23
4.432000000000000000e+03 1.685680024298104888e-21 3.764777673666961285e-21 8.794364478464024463e-23 1.743218314547667855e-20 5.672502927526863940e-22 7.117424538367427426e-23
4.442000000000000000e+03 1.685055213904374934e-21 3.736641550325298961e-21 8.800876651370526146e-23 1.742657165854701645e-20 5.609462294647118839e-22 7.110523311270793231e-23
4.452000000000000000e+03 1.684399184118527081e-21 3.706465950335390012e-21 8.809864577535427306e-23 1.742193223481655068e-20 5.542141150991616898e-22 7.104215154951304797e-23
4.462000000000000000e+03 1.683657891354052242e-21 3.674325257176288845e-21 8.814281465131141033e-23 1.741257129678389929e-20 5.471730985577542134e-22 7.094043550347618169e-23
4.472000000000000000e+03 1.682528706978265426e-21 3.640726987462252176e-21 8.816756501425685440e-23 1.740003111369326177e-20 5.401164657617538839e-22 7.082164482024279577e-23
4.482000000000000000e+03 1.681376098922045696e-21 3.606459909939334652e-21 8.821676261070374181e-23 1.738411743793726394e-20 5.335102474461609112e-22 7.072312208574539127e-23
4.492000000000000000e+03 1.679843371783443948e-21 3.571741026607870815e-21 8.828336002880196873e-23 1.736732376627911144e-20 5.277802431110895763e-22 7.064771543607099963e-23
4.502000000000000000e+03 1.678253474004489508e-21 3.536932708393684844e-21 8.833885573547095278e-23 1.734478181616365478e-20 5.231495704415592739e-22 7.058264413961836670e-23
4.512000000000000000e+03 1.676345166737169924e-21 3.502329787400168891e-21 8.838809654648582694e-23 1.732326729067801535e-20 5.195498759848277049e-22 7.053046879067265697e-23
4.522000000000000000e+03 1.674306318515051772e-21 3.468183947957639403e-21 8.838853877520439867e-23 1.729801699727408757e-20 5.167340440398467885e-22 7.046062738641361768e-23
4.532000000000000000e+03 1.671954563889457936e-21 3.434806150607707545e-21 8.835687813013929854e-23 1.727342313877309212e-20 5.143580396690459866e-22 7.037772596260531817e-23
4.542000000000000000e+03 1.669697524842448048e-21 3.402305867183007322e-21 8.829140537803943915e-23 1.724896429789040527e-20 5.120545218838483785e-22 7.027480247528369245e-23
4.552000000000000000e+03 1.666953718452397865e-21 3.370847811724899044e-21 8.816510203614743410e-23 1.722135029524799679e-20 5.094905789084470663e-22 7.012757206511609108e-23
4.562000000000000000e+03 1.664310823164842964e-21 3.340490558378850528e-21 8.799115456958359491e-23 1.719601311617085552e-20 5.064328420998106865e-22 6.994115420752786499e-23
4.572000000000000000e+03 1.661509760668860172e-21 3.311225572037502483e-21 8.777195098313876872e-23 1.716920154934317433e-20 5.027569015593448871e-22 6.971408653764189550e-23
4.582000000000000000e+03 1.658657060700159829e-21 3.282917055217604933e-21 8.749179288739436675e-23 1.714217375134489830e-20 4.984248321183106648e-22 6.943574447956989981e-23
4.592000000000000000e+03 1.655730693955442119e-21 3.255528139245934847e-21 8.717000851213085282e-23 1.711514119416100773e-20 4.934735407363223154e-22 6.911878363975353809e-23
4.602000000000000000e+03 1.652793799584237362e-21 3.228938892360760210e-21 8.680269863960240623e-23 1.708480010175335588e-20 4.879944128453195228e-22 6.876231312832200363e-23
4.612000000000000000e+03 1.649781442473970847e-21 3.202980918258854033e-21 8.639743975565058397e-23 1.705303200564377859e-20 4.821387802182803812e-22 6.837373397451691191e-23
4.622000000000000000e+03 1.646776847123280919e-21 3.177455711855030992e-21 8.597646021647931893e-23 1.701827600024685986e-20 4.760825628727087670e-22 6.797037926220746732e-23
4.632000000000000000e+03 1.643733733224265301e-21 3.152275834786547782e-21 8.554110218057258011e-23 1.698340944664744016e-20 4.700783883942166644e-22 6.755809792345041207e-23
4.642000000000000000e+03 1.640773796510865770e-21 3.127268792715548837e-21 8.512071721655276570e-23 1.694729268706013446e-20 4.643570064574683367e-22 6.716016113445796483e-23
4.652000000000000000e+03 1.637684432945512665e-21 3.102307225353334750e-21 8.469380829512394516e-23 1.691153816068367809e-20 4.592093811011399461e-22 6.676911432693170602e-23
4.662000000000000000e+03 1.634567371935178904e-21 3.075789338338084451e-21 8.415618363021730476e-23 1.687546513896685990e-20 4.548893072773694195e-22 6.632546537575948272e-23
4.672000000000000000e+03 1.631273719661280053e-21 3.050286155611807198e-21 8.371238859861653093e-23 1.683843951341865438e-20 4.516724881311259508e-22 6.596349261484794797e-23
4.682000000000000000e+03 1.627988844865818685e-21 3.024999948516143030e-21 8.332420432864816538e-23 1.680426323692462033e-20 4.497533149263758241e-22 6.566377137310487399e-23
4.692000000000000000e+03 1.624611352371661990e-21 2.999624007246624763e-21 8.299072542828007973e-23 1.677208660963685090e-20 4.492940552721044590e-22 6.542882793953911714e-23
4.702000000000000000e+03 1.621038322312815335e-21 2.974124503767524449e-21 8.269821322068732350e-23 1.673971491908042461e-20 4.504326705379004579e-22 6.525239728353760626e-23
4.712000000000000000e+03 1.617390926630520552e-21 2.948586733941781726e-21 8.246558848232076667e-23 1.670920593819862712e-20 4.532171438297881470e-22 6.514662030648446706e-23
4.722000000000000000e+03 1.613628059333315481e-21 2.922929451207141314e-21 8.230002731790729144e-23 1.668135697869500719e-20 4.576335369760532864e-22 6.511429848719393823e-23
4.732000000000000000e+03 1.609749084169581188e-21 2.897259177373427787e-21 8.219242804262576336e-23 1.665370825589545610e-20 4.635081646273720780e-22 6.514468925409306098e-23
4.742000000000000000e+03 1.605652948126633659e-21 2.871504924703433368e-21 8.212614700392554684e-23 1.662532400190015807e-20 4.705825072480941808e-22 6.522045028451542719e-23
4.752000000000000000e+03 1.601373874254854208e-21 2.845803811185922561e-21 8.209803586883424042e-23 1.659384465259948120e-20 4.783530710067785111e-22 6.532878920068261561e-23
4.762000000000000000e+03 1.596965222237892416e-21 2.820181988312277002e-21 8.210903445704035093e-23 1.656222280292370191e-20 4.860594520217453146e-22 6.545598237886655626e-23
4.772000000000000000e+03 1.592407285615886382e-21 2.794680401578560263e-21 8.214381995506755313e-23 1.652790471330509500e-20 4.926106664032647340e-22 6.557343721191375368e-23
4.782000000000000000e+03 1.587708412444454245e-21 2.769338078460772326e-21 8.218510144792856810e-23 1.649130897770187109e-20 4.967720627293812923e-22 6.565029153093264137e-23
4.792000000000000000e+03 1.582851037672910730e-21 2.744177111498401617e-21 8.221705245259208655e-23 1.645156108938465185e-20 4.977985668326409860e-22 6.566533402267381726e-23
4.802000000000000000e+03 1.577880337420038635e-21 2.719228544224487503e-21 8.222493361312549467e-23 1.640917404710241213e-20 4.963276283239992183e-22 6.562104437049837671e-23
4.812000000000000000e+03 1.572820025246239338e-21 2.694483039793827087e-21 8.219372808661885920e-23 1.636485458536372301e-20 4.943009292340646231e-22 6.554165096388872725e-23
4.822000000000000000e+03 1.567637679740646413e-21 2.669971754754090768e-21 8.209759693803617559e-23 1.631750100632024565e-20 4.935490560359240793e-22 6.544293726728411753e-23
4.832000000000000000e+03 1.562388464009746684e-21 2.645684143936016049e-21 8.193173968006659960e-23 1.626850385277292110e-20 4.947906204922345645e-22 6.533459326449881352e-23
4.842000000000000000e+03 1.557076744585822162e-21 2.621606973710297964e-21 8.167430713955823699e-23 1.621811781539228708e-20 4.977710535386272082e-22 6.519736940075346368e-23
4.852000000000000000e+03 1.551728282796193922e-21 2.597716512225085266e-21 8.113863849946189375e-23 1.616649265816256849e-20 5.018576933986127831e-22 6.489952322510397968e-23
4.862000000000000000e+03 1.546341956664038966e-21 2.574083012178795095e-21 8.061077649054357216e-23 1.611368505316926674e-20 5.062484884962748815e-22 6.460850584441447636e-23
4.872000000000000000e+03 1.540958876020433702e-21 2.550737377975982401e-21 8.000091572254900684e-23 1.606050129892184042e-20 5.102348878687703328e-22 6.425499168763253129e-23
4.882000000000000000e+03 1.535571992816363245e-21 2.527645926962212070e-21 7.931770687967115199e-23 1.600707239224472608e-20 5.132244667415933748e-22 6.383531074240502668e-23
4.892000000000000000e+03 1.530198092861074581e-21 2.504839830530878157e-21 7.853843039839592095e-23 1.595350230791388562e-20 5.148111733233173918e-22 6.332921950645337260e-23
4.902000000000000000e+03 1.524850482386729037e-21 2.482369909222396009e-21 7.767525764582451379e-23 1.589980579585523856e-20 5.147285694163807659e-22 6.274147373250794778e-23
4.912000000000000000e+03 1.519519863829320898e-21 2.460228509412513233e-21 7.671234415075445799e-23 1.584581628895509929e-20 5.129420610088717394e-22 6.206197179829897813e-23
4.922000000000000000e+03 1.514218806831459432e-21 2.438473560838118969e-21 7.567688607665190860e-23 1.579162541635736054e-20 5.094995341272412626e-22 6.130979092092442826e-23
4.932000000000000000e+03 1.508947566529411197e-21 2.417128173694313615e-21 7.456980279346370947e-23 1.573724410495674168e-20 5.045678767992515569e-22 6.048831320491196355e-23
4.942000000000000000e+03 1.503710954812928954e-21 2.396233114901439157e-21 7.340388138384183642e-23 1.568282361518748995e-20 4.983389437472432846e-22 5.960885398679531222e-23
4.952000000000000000e+03 1.498508722830447321e-21 2.375797764746959474e-21 7.219114945724605001e-23 1.562849647146903572e-20 4.911426353399845823e-22 5.868403745067703191e-23
4.962000000000000000e+03 1.493346754827938061e-21 2.355861763633963117e-21 7.094514854187908142e-23 1.557442217413708385e-20 4.833416045402252475e-22 5.772790659945392056e-23
4.972000000000000000e+03 1.488226286216318981e-21 2.336425408021721369e-21 6.967772548687900728e-23 1.552071344649345401e-20 4.752636468652341841e-22 5.675285416725868682e-23
4.982000000000000000e+03 1.483149267440624885e-21 2.317493194215848054e-21 6.840162179540747499e-23 1.546747311477586420e-20 4.671533136807980026e-22 5.577072281267724648e-23
4.992000000000000000e+03 1.478118819903690846e-21 2.299092389933792652e-21 6.712951542649398180e-23 1.541467715799796951e-20 4.591205273697238339e-22 5.479146588054168990e-23
5.002000000000000000e+03 1.473135068977645856e-21 2.281227864940330676e-21 6.587378634675582460e-23 1.536238128257054583e-20 4.510578818077565835e-22 5.382179243828054602e-23
