# els,n0s['EB'],n0s[q'EE'],n0s['TT'],n0s['TB'],n0s['TE'], mv
2.000000000000000000e+00 2.229557742347166104e-08 1.025157415074601649e-08 8.770213203375100633e-09 1.866895978328669367e-07 1.016341545730040723e-08 2.776475468590899269e-09
1.200000000000000000e+01 1.719917652925263392e-11 7.938159602232249821e-12 6.774920548428911678e-12 1.439971332270400493e-10 7.868278924241309233e-12 2.147044699715798023e-12
2.200000000000000000e+01 1.521756331555513053e-12 7.087214758228252688e-13 6.013780292118622942e-13 1.273666803317439204e-11 7.021606326283973037e-13 1.910707461792952774e-13
3.200000000000000000e+01 3.398040739850221816e-13 1.605010516780101118e-13 1.349419162495527642e-13 2.842093515336008186e-12 1.589153211249428158e-13 4.305061909983773050e-14
4.200000000000000000e+01 1.144660792419197555e-13 5.510454042318760368e-14 4.574480211979455158e-14 9.563579745919069496e-13 5.452266997980992212e-14 1.467769838661012244e-14
5.200000000000000000e+01 4.870726577213600805e-14 2.401493167480539710e-14 1.961461205181769869e-14 4.064663847360778848e-13 2.374681165725856588e-14 6.340144084859827077e-15
6.200000000000000000e+01 2.410305579904920962e-14 1.223072122958155963e-14 9.792983939546342767e-15 2.009673149302621574e-13 1.208938987976067836e-14 3.194307912314185405e-15
7.200000000000000000e+01 1.325658206329709481e-14 6.957274471571985539e-15 5.440535714108073463e-15 1.105130760051612730e-13 6.876640430589582390e-15 1.793906507251510622e-15
8.200000000000000000e+01 7.883156098303814949e-15 4.300349079601207070e-15 3.271658754892906042e-15 6.576926087386342022e-14 4.252492207268795714e-15 1.092408769043048771e-15
9.200000000000000000e+01 4.977878405311162075e-15 2.836948422378977267e-15 2.091417336232156616e-15 4.160422943396822722e-14 2.808472346157167864e-15 7.084027594832951502e-16
1.020000000000000000e+02 3.296521178097774296e-15 1.972933791556981870e-15 1.403544051712220608e-15 2.762403926281251478e-14 1.956782618317413863e-15 4.831069840724932660e-16
1.120000000000000000e+02 2.269058998785412181e-15 1.433609520327166577e-15 9.799393794398965471e-16 1.907513048462815415e-14 1.425797999905961845e-15 3.433466341075957884e-16
1.220000000000000000e+02 1.612603909039960716e-15 1.081287759105578140e-15 7.070090618383924127e-16 1.360365681919105434e-14 1.079455009818498788e-15 2.525730659462031772e-16
1.320000000000000000e+02 1.177350940798067030e-15 8.422743729029506230e-16 5.243772350258129665e-16 9.966207415177692060e-15 8.449811212930110351e-16 1.912979512618673241e-16
1.420000000000000000e+02 8.795837624238375498e-16 6.749177633296725634e-16 3.981743721314888258e-16 7.469580217554749059e-15 6.812822108702512299e-16 1.485503849258150991e-16
1.520000000000000000e+02 6.703464739106727047e-16 5.545676254781112301e-16 3.085158160519104160e-16 5.709145673862930448e-15 5.640673626859454556e-16 1.178648613284696150e-16
1.620000000000000000e+02 5.198771845050002275e-16 4.660476464813350182e-16 2.432642942102060187e-16 4.439103297919734437e-15 4.784077366531223498e-16 9.527867612553327620e-17
1.720000000000000000e+02 4.094644410083183514e-16 3.996870208569104988e-16 1.947578082518638551e-16 3.504801643598756801e-15 4.148158160528253188e-16 7.827919896657565600e-17
1.820000000000000000e+02 3.269936793910848173e-16 3.491314033048844049e-16 1.580151342953062297e-16 2.805857009899235589e-15 3.670842830649183902e-16 6.522523557610393276e-17
1.920000000000000000e+02 2.644158268200847076e-16 3.100870057592034554e-16 1.297128844260997863e-16 2.275279343512806571e-15 3.310466937300693592e-16 5.501643732112212165e-17
2.020000000000000000e+02 2.162587891686210782e-16 2.795734193112872059e-16 1.075821067167165065e-16 1.867251130121590596e-15 3.038402927704530427e-16 4.689784179318463661e-17
2.120000000000000000e+02 1.787254426471286768e-16 2.554647499858617848e-16 9.004155539402059828e-17 1.549750443141200055e-15 2.834516912802655776e-16 4.034080712736808119e-17
2.220000000000000000e+02 1.491321737597422326e-16 2.361983707454650455e-16 7.596864211088649726e-17 1.299969788195325213e-15 2.684258516789691623e-16 3.496847210093705605e-17
2.320000000000000000e+02 1.255507981690120716e-16 2.205854255676327395e-16 6.455291728405342042e-17 1.101395713980595178e-15 2.576701751740952141e-16 3.050796010311592782e-17
2.420000000000000000e+02 1.065751357745120298e-16 2.076850522729508745e-16 5.520027625353478878e-17 9.419010937165457715e-16 2.503138721397186573e-16 2.675903676181135016e-17
2.520000000000000000e+02 9.116578170584451225e-17 1.967202956271424878e-16 4.746901643600514540e-17 8.124707231612832969e-16 2.455981483390710394e-16 2.357308251644906243e-17
2.620000000000000000e+02 7.854499610021466881e-17 1.870257188647718521e-16 4.102646066766485857e-17 7.063328988269084677e-16 2.427844881603170594e-16 2.083872998327020528e-17
2.720000000000000000e+02 6.812433674393982628e-17 1.780207677573209461e-16 3.561895977808335322e-17 6.183577927770895198e-16 2.410775171224985694e-16 1.847181569032549537e-17
2.820000000000000000e+02 5.945405925070751309e-17 1.692064144597094342e-16 3.105089604572679132e-17 5.446346477334095336e-16 2.395713474081716305e-16 1.640822192666978317e-17
2.920000000000000000e+02 5.218723201491290898e-17 1.601814260538549731e-16 2.716975017141968868e-17 4.821712354785317796e-16 2.372421273510316023e-16 1.459867025554352305e-17
3.020000000000000000e+02 4.605395047307341511e-17 1.506742788884114485e-16 2.385535483824511506e-17 4.286778414901196850e-16 2.330276302392789610e-16 1.300493331280342954e-17
3.120000000000000000e+02 4.084259585489006324e-17 1.405670875689790982e-16 2.101209046291640852e-17 3.824092644738688937e-16 2.259886776429561816e-16 1.159690144136529582e-17
3.220000000000000000e+02 3.638605971919272609e-17 1.299071950070544497e-16 1.856313303179141526e-17 3.420456332058311788e-16 2.155533856802412706e-16 1.035047955000731847e-17
3.320000000000000000e+02 3.255151720372501808e-17 1.188873131215652609e-16 1.644620289666658429e-17 3.065984503999959900e-16 2.017281671458844179e-16 9.245995487009622392e-18
3.420000000000000000e+02 2.923276405092509103e-17 1.077961925881201182e-16 1.461036665913645037e-17 2.753333429802829430e-16 1.851498142104524849e-16 8.267024766176551832e-18
3.520000000000000000e+02 2.634441905154718040e-17 9.695366799628543189e-17 1.301364642254193671e-17 2.477036464372997832e-16 1.669178035883114299e-16 7.399548690753931643e-18
3.620000000000000000e+02 2.381749725663346046e-17 8.664994686475901768e-17 1.162118419041903509e-17 2.232925240597102079e-16 1.482802206099948797e-16 6.631352675632886430e-18
3.720000000000000000e+02 2.159600172459475460e-17 7.710507205413781008e-17 1.040383565717715696e-17 2.017637672004838231e-16 1.303297738382310413e-16 5.951611688197171571e-18
3.820000000000000000e+02 1.963427123565664998e-17 6.845313321229428618e-17 9.337095546466550532e-18 1.828225836170114461e-16 1.138288302455808617e-16 5.350612862790255436e-18
3.920000000000000000e+02 1.789490494873951416e-17 6.074759258085195966e-17 8.400243547114389904e-18 1.661889941675606958e-16 9.918246664281353780e-17 4.819573807710716753e-18
4.020000000000000000e+02 1.634712485266103442e-17 5.397866660693731501e-17 7.575682658729339471e-18 1.515849733108963610e-16 8.650583466548164485e-17 4.350533757671456763e-18
4.120000000000000000e+02 1.496546406877486132e-17 4.809181029740916773e-17 6.848406979809924946e-18 1.387345118051929484e-16 7.572233889072668292e-17 3.936270383922395110e-18
4.220000000000000000e+02 1.372872521210894188e-17 4.300785976898447981e-17 6.205577668067540527e-18 1.273732772820633832e-16 6.665210526285754916e-17 3.570266850494033646e-18
4.320000000000000000e+02 1.261913888897281225e-17 3.863767408479260266e-17 5.636182264497638630e-18 1.172618647259895006e-16 5.907498688713550917e-17 3.246681472285269528e-18
4.420000000000000000e+02 1.162169433628049253e-17 3.489091416735245208e-17 5.130745400625017886e-18 1.081965137911670264e-16 5.276837864876028573e-17 2.960302031538387570e-18
4.520000000000000000e+02 1.072359927569370935e-17 3.168197968268909365e-17 4.681099346747844735e-18 1.000134640543528192e-16 4.752718360588065997e-17 2.706504734190516595e-18
4.620000000000000000e+02 9.913856190530416665e-18 2.893308100894296843e-17 4.280193096174978075e-18 9.258707532990013994e-17 4.317191841016185929e-17 2.481207307515895074e-18
4.720000000000000000e+02 9.182926528252209801e-18 2.657530134503074566e-17 3.921928701828245925e-18 8.582354077372854232e-17 3.955021600875510107e-17 2.280816992680598012e-18
4.820000000000000000e+02 8.522465799029518783e-18 2.454854576638112079e-17 3.601025559522640845e-18 7.965278835707727097e-17 3.653474685759216427e-17 2.102178914362849520e-18
4.920000000000000000e+02 7.925117487960068443e-18 2.280144570397304138e-17 3.312908025703218230e-18 7.402076955238997072e-17 3.402023032721364655e-17 1.942533748901861281e-18
5.020000000000000000e+02 7.384352491195042583e-18 2.128955543707455980e-17 3.053603525011085656e-18 6.888321700737486308e-17 3.191938065660434728e-17 1.799463899233946109e-18
5.120000000000000000e+02 6.894344221211700648e-18 1.997482882747142607e-17 2.819664115329540684e-18 6.420123348456753405e-17 3.015956626012805963e-17 1.670858834553405947e-18
5.220000000000000000e+02 6.449870050220945841e-18 1.882461583256474959e-17 2.608092086829168405e-18 5.993856154974329961e-17 2.867967390596691150e-17 1.554877426887064667e-18
5.320000000000000000e+02 6.046233161451601937e-18 1.781078637190080232e-17 2.416281073027796849e-18 5.606020484162826531e-17 2.742742806770734403e-17 1.449916392435707622e-18
5.420000000000000000e+02 5.679199796163624326e-18 1.690900207681150085e-17 2.241963261257029250e-18 5.253202016080699064e-17 2.635723711049517912e-17 1.354581971115677134e-18
5.520000000000000000e+02 5.344947265756135727e-18 1.609813621406476216e-17 2.083164776333957430e-18 4.932090803800398419e-17 2.542845318362089086e-17 1.267665202418297792e-18
5.620000000000000000e+02 5.040020118367378214e-18 1.535984084611029086e-17 1.938166363740598184e-18 4.639531985646777307e-17 2.460417904455508566e-17 1.188120135480179921e-18
5.720000000000000000e+02 4.761293746655359002e-18 1.467824786230917067e-17 1.805470241817396611e-18 4.372588835144730988e-17 2.385051961959871193e-17 1.115044926445016092e-18
5.820000000000000000e+02 4.505943963424555160e-18 1.403979857043492790e-17 1.683770817917838673e-18 4.128603026759292936e-17 2.313639073001082000e-17 1.047665150363316675e-18
5.920000000000000000e+02 4.271422090939967102e-18 1.343319894501756049e-17 1.571928592041028514e-18 3.905240513076351205e-17 2.243380448034181746e-17 9.853188311370003079e-19
6.020000000000000000e+02 4.055433902069974040e-18 1.284925586871921162e-17 1.468949159797156267e-18 3.700514929315947208e-17 2.171854280244936243e-17 9.274425669688716961e-19
6.120000000000000000e+02 3.855921779325693265e-18 1.228096723293934274e-17 1.373962464575231325e-18 3.512781459296685579e-17 2.097120556008310491e-17 8.735592877553006346e-19
6.220000000000000000e+02 3.671049501866828220e-18 1.172354781813742336e-17 1.286208403619532266e-18 3.340696197261388435e-17 2.017833782092783483e-17 8.232681700094409234e-19
6.320000000000000000e+02 3.499188671614628476e-18 1.117426413081703327e-17 1.205019698544270554e-18 3.183141345110176993e-17 1.933324710867649958e-17 7.762325588513270212e-19
6.420000000000000000e+02 3.338905392298231564e-18 1.063224291494143510e-17 1.129808683998593730e-18 3.039125527987159878e-17 1.843636695749922887e-17 7.321698449958076989e-19
6.520000000000000000e+02 3.188947919592944535e-18 1.009819139365404293e-17 1.060057237912139249e-18 2.907675831858045785e-17 1.749483861754019553e-17 6.908427493544401676e-19
6.620000000000000000e+02 3.048233925131710618e-18 9.574014217050094689e-18 9.953067767345003056e-19 2.787741185085638837e-17 1.652133016989098819e-17 6.520508550540289019e-19
6.720000000000000000e+02 2.915836655812441222e-18 9.062409863213477465e-18 9.351486205016193781e-19 2.678128776291336526e-17 1.553227149824765895e-17 6.156229115416658171e-19
6.820000000000000000e+02 2.790970582780547911e-18 8.566343274406850746e-18 8.792184328227268493e-19 2.577488701027074564e-17 1.454566836169223333e-17 5.814107456777483753e-19
6.920000000000000000e+02 2.672976945359230090e-18 8.089104305974640313e-18 8.271872291810318169e-19 2.484350439837726849e-17 1.357908432072061673e-17 5.492849849342011011e-19
7.020000000000000000e+02 2.561309022642372804e-18 7.633427682265541216e-18 7.787594074687101515e-19 2.397202050745314399e-17 1.264802263534800075e-17 5.191297261781558715e-19
7.120000000000000000e+02 2.455517036859169820e-18 7.201569292338813686e-18 7.336651538479107516e-19 2.314594670972534217e-17 1.176486578536020075e-17 4.908391244933000468e-19
7.220000000000000000e+02 2.355233022905170016e-18 6.795164405707464721e-18 6.916584311566541139e-19 2.235250327660084948e-17 1.093841953608720864e-17 4.643153106747462557e-19
7.320000000000000000e+02 2.260156567258781301e-18 6.415184776794486187e-18 6.525127874337354833e-19 2.158153002875689152e-17 1.017396353207545731e-17 4.394657035281218507e-19
7.420000000000000000e+02 2.170040734518806332e-18 6.061962826254567511e-18 6.160201717626056026e-19 2.082605802063223111e-17 9.473669649125237232e-18 4.162019313520771173e-19
7.520000000000000000e+02 2.084679193833862257e-18 5.735261024670092148e-18 5.819877235313280668e-19 2.008247426060494362e-17 8.837192652086919875e-18 3.944380813331076623e-19
7.620000000000000000e+02 2.003894503089709871e-18 5.434362258629925377e-18 5.502360588492331833e-19 1.935026921141992329e-17 8.262303106592022213e-18 3.740898224275866177e-19
7.720000000000000000e+02 1.927527629929167461e-18 5.158170380622807597e-18 5.205989119576944109e-19 1.863142821827609561e-17 7.745482621755045635e-18 3.550743812071042050e-19
7.820000000000000000e+02 1.855429056296631197e-18 4.905303420946695842e-18 4.929207143861961914e-19 1.792960708154916029e-17 7.282399281074384916e-18 3.373096782468370984e-19
7.920000000000000000e+02 1.787451367557028386e-18 4.674202734788674757e-18 4.670569552424407118e-19 1.724925813601840024e-17 6.868310446914197950e-18 3.207150940958878254e-19
8.020000000000000000e+02 1.723443712043136746e-18 4.463155947722954497e-18 4.428724979659376695e-19 1.659481731074930793e-17 6.498316332666716123e-18 3.052109568800429511e-19
8.120000000000000000e+02 1.663247595878462239e-18 4.270389640917998074e-18 4.202417634390331972e-19 1.597007779437542035e-17 6.167554966569748698e-18 2.907194274813400351e-19
8.220000000000000000e+02 1.606694835251758868e-18 4.094138392256828408e-18 3.990480782717238974e-19 1.537777250965195996e-17 5.871347990891674260e-18 2.771650406047385183e-19
8.320000000000000000e+02 1.553606800591848048e-18 3.932651706636111832e-18 3.791823207882846206e-19 1.481936262709302347e-17 5.605244325713261534e-18 2.644745424742572004e-19
8.420000000000000000e+02 1.503795041638624442e-18 3.784224345390265101e-18 3.605437332687572811e-19 1.429502171310797951e-17 5.365068151064644949e-18 2.525779901912186301e-19
8.520000000000000000e+02 1.457062565138848747e-18 3.647218741685418220e-18 3.430393335165488793e-19 1.380375255644337348e-17 5.146928281227422177e-18 2.414090854443225001e-19
8.620000000000000000e+02 1.413205541244391738e-18 3.520081367508562283e-18 3.265823035788646372e-19 1.334360421930760566e-17 4.947230321861697481e-18 2.309049495225634215e-19
8.720000000000000000e+02 1.372015339992732998e-18 3.401352325541814929e-18 3.110938504739785072e-19 1.291194332742679251e-17 4.762676340898271712e-18 2.210075038665950984e-19
8.820000000000000000e+02 1.333280493732944565e-18 3.289707947198624771e-18 2.965007292982769049e-19 1.250575248669245060e-17 4.590267984428483896e-18 2.116627680899170391e-19
8.920000000000000000e+02 1.296789217230238976e-18 3.183929552971804007e-18 2.827365413169908815e-19 1.212192385563932104e-17 4.427323178531351461e-18 2.028216770219195860e-19
9.020000000000000000e+02 1.262331758614006638e-18 3.082935131503496003e-18 2.697401783854151796e-19 1.175754683659884284e-17 4.271491233337468101e-18 1.944396390880320520e-19
9.120000000000000000e+02 1.229702923648067716e-18 2.985788165810355521e-18 2.574565176994620405e-19 1.141015035755604102e-17 4.120772017268928131e-18 1.864770652796743538e-19
9.220000000000000000e+02 1.198704725679330293e-18 2.891706528026446568e-18 2.458347305351333004e-19 1.107788795659519347e-17 3.973530354860327245e-18 1.788985849278434533e-19
9.320000000000000000e+02 1.169148868018569266e-18 2.800067125434913402e-18 2.348294550304427085e-19 1.075964687445074805e-17 3.828509772767991301e-18 1.716736714570089643e-19
9.420000000000000000e+02 1.140859208419235373e-18 2.710406101698392518e-18 2.243995284777170829e-19 1.045504932635142310e-17 3.684834771128431609e-18 1.647759110908080114e-19
9.520000000000000000e+02 1.113674308744142920e-18 2.622415238351110833e-18 2.145074744749766051e-19 1.016434185761897151e-17 3.542003770981583296e-18 1.581825986458411535e-19
9.620000000000000000e+02 1.087449796557453072e-18 2.535928804490719127e-18 2.051195126468896547e-19 9.888179296617457098e-18 3.399864352328142370e-18 1.518745339811335192e-19
9.720000000000000000e+02 1.062060319349944956e-18 2.450908801812607044e-18 1.962050929175595434e-19 9.627317707599014267e-18 3.258578012414263324e-18 1.458355399657528352e-19
9.820000000000000000e+02 1.037400918666583552e-18 2.367438476208743860e-18 1.877366279845371303e-19 9.382264038392321438e-18 3.118560580051712760e-18 1.400520828117257711e-19
9.920000000000000000e+02 1.013387742418580767e-18 2.285657224153566947e-18 1.796885782489217335e-19 9.152958777916385605e-18 2.980417838278200425e-18 1.345123474514355194e-19
1.002000000000000000e+03 9.899581123195177394e-19 2.205761594648655537e-18 1.720381874074979891e-19 8.938569046237173813e-18 2.844876930141289163e-18 1.292065009722596871e-19
1.012000000000000000e+03 9.670699481128211474e-19 2.127998625733443675e-18 1.647645411061743402e-19 8.737445802225246456e-18 2.712722088695301881e-18 1.241260461374618522e-19
1.022000000000000000e+03 9.447003445737420422e-19 2.052622402339190528e-18 1.578479063595919651e-19 8.547276115045485442e-18 2.584714079226913782e-18 1.192631869759620700e-19
1.032000000000000000e+03 9.228427784455229977e-19 1.979874260043562506e-18 1.512701504027912456e-19 8.365369757954433416e-18 2.461540198733141134e-18 1.146109412724142971e-19
1.042000000000000000e+03 9.015044678271046388e-19 1.909968597112875634e-18 1.450143385094086285e-19 8.189033478165773750e-18 2.343769704318173483e-18 1.101628162383985909e-19
1.052000000000000000e+03 8.807029231347137556e-19 1.843077621161389915e-18 1.390643893805186682e-19 8.015905137772982175e-18 2.231842429274828840e-18 1.059125330167575742e-19
1.062000000000000000e+03 8.604629763243564005e-19 1.779319093048525191e-18 1.334051123441993424e-19 7.844216036824333771e-18 2.126045921506089647e-18 1.018539290408201931e-19
1.072000000000000000e+03 8.408132691279395322e-19 1.718791439022487580e-18 1.280219454576392599e-19 7.672913030553283924e-18 2.026520334895830206e-18 9.798086008457497442e-20
1.082000000000000000e+03 8.217832465455761919e-19 1.661516147734186283e-18 1.229008610495976045e-19 7.501659904883695890e-18 1.933276283737440813e-18 9.428691278090544395e-20
1.092000000000000000e+03 8.034005763599654485e-19 1.607469414810006409e-18 1.180286905290312843e-19 7.330742652470836114e-18 1.846208708859645593e-18 9.076565174064145048e-20
1.102000000000000000e+03 7.856889755800053157e-19 1.556583892385924697e-18 1.133923854813519638e-19 7.160912449134858417e-18 1.765116797265141031e-18 8.741016684837105961e-20
1.112000000000000000e+03 7.686664628908989931e-19 1.508753258738694996e-18 1.089793814533649283e-19 6.993202182130938990e-18 1.689721540754247113e-18 8.421328885319584686e-20
1.122000000000000000e+03 7.523441534055310866e-19 1.463837952553720113e-18 1.047775886532388776e-19 6.828747955011821269e-18 1.619686606442468520e-18 8.116762230367881839e-20
1.132000000000000000e+03 7.367255349519028462e-19 1.421671061606184466e-18 1.007756420368031377e-19 6.668636290731029129e-18 1.554634140122114087e-18 7.826574488451669914e-20
1.142000000000000000e+03 7.218061724948337144e-19 1.382064455137324459e-18 9.696210525503138272e-20 6.513791013817294458e-18 1.494160516677881878e-18 7.549979700639623899e-20
1.152000000000000000e+03 7.075738061587095179e-19 1.344814233414680504e-18 9.332640453182131461e-20 6.364903255569683355e-18 1.437848524893833003e-18 7.286211502145739369e-20
1.162000000000000000e+03 6.940087045968685002e-19 1.309706555162212713e-18 8.985822707286550285e-20 6.222403631268833478e-18 1.385279973525372535e-18 7.034495353546717423e-20
1.172000000000000000e+03 6.810842259373516041e-19 1.276523684731946785e-18 8.654775140025651368e-20 6.086470996096384432e-18 1.336040318042769874e-18 6.794069431426179872e-20
1.182000000000000000e+03 6.687674547001578021e-19 1.245045416501486039e-18 8.338571194604242376e-20 5.957069666749206996e-18 1.289732487056966039e-18 6.564196840076157520e-20
1.192000000000000000e+03 6.570199185862218656e-19 1.215056707533825698e-18 8.036309772944861351e-20 5.834006088789096804e-18 1.245976673945399493e-18 6.344153144969829722e-20
1.202000000000000000e+03 6.457984720398281655e-19 1.186354070713907372e-18 7.747207007706780543e-20 5.716996518038949211e-18 1.204418323880070765e-18 6.133291019313389142e-20
1.212000000000000000e+03 6.350563664833971073e-19 1.158747626242110126e-18 7.470491131560038000e-20 5.605734305594852877e-18 1.164729705463831624e-18 5.930979336296640801e-20
1.222000000000000000e+03 6.247445332409634085e-19 1.132064306903112112e-18 7.205428234455987821e-20 5.499946431410245206e-18 1.126617163639699973e-18 5.736624171345452163e-20
1.232000000000000000e+03 6.148129737475543690e-19 1.106151401989063559e-18 6.951365889149382966e-20 5.399431017101538595e-18 1.089823295681669477e-18 5.549699728318677635e-20
1.242000000000000000e+03 6.052121920615804665e-19 1.080878363373730930e-18 6.707695062123049910e-20 5.304066996308989240e-18 1.054127726702387510e-18 5.369726186684888083e-20
1.252000000000000000e+03 5.958945802610030805e-19 1.056138903227036896e-18 6.473841602736619888e-20 5.213796005936107794e-18 1.019351326953772901e-18 5.196266054840858730e-20
1.262000000000000000e+03 5.868157302081921400e-19 1.031847795810976779e-18 6.249311943429994236e-20 5.128578331505058683e-18 9.853534002909378294e-19 5.028951830365489018e-20
1.272000000000000000e+03 5.779355110050724533e-19 1.007954487336872543e-18 6.033616704592676351e-20 5.048330676635933067e-18 9.520357850580270037e-19 4.867440534264729404e-20
1.282000000000000000e+03 5.692189691196616033e-19 9.844239282380589351e-19 5.826363452706879563e-20 4.972860180329177354e-18 9.193368863617083338e-19 4.711466867692302306e-20
1.292000000000000000e+03 5.606370179532467774e-19 9.612431043788158597e-19 5.627144657835569013e-20 4.901808510258427404e-18 8.872313400570746347e-19 4.560771457324463957e-20
1.302000000000000000e+03 5.521669183933845249e-19 9.384181211074064636e-19 5.435615866575124027e-20 4.834621272417938275e-18 8.557248402950656588e-19 4.415149365804685133e-20
1.312000000000000000e+03 5.437925577157024938e-19 9.159707184517046257e-19 5.251449975397157625e-20 4.770550485369392144e-18 8.248483376818010931e-19 4.274418012221897459e-20
1.322000000000000000e+03 5.355044226266871777e-19 8.939346756688365443e-19 5.074355951236667619e-20 4.708694666821789025e-18 7.946514449465814715e-19 4.138427236024482597e-20
1.332000000000000000e+03 5.272993379219060910e-19 8.723520971732733692e-19 4.904062310369095447e-20 4.648070896022542335e-18 7.651965314250035613e-19 4.007046471292724783e-20
1.342000000000000000e+03 5.191799076626821673e-19 8.512694597226570156e-19 4.740316554133494227e-20 4.587708567311560811e-18 7.365510478137377233e-19 3.880161787940723159e-20
1.352000000000000000e+03 5.111537841925337070e-19 8.307343983330465987e-19 4.582881886121407535e-20 4.526748961134864602e-18 7.087846484157642489e-19 3.757672438109359003e-20
1.362000000000000000e+03 5.032327731672508331e-19 8.107940736590494319e-19 4.431521583001512068e-20 4.464531394296734423e-18 6.819586482734688960e-19 3.639476940525715591e-20
1.372000000000000000e+03 4.954317625742668786e-19 7.914866940750418566e-19 4.286014809515243579e-20 4.400653564679249872e-18 6.561297881032210931e-19 3.525482531335729204e-20
1.382000000000000000e+03 4.877675012628911912e-19 7.728440959200092455e-19 4.146141200580432825e-20 4.334991872754155725e-18 6.313425338836198856e-19 3.415592382163294510e-20
1.392000000000000000e+03 4.802573765835454060e-19 7.548923713729605487e-19 4.011704053250342964e-20 4.267686937433162285e-18 6.076277794645193755e-19 3.309720088718985615e-20
1.402000000000000000e+03 4.729182606497644030e-19 7.376479581959159993e-19 3.882515464769866801e-20 4.199099309107086048e-18 5.850019178940014704e-19 3.207777655068090559e-20
1.412000000000000000e+03 4.657654449208958868e-19 7.211175206852551701e-19 3.758353497487137625e-20 4.129743069143297297e-18 5.634666914303649481e-19 3.109645194691916888e-20
1.422000000000000000e+03 4.588118111734501038e-19 7.052981788007167035e-19 3.639016673732538752e-20 4.060214462622697203e-18 5.430107767698681596e-19 3.015207766773469110e-20
1.432000000000000000e+03 4.520672318264131219e-19 6.901780407518040671e-19 3.524327636118451220e-20 3.991121735397931253e-18 5.236104160507282735e-19 2.924357860260995404e-20
1.442000000000000000e+03 4.455382108260627796e-19 6.757366617512167221e-19 3.414060856615579062e-20 3.923025818190958566e-18 5.052314590475910645e-19 2.836946159133352235e-20
1.452000000000000000e+03 4.392277962107752891e-19 6.619458560207175403e-19 3.308046527944619292e-20 3.856400319116441120e-18 4.878303680366253322e-19 2.752853483180024662e-20
1.462000000000000000e+03 4.331356400689515609e-19 6.487731191479916558e-19 3.206073658127867143e-20 3.791605692741953877e-18 4.713545451400402320e-19 2.671924905037123395e-20
1.472000000000000000e+03 4.272582063348465633e-19 6.361791496367796493e-19 3.107967757638836349e-20 3.728881841869780660e-18 4.557469080508985532e-19 2.594024805773143196e-20
1.482000000000000000e+03 4.215889988435917459e-19 6.241208062841815369e-19 3.013542152509751595e-20 3.668352727319346888e-18 4.409469510479261754e-19 2.519004511618585474e-20
1.492000000000000000e+03 4.161187940797370473e-19 6.125524130976230184e-19 2.922626036425017992e-20 3.610041947327777734e-18 4.268921558656626660e-19 2.446722945018252285e-20
1.502000000000000000e+03 4.108358679398264149e-19 6.014269537526396663e-19 2.835031676532932664e-20 3.553894509720529355e-18 4.135187972492337075e-19 2.377024626893120800e-20
1.512000000000000000e+03 4.057262616132903289e-19 5.906975305423961645e-19 2.750603721285858924e-20 3.499805103030827429e-18 4.007638969657499878e-19 2.309775561309839024e-20
1.522000000000000000e+03 4.007741133705401540e-19 5.803185037228349340e-19 2.669195964037364801e-20 3.447645752543947440e-18 3.885659812803789478e-19 2.244847958072969119e-20
1.532000000000000000e+03 3.959620825498243861e-19 5.702463799601141721e-19 2.590646598665925603e-20 3.397291894747754122e-18 3.768662946594723077e-19 2.182103649559913918e-20
1.542000000000000000e+03 3.912718657258756922e-19 5.604410670249933027e-19 2.514829131720720565e-20 3.348644378951269598e-18 3.656103518718951744e-19 2.121431132436382843e-20
1.552000000000000000e+03 3.866847831880731701e-19 5.508662854121770229e-19 2.441604569444280940e-20 3.301642275639275572e-18 3.547490129617451134e-19 2.062712428299741516e-20
1.562000000000000000e+03 3.821824404186733851e-19 5.414912059869542887e-19 2.370856341205586800e-20 3.256269871831472411e-18 3.442389713995187825e-19 2.005848469819119404e-20
1.572000000000000000e+03 3.777473578133925767e-19 5.322889375648236809e-19 2.302470229141003737e-20 3.212545756587929621e-18 3.340430629869675184e-19 1.950744813892199608e-20
1.582000000000000000e+03 3.733635870898349911e-19 5.232379133649515052e-19 2.236341134028641901e-20 3.170507006638667665e-18 3.241294352287872160e-19 1.897316395161482771e-20
1.592000000000000000e+03 3.690172433538045761e-19 5.143230129006687550e-19 2.172393056986516905e-20 3.130183280020404315e-18 3.144731304990835197e-19 1.845502593392861637e-20
1.602000000000000000e+03 3.646969145108550464e-19 5.055341301274967241e-19 2.110526651741352868e-20 3.091567053767556085e-18 3.050546847883618881e-19 1.795228720752079015e-20
1.612000000000000000e+03 3.603939818885660372e-19 4.968661645953906566e-19 2.050676702576451910e-20 3.054591663864973104e-18 2.958608756934348667e-19 1.746447616845825117e-20
1.622000000000000000e+03 3.561027585668262279e-19 4.883183437443229210e-19 1.992763673307795900e-20 3.019115405184277634e-18 2.868827964351077179e-19 1.699103844331733641e-20
1.632000000000000000e+03 3.518204626734358890e-19 4.798935728169916895e-19 1.936720587819508322e-20 2.984923053661031005e-18 2.781172750942757147e-19 1.653153487845490034e-20
1.642000000000000000e+03 3.475470553295388995e-19 4.715970757900456419e-19 1.882493723943729906e-20 2.951739648287401923e-18 2.695646431015742073e-19 1.608563786546550693e-20
1.652000000000000000e+03 3.432849734037962746e-19 4.634394845698451126e-19 1.830020799029015355e-20 2.919255602060451654e-18 2.612274885929109413e-19 1.565297173485158957e-20
1.662000000000000000e+03 3.390387767899330006e-19 4.554305658526854303e-19 1.779253922477116166e-20 2.887159416512348296e-18 2.531103631103296184e-19 1.523327187685213259e-20
1.672000000000000000e+03 3.348147258729784541e-19 4.475811125560184130e-19 1.730138478544210654e-20 2.855167655302707551e-18 2.452192754024211372e-19 1.482623100914185602e-20
1.682000000000000000e+03 3.306203274495179325e-19 4.399021004448793022e-19 1.682634499915737535e-20 2.823052996665495981e-18 2.375612901261844915e-19 1.443165333798305250e-20
1.692000000000000000e+03 3.264638295333761566e-19 4.324038558662729143e-19 1.636675625962508352e-20 2.790661458956983455e-18 2.301430989122480682e-19 1.404914636140427814e-20
1.702000000000000000e+03 3.223537497920135402e-19 4.250957481397038796e-19 1.592225277411379157e-20 2.757920171272196567e-18 2.229708917469535419e-19 1.367853231231017736e-20
1.712000000000000000e+03 3.182984306713271333e-19 4.179856408256377145e-19 1.549245880170698871e-20 2.724836380924987594e-18 2.160493080432183922e-19 1.331961710834693871e-20
1.722000000000000000e+03 3.143056354139762019e-19 4.110794302320582213e-19 1.507674626767627366e-20 2.691486041407477805e-18 2.093812774267289366e-19 1.297200874948848819e-20
1.732000000000000000e+03 3.103822110755409390e-19 4.043810887109302816e-19 1.467476537939959933e-20 2.657999200729287461e-18 2.029677560602707669e-19 1.263550748654423699e-20
1.742000000000000000e+03 3.065338199329841252e-19 3.978922722020247248e-19 1.428596331053631220e-20 2.624538555384538892e-18 1.968080889672633769e-19 1.230975019789471683e-20
1.752000000000000000e+03 3.027647923028713075e-19 3.916126799596947215e-19 1.390991639632338155e-20 2.591280848698477750e-18 1.908987785260471396e-19 1.199445136587652048e-20
1.762000000000000000e+03 2.990780391503476421e-19 3.855392944912470822e-19 1.354609710961261342e-20 2.558397928508549482e-18 1.852354254286994778e-19 1.168923677638386221e-20
1.772000000000000000e+03 2.954750732675424617e-19 3.796670906098277731e-19 1.319395852762723413e-20 2.526042551929527727e-18 1.798112792082463181e-19 1.139370095769502452e-20
1.782000000000000000e+03 2.919561235689735382e-19 3.739896286573242118e-19 1.285322704850916721e-20 2.494341529380551307e-18 1.746181780361697877e-19 1.110763017633478654e-20
1.792000000000000000e+03 2.885202262974565103e-19 3.684985289894858041e-19 1.252337617438381537e-20 2.463387142071667447e-18 1.696456582194469822e-19 1.083060647459747872e-20
1.802000000000000000e+03 2.851653505408124224e-19 3.631839513062700909e-19 1.220390501951813258e-20 2.433238952601298395e-18 1.648822274591771674e-19 1.056222088372024784e-20
1.812000000000000000e+03 2.818885253743199458e-19 3.580350060685265305e-19 1.189441369854951173e-20 2.403929507706514126e-18 1.603150362026121060e-19 1.030212965765389624e-20
1.822000000000000000e+03 2.786859323240236843e-19 3.530398621759258391e-19 1.159445028891799253e-20 2.375468591372668347e-18 1.559309002164211094e-19 1.004994457300155718e-20
1.832000000000000000e+03 2.755530087042201888e-19 3.481860416419984061e-19 1.130353047622229436e-20 2.347848812137922948e-18 1.517160044671297883e-19 9.805246920164149909e-21
1.842000000000000000e+03 2.724846264970058350e-19 3.434615324039562133e-19 1.102138608286153131e-20 2.321058837414088316e-18 1.476563142958552985e-19 9.567777829879479263e-21
1.852000000000000000e+03 2.694751962433009103e-19 3.388536533436570036e-19 1.074752655054611291e-20 2.295082021872178697e-18 1.437378964756657172e-19 9.337109198004448276e-21
1.862000000000000000e+03 2.665189037098251802e-19 3.343505109778515497e-19 1.048170765874373364e-20 2.269904199301939935e-18 1.399479222200541619e-19 9.113002619097205814e-21
1.872000000000000000e+03 2.636098626978386281e-19 3.299405153799035149e-19 1.022355360972087147e-20 2.245510029607100172e-18 1.362745896984062779e-19 8.895124191817648131e-21
1.882000000000000000e+03 2.607423508021598342e-19 3.256129239271086881e-19 9.972745655913131470e-21 2.221884131426868232e-18 1.327072077375352888e-19 8.683187855022483201e-21
1.892000000000000000e+03 2.579109953548123142e-19 3.213582011793783797e-19 9.729034479820497919e-21 2.199005502768914508e-18 1.292364459040016820e-19 8.476966507053168433e-21
1.902000000000000000e+03 2.551109556068268646e-19 3.171679620908434510e-19 9.492147316114002627e-21 2.176841415098861258e-18 1.258540774867433219e-19 8.276220652928823578e-21
1.912000000000000000e+03 2.523380951160251179e-19 3.130351645819869349e-19 9.261860004723888673e-21 2.155346191404032259e-18 1.225535153140979645e-19 8.080755641634555426e-21
1.922000000000000000e+03 2.495891032865802011e-19 3.089542348798990297e-19 9.037987638969429050e-21 2.134453298095671672e-18 1.193293018053157637e-19 7.890412582451110594e-21
1.932000000000000000e+03 2.468615743401504991e-19 3.049210218287384972e-19 8.820333981751756480e-21 2.114073885478385504e-18 1.161779470951266726e-19 7.705033528171280264e-21
1.942000000000000000e+03 2.441540347503053776e-19 3.009329521659864989e-19 8.608722011893485171e-21 2.094100965559755549e-18 1.130965237177611320e-19 7.524478738192351421e-21
1.952000000000000000e+03 2.414659811875491041e-19 2.969884914664816723e-19 8.402971129276225168e-21 2.074417602937559190e-18 1.100840863088825610e-19 7.348615317430072027e-21
1.962000000000000000e+03 2.387977354045594466e-19 2.930870936198659705e-19 8.202804267415210984e-21 2.054899319171153035e-18 1.071403653949613261e-19 7.177240216656406059e-21
1.972000000000000000e+03 2.361504477996319940e-19 2.892301645542745020e-19 8.008257072201958784e-21 2.035431216163380455e-18 1.042662358251534361e-19 7.010396315935027125e-21
1.982000000000000000e+03 2.335258953775680672e-19 2.854197287652202153e-19 7.819218438292766572e-21 2.015917813234489656e-18 1.014626995845091967e-19 6.848015693275454813e-21
1.992000000000000000e+03 2.309262800305735611e-19 2.816585376797729084e-19 7.635504806606327216e-21 1.996283081083777790e-18 9.873114632599109237e-20 6.689977137924363950e-21
2.002000000000000000e+03 2.283541048662481762e-19 2.779499393946876184e-19 7.456952297530793262e-21 1.976485210939387530e-18 9.607304806268126456e-20 6.536175296477786914e-21
2.012000000000000000e+03 2.258119419867326632e-19 2.742978635583297815e-19 7.283529934694513971e-21 1.956510617480107888e-18 9.348956605866454961e-20 6.386605682875201425e-21
2.022000000000000000e+03 2.233022863251485183e-19 2.707061774687719246e-19 7.114994443155025430e-21 1.936376923684084575e-18 9.098193543876955941e-20 6.241100764318058879e-21
2.032000000000000000e+03 2.208274457400451912e-19 2.671790190203377676e-19 6.951346179454470522e-21 1.916128619016871603e-18 8.855087291112517254e-20 6.099677702231740276e-21
2.042000000000000000e+03 2.183893594164848667e-19 2.637202745177380729e-19 6.792265312160124301e-21 1.895821929951444246e-18 8.619674542226507825e-20 5.962104765816485330e-21
2.052000000000000000e+03 2.159896324522868848e-19 2.603338500127213382e-19 6.637803350716228926e-21 1.875531652393283068e-18 8.391971087726126840e-20 5.828434582253308758e-21
2.062000000000000000e+03 2.136294036842761096e-19 2.570228276823205840e-19 6.487761290615216228e-21 1.855332134062798440e-18 8.171946480094807735e-20 5.698523398088007116e-21
2.072000000000000000e+03 2.113094092152818874e-19 2.537899187367469735e-19 6.342020055638199820e-21 1.835297911888428081e-18 7.959527584580896566e-20 5.572285999759128057e-21
2.082000000000000000e+03 2.090299496392123961e-19 2.506368680862370251e-19 6.200374158142434327e-21 1.815494020711328836e-18 7.754575462665487595e-20 5.449565865620045304e-21
2.092000000000000000e+03 2.067910071009002546e-19 2.475649386987192231e-19 6.062746683664557407e-21 1.795979607090364186e-18 7.556913972088846258e-20 5.330302858294883173e-21
2.102000000000000000e+03 2.045922231313780271e-19 2.445745156793269950e-19 5.929019329478210108e-21 1.776797305070874996e-18 7.366309867884294793e-20 5.214400784105430353e-21
2.112000000000000000e+03 2.024329102036010095e-19 2.416646929733853721e-19 5.798991575784942346e-21 1.757974297356915254e-18 7.182477995962326549e-20 5.101695765811674027e-21
2.122000000000000000e+03 2.003121971168889931e-19 2.388341747340821792e-19 5.672598351620134598e-21 1.739534253933940812e-18 7.005129952797977226e-20 4.992127675604572072e-21
2.132000000000000000e+03 1.982288870839665336e-19 2.360804529269613173e-19 5.549639014780526232e-21 1.721478867281193216e-18 6.833958848417791581e-20 4.885529106772662922e-21
2.142000000000000000e+03 1.961816579911322848e-19 2.333999015984476256e-19 5.430017236447382588e-21 1.703812516654904440e-18 6.668649771345317282e-20 4.781812018031199265e-21
2.152000000000000000e+03 1.941689792271347085e-19 2.307884579968458549e-19 5.313561482548938680e-21 1.686528543651629353e-18 6.508901080027849569e-20 4.680829963360089526e-21
2.162000000000000000e+03 1.921891368444541253e-19 2.282417027596755970e-19 5.200186147321209068e-21 1.669616463912395008e-18 6.354355325869786577e-20 4.582499596776220718e-21
2.172000000000000000e+03 1.902404318969513137e-19 2.257547638313636198e-19 5.089845520555593971e-21 1.653075869292331273e-18 6.204676790659309204e-20 4.486769308034312467e-21
2.182000000000000000e+03 1.883209614968069583e-19 2.233214921738498654e-19 4.982349538066894057e-21 1.636892839433306624e-18 6.059517540897334246e-20 4.393473708012021481e-21
2.192000000000000000e+03 1.864289451162214394e-19 2.209357954978574306e-19 4.877615204453829160e-21 1.621066658266810862e-18 5.918570854762353234e-20 4.302532635289277699e-21
2.202000000000000000e+03 1.845627616234763268e-19 2.185930817951096587e-19 4.775668371775949611e-21 1.605594977568567295e-18 5.781523881637229387e-20 4.213950787428164375e-21
2.212000000000000000e+03 1.827206434191048667e-19 2.162856762222168182e-19 4.676225797621518005e-21 1.590465994701435432e-18 5.648115216571633457e-20 4.127493490320848865e-21
2.222000000000000000e+03 1.809012998363242345e-19 2.140093032583246585e-19 4.579376307882641945e-21 1.575672404077955141e-18 5.518103714076986173e-20 4.043218185870676662e-21
2.232000000000000000e+03 1.791034060425101517e-19 2.117578960150552609e-19 4.484934858417642972e-21 1.561200383038288891e-18 5.391274121887577132e-20 3.960969501702578244e-21
2.242000000000000000e+03 1.773261082260631646e-19 2.095275254817795253e-19 4.392919767984835096e-21 1.547032829793342317e-18 5.267425998883567092e-20 3.880752175273655005e-21
2.252000000000000000e+03 1.755686628660790264e-19 2.073139446756765442e-19 4.303201275396442440e-21 1.533142413455437312e-18 5.146418607486235457e-20 3.802458395853967888e-21
2.262000000000000000e+03 1.738307184710467596e-19 2.051145777134759370e-19 4.215816417321674584e-21 1.519502860213482403e-18 5.028161091314866979e-20 3.726113888659419233e-21
2.272000000000000000e+03 1.721118940280338126e-19 2.029262458160633373e-19 4.130561844027007154e-21 1.506072039113303730e-18 4.912591079520284468e-20 3.651557785236226787e-21
2.282000000000000000e+03 1.704122404810442948e-19 2.007481542450719775e-19 4.047477471629353313e-21 1.492815326996717166e-18 4.799681905417418693e-20 3.578822116998749875e-21
2.292000000000000000e+03 1.687320333466392729e-19 1.985802967338664915e-19 3.966541888742425494e-21 1.479699293582677498e-18 4.689417170170429662e-20 3.507891895659936782e-21
2.302000000000000000e+03 1.670715525178713728e-19 1.964229312407588252e-19 3.887666305980155803e-21 1.466693125452361413e-18 4.581801957714828085e-20 3.438700652605973195e-21
2.312000000000000000e+03 1.654312170335945745e-19 1.942775071826917916e-19 3.810782746470749086e-21 1.453769702301910989e-18 4.476840780412886061e-20 3.371198501642909112e-21
2.322000000000000000e+03 1.638114466264044427e-19 1.921463020324890867e-19 3.735850848056073609e-21 1.440907755395301153e-18 4.374567341725356195e-20 3.305359012003030184e-21
2.332000000000000000e+03 1.622127822468455582e-19 1.900324748287658733e-19 3.662850071808353569e-21 1.428104099126067239e-18 4.274982128635625276e-20 3.241169721923261508e-21
2.342000000000000000e+03 1.606356187746088820e-19 1.879387030003901241e-19 3.591618962666408682e-21 1.415352974057730026e-18 4.178117808805094429e-20 3.178509363705063666e-21
2.352000000000000000e+03 1.590802509984061492e-19 1.858695814819014365e-19 3.522204304205794984e-21 1.402663174329178731e-18 4.083993927105133188e-20 3.117419484892138059e-21
2.362000000000000000e+03 1.575471243302786512e-19 1.838298429075539042e-19 3.454595244416885275e-21 1.390048723556509437e-18 3.992627167267674318e-20 3.057896402751550215e-21
2.372000000000000000e+03 1.560363538686451432e-19 1.818233414438574514e-19 3.388680626209711892e-21 1.377526742576853382e-18 3.903989539468568177e-20 2.999854770145339795e-21
2.382000000000000000e+03 1.545480225216691708e-19 1.798542540186618603e-19 3.324409667256584589e-21 1.365115370816263831e-18 3.818047590462402985e-20 2.943256142532163969e-21
2.392000000000000000e+03 1.530821176605946341e-19 1.779268928560385591e-19 3.261760328017525725e-21 1.352836630432277490e-18 3.734728164083972203e-20 2.888082106951418076e-21
2.402000000000000000e+03 1.516384764578253055e-19 1.760442622991316100e-19 3.200660356069264387e-21 1.340701373847914892e-18 3.653959390113541263e-20 2.834274324296087064e-21
2.412000000000000000e+03 1.502169834840418579e-19 1.742089430179519590e-19 3.141068715552855406e-21 1.328736233914775940e-18 3.575649081897763882e-20 2.781797502564708987e-21
2.422000000000000000e+03 1.488173589963090454e-19 1.724233241036754572e-19 3.082925822725578080e-21 1.316943796036896986e-18 3.499677100027545458e-20 2.730599699779941027e-21
2.432000000000000000e+03 1.474392225641585332e-19 1.706871725287986046e-19 3.026150630293035873e-21 1.305332532597075577e-18 3.425904690793178960e-20 2.680610113328748446e-21
2.442000000000000000e+03 1.460823727930324089e-19 1.690020801242308117e-19 2.970775218017560544e-21 1.293913213506634113e-18 3.354218394096803191e-20 2.631848577478354100e-21
2.452000000000000000e+03 1.447463745017087946e-19 1.673664126660505056e-19 2.916718688028183385e-21 1.282684129188045374e-18 3.284505945577370983e-20 2.584245280868333923e-21
2.462000000000000000e+03 1.434306998366631475e-19 1.657776655401878554e-19 2.863907453077256383e-21 1.271643774158496848e-18 3.216658775881680004e-20 2.537736001196396884e-21
2.472000000000000000e+03 1.421348404881911772e-19 1.642328754662461598e-19 2.812302756098879355e-21 1.260790933406611509e-18 3.150572727378457491e-20 2.492283925786487657e-21
2.482000000000000000e+03 1.408585609071388056e-19 1.627305609127781692e-19 2.761934367855337996e-21 1.250130579002709754e-18 3.086143229550821786e-20 2.447906402711608485e-21
2.492000000000000000e+03 1.396011145234570758e-19 1.612639640254949241e-19 2.712691000784676353e-21 1.239652559626061072e-18 3.023265596370106880e-20 2.404508488959812060e-21
2.502000000000000000e+03 1.383620570447171790e-19 1.598292480016918078e-19 2.664584350194130503e-21 1.229357789065911202e-18 2.961835689224913258e-20 2.362092619394770579e-21
2.512000000000000000e+03 1.371408802720701246e-19 1.584215936695352376e-19 2.617577377840154478e-21 1.219239405642497469e-18 2.901786543817638510e-20 2.320624992852690864e-21
2.522000000000000000e+03 1.359369803065781822e-19 1.570356755895464311e-19 2.571627824852458439e-21 1.209288794945448002e-18 2.843028984446842788e-20 2.280066118938834050e-21
2.532000000000000000e+03 1.347499527211379980e-19 1.556659224093824556e-19 2.526710805741382676e-21 1.199506725124097799e-18 2.785528402902045215e-20 2.240393686232186551e-21
2.542000000000000000e+03 1.335790828813801695e-19 1.543065897954025113e-19 2.482713753093688466e-21 1.189873067143940060e-18 2.729246574637038579e-20 2.201516045142296007e-21
2.552000000000000000e+03 1.324242874959036736e-19 1.529557881429088003e-19 2.439766450203012830e-21 1.180392851731229403e-18 2.674174997625602670e-20 2.163535103812534775e-21
2.562000000000000000e+03 1.312851539914203799e-19 1.516085652462430290e-19 2.397816743491530268e-21 1.171055841954802188e-18 2.620291098063034345e-20 2.126408073762978149e-21
2.572000000000000000e+03 1.301609518588714428e-19 1.502610241427169769e-19 2.356803964730747082e-21 1.161837448178961426e-18 2.567588037814831754e-20 2.090086610558170906e-21
2.582000000000000000e+03 1.290516754704976218e-19 1.489112024247107868e-19 2.316733069233840460e-21 1.152735803247661893e-18 2.516070543723332198e-20 2.054575421456086726e-21
2.592000000000000000e+03 1.279573921380443780e-19 1.475584835798230898e-19 2.277586782186956183e-21 1.143743408212654513e-18 2.465727542554136255e-20 2.019860949680691219e-21
2.602000000000000000e+03 1.268772752723897519e-19 1.462008079343937510e-19 2.239302003253152454e-21 1.134830563139715472e-18 2.416568519061974926e-20 1.985894415305236971e-21
2.612000000000000000e+03 1.258115291546728564e-19 1.448399587672069044e-19 2.201918392009247295e-21 1.125994334330539181e-18 2.368586134386306803e-20 1.952707797322352254e-21
2.622000000000000000e+03 1.247596904539827441e-19 1.434757109455697411e-19 2.165330423637448503e-21 1.117232022102637154e-18 2.321795873588180006e-20 1.920219899539830578e-21
2.632000000000000000e+03 1.237223170974055971e-19 1.421131100666375088e-19 2.129637393832777579e-21 1.108546516050828944e-18 2.276205501066098877e-20 1.888511295185845832e-21
2.642000000000000000e+03 1.226987918735319103e-19 1.407536837168910752e-19 2.094740991466776583e-21 1.099918398151249589e-18 2.231818220619374822e-20 1.857505847785106780e-21
2.652000000000000000e+03 1.216891557305965724e-19 1.394018182155626388e-19 2.060643321500645078e-21 1.091363101400868105e-18 2.188633941399541528e-20 1.827206906575592997e-21
2.662000000000000000e+03 1.206931830152887902e-19 1.380617622665359372e-19 2.027306867445047424e-21 1.082872206227439091e-18 2.146635622907879567e-20 1.797585289778381303e-21
2.672000000000000000e+03 1.197107433296492747e-19 1.367383123775476307e-19 1.994717494542538262e-21 1.074446010174491181e-18 2.105790887326699817e-20 1.768629199957645616e-21
2.682000000000000000e+03 1.187419637270281084e-19 1.354364569305526244e-19 1.962861590699329411e-21 1.066104712631522222e-18 2.066059136885769389e-20 1.740326719565133319e-21
2.692000000000000000e+03 1.177869578857454948e-19 1.341618390260019426e-19 1.931726181168248686e-21 1.057854083678440446e-18 2.027384217753127256e-20 1.712665280643980746e-21
2.702000000000000000e+03 1.168453522728529445e-19 1.329185098100165546e-19 1.901301981987960534e-21 1.049700261184659003e-18 1.989727920261796602e-20 1.685636014716565450e-21
2.712000000000000000e+03 1.159169023840157500e-19 1.317100352203706203e-19 1.871548502423592029e-21 1.041642137424531863e-18 1.953024629330612592e-20 1.659203396713508631e-21
2.722000000000000000e+03 1.150017123817923099e-19 1.305381253385083041e-19 1.842428469595853005e-21 1.033689649999869714e-18 1.917240251345592593e-20 1.633336409336478485e-21
2.732000000000000000e+03 1.140994984059418374e-19 1.294016013958510745e-19 1.813909486479714981e-21 1.025843558090739950e-18 1.882345505493640114e-20 1.608007616217908161e-21
2.742000000000000000e+03 1.132098287554252124e-19 1.283072365613811357e-19 1.786017150515037707e-21 1.018101389994998288e-18 1.848313496988524830e-20 1.583236484182503095e-21
2.752000000000000000e+03 1.123334296241556213e-19 1.272578150230462525e-19 1.758779809805594570e-21 1.010481102774075401e-18 1.815113943502444706e-20 1.559043972372627195e-21
2.762000000000000000e+03 1.114696218727557904e-19 1.262489566928802263e-19 1.732118146193335684e-21 1.002966407167534652e-18 1.782709163335654604e-20 1.535364407800061310e-21
2.772000000000000000e+03 1.106179372171314894e-19 1.252757381989435068e-19 1.706006008220049040e-21 9.955543746826805592e-19 1.751073634837439088e-20 1.512174798268211503e-21
2.782000000000000000e+03 1.097791471168339310e-19 1.243426527678551385e-19 1.680520829431124625e-21 9.882637277531188210e-19 1.720175465095293132e-20 1.489534702723921203e-21
2.792000000000000000e+03 1.089517916497936002e-19 1.234382934062215776e-19 1.655540122995116823e-21 9.810652145608203239e-19 1.689995396756950931e-20 1.467344712217369710e-21
2.802000000000000000e+03 1.081368423739124965e-19 1.225653094843645804e-19 1.631146533167565016e-21 9.739907676895117593e-19 1.660501379755859047e-20 1.445668229096629552e-21
2.812000000000000000e+03 1.073330528419017771e-19 1.217123082944009987e-19 1.607240695453659939e-21 9.669907506335333322e-19 1.631653355629691039e-20 1.424422493902335712e-21
2.822000000000000000e+03 1.065405551113602021e-19 1.208776449062641250e-19 1.583878572840635453e-21 9.600963840681606744e-19 1.603397825011627141e-20 1.403647517647173488e-21
2.832000000000000000e+03 1.057598137336312267e-19 1.200556992920950149e-19 1.561031228342149881e-21 9.533102226761997579e-19 1.575700645926834811e-20 1.383317506267555050e-21
2.842000000000000000e+03 1.049903975511898322e-19 1.192421672499432802e-19 1.538711091626340777e-21 9.466238158988492544e-19 1.548534461805893218e-20 1.363439663241883923e-21
2.852000000000000000e+03 1.042305730684050668e-19 1.184284698015321098e-19 1.516859470819465907e-21 9.400186116362461407e-19 1.521874474649954516e-20 1.343964753814932992e-21
2.862000000000000000e+03 1.034808806326180380e-19 1.176133637797646745e-19 1.495484306236759729e-21 9.334875587081280981e-19 1.495701976341210130e-20 1.324897712576358848e-21
2.872000000000000000e+03 1.027423703031827243e-19 1.167951213381021872e-19 1.474629164937404446e-21 9.270625417731066368e-19 1.470001250125695318e-20 1.306271724108228769e-21
2.882000000000000000e+03 1.020130858612398257e-19 1.159659783682169219e-19 1.454207122769826629e-21 9.207174673367719956e-19 1.444761329714496345e-20 1.288016567913300006e-21
2.892000000000000000e+03 1.012942254783512249e-19 1.151280881945495589e-19 1.434262235726988511e-21 9.144623726246686525e-19 1.419988801555610518e-20 1.270168035165718089e-21
2.902000000000000000e+03 1.005840091996663301e-19 1.142790677498388753e-19 1.414766189621795892e-21 9.082599657442069689e-19 1.395720715020312416e-20 1.252706471352605733e-21
2.912000000000000000e+03 9.988345112309390818e-20 1.134178447521966353e-19 1.395678782430649582e-21 9.021432096354125457e-19 1.371998090749194401e-20 1.235604074765383458e-21
2.922000000000000000e+03 9.919242352195506709e-20 1.125462780323564882e-19 1.376989041014694544e-21 8.961072683849884137e-19 1.348884336859020843e-20 1.218857995666972664e-21
2.932000000000000000e+03 9.850978400053742090e-20 1.116652375320266397e-19 1.358676090513304733e-21 8.901196596361949406e-19 1.326411663795226966e-20 1.202454886938149631e-21
2.942000000000000000e+03 9.783670993681737302e-20 1.107801036562619028e-19 1.340798388417802856e-21 8.842160732458357477e-19 1.304620904743113948e-20 1.186445307729612440e-21
2.952000000000000000e+03 9.717104868982376007e-20 1.098917584675678084e-19 1.323284748349073326e-21 8.783607327070239735e-19 1.283531369315160305e-20 1.170775405991835171e-21
2.962000000000000000e+03 9.651541766281786195e-20 1.090077542096204222e-19 1.306162536727482024e-21 8.725917332452423183e-19 1.263160680412124131e-20 1.155469984261064084e-21
2.972000000000000000e+03 9.586778513262015803e-20 1.081305526825969482e-19 1.289391277649927784e-21 8.668965742467486556e-19 1.243487721119234891e-20 1.140496134300928549e-21
2.982000000000000000e+03 9.522849971270090126e-20 1.072659254617926103e-19 1.272936023442159981e-21 8.612647415715222230e-19 1.224495689936083009e-20 1.125826317808798334e-21
2.992000000000000000e+03 9.459867757941206799e-20 1.064197828498843912e-19 1.256816739974362405e-21 8.557096947747823307e-19 1.206137402890882544e-20 1.111473470542784559e-21
3.002000000000000000e+03 9.397603738853412622e-20 1.055966034134045498e-19 1.241006163069253265e-21 8.502347059337459377e-19 1.188348727190637466e-20 1.097411379303128234e-21
3.012000000000000000e+03 9.336248516905156474e-20 1.048015839581057313e-19 1.225497784551370991e-21 8.448452320560480034e-19 1.171041587596090519e-20 1.083628556540470693e-21
3.022000000000000000e+03 9.275754333218603322e-20 1.040380339232959112e-19 1.210274345594355283e-21 8.395397637792362216e-19 1.154143719891082549e-20 1.070105779733696842e-21
3.032000000000000000e+03 9.216208392422342673e-20 1.033115491713403984e-19 1.195362485010777261e-21 8.343276645753502512e-19 1.137594824768464318e-20 1.056859503224943890e-21
3.042000000000000000e+03 9.157397784977708301e-20 1.026189317579495394e-19 1.180672491704144909e-21 8.291904889375731870e-19 1.121337339554903614e-20 1.043814012181406519e-21
3.052000000000000000e+03 9.099436358561480920e-20 1.019644567704983128e-19 1.166247546997122972e-21 8.241324860475415208e-19 1.105326276430728094e-20 1.030999745412445917e-21
3.062000000000000000e+03 9.042386460946383045e-20 1.013507682495250826e-19 1.152124989004569196e-21 8.191817817686559458e-19 1.089518721927965007e-20 1.018442454472064329e-21
3.072000000000000000e+03 8.986157722518361319e-20 1.007696855785094974e-19 1.138219694398084089e-21 8.142933179562531931e-19 1.073878723116732991e-20 1.006071336637281431e-21
3.082000000000000000e+03 8.930856418145724834e-20 1.002247630315291702e-19 1.124581359690349992e-21 8.094899500973964555e-19 1.058380046831917877e-20 9.939232897140441911e-22
3.092000000000000000e+03 8.876366928379155229e-20 9.970772908236294917e-20 1.111182690613855766e-21 8.047589454645497817e-19 1.043022552306291174e-20 9.819758145734273347e-22
3.102000000000000000e+03 8.822763330241339537e-20 9.921813123631126796e-20 1.098041627767615553e-21 8.001197600680018450e-19 1.027796970806736013e-20 9.702419998281569474e-22
3.112000000000000000e+03 8.770026616243667440e-20 9.874552322554594364e-20 1.085122696105216300e-21 7.955326170929200129e-19 1.012732440407376338e-20 9.586954946988125156e-22
3.122000000000000000e+03 8.717862352910880621e-20 9.828513343746816790e-20 1.072409625629844384e-21 7.909699814231953147e-19 9.978532306417396516e-21 9.473248560557274327e-22
3.132000000000000000e+03 8.666687512895933707e-20 9.783899768375893838e-20 1.059977507746610715e-21 7.865021709842440039e-19 9.831944653392236582e-21 9.361925926416888503e-22
3.142000000000000000e+03 8.616308836248975352e-20 9.739943256100032965e-20 1.047798219336945124e-21 7.820941720135033405e-19 9.687670356780666334e-21 9.252767443753235475e-22
3.152000000000000000e+03 8.566640020343087245e-20 9.695973001829185284e-20 1.035858520892318932e-21 7.777367326935616260e-19 9.545838653148667487e-21 9.145674886440623088e-22
3.162000000000000000e+03 8.517791613160176754e-20 9.651679616976534314e-20 1.024171007876008637e-21 7.734307915961883056e-19 9.406380338757321136e-21 9.040739362252476237e-22
3.172000000000000000e+03 8.469715078740577831e-20 9.606386342266097457e-20 1.012731190737851345e-21 7.691880381653444333e-19 9.269347090110009560e-21 8.937925087033214891e-22
3.182000000000000000e+03 8.422088028576791917e-20 9.559622924800839323e-20 1.001509870102506573e-21 7.649858346728411267e-19 9.134734078128342630e-21 8.836997369365552669e-22
3.192000000000000000e+03 8.375339356533997765e-20 9.511807984450807578e-20 9.905527563921142201e-22 7.608230383057624127e-19 9.002445109543427829e-21 8.738312561221889754e-22
3.202000000000000000e+03 8.329038020046670663e-20 9.461928003996995656e-20 9.797944529638613891e-22 7.566917254800146981e-19 8.872398327652862684e-21 8.641341506295854752e-22
3.212000000000000000e+03 8.283552386002558913e-20 9.410603150981456882e-20 9.692920018248762300e-22 7.526352524234355656e-19 8.744766825779143866e-21 8.546555270728262543e-22
3.222000000000000000e+03 8.238688436514858893e-20 9.357869316437306481e-20 9.590166447901805312e-22 7.486097633766934393e-19 8.619917329411498037e-21 8.453764108217274920e-22
3.232000000000000000e+03 8.194313309158839237e-20 9.303535734211940314e-20 9.489374166756423974e-22 7.446354028070442835e-19 8.498293381324911557e-21 8.362769686875942476e-22
3.242000000000000000e+03 8.150489117188497764e-20 9.248157270474244084e-20 9.390682650453894954e-22 7.406812310745540993e-19 8.380315681297825210e-21 8.273729166313338066e-22
3.252000000000000000e+03 8.107298397630843158e-20 9.192202928645915868e-20 9.293897848931333678e-22 7.367796821770690773e-19 8.266269059690920974e-21 8.186528536568311825e-22
3.262000000000000000e+03 8.064675615518823089e-20 9.135920914870569710e-20 9.198841032418400999e-22 7.329287439785690424e-19 8.156310688372411444e-21 8.101050116152030733e-22
3.272000000000000000e+03 8.022567462144710741e-20 9.079829826170413636e-20 9.105638697540847500e-22 7.291607405165127965e-19 8.050317858482261150e-21 8.017388125204900271e-22
3.282000000000000000e+03 7.981126519730014497e-20 9.024664734880377088e-20 9.014107202595506707e-22 7.254298732848021921e-19 7.948229193750439137e-21 7.935404593021385678e-22
3.292000000000000000e+03 7.940126337879750723e-20 8.971083163468275905e-20 8.924251371715992518e-22 7.217360008837822204e-19 7.849607016055259096e-21 7.855065772388558851e-22
3.302000000000000000e+03 7.899897860662802528e-20 8.919366414679783301e-20 8.835655647172138167e-22 7.181390930451660574e-19 7.754208464588914029e-21 7.776034108980955821e-22
3.312000000000000000e+03 7.860045745381532483e-20 8.868578354562172217e-20 8.747666067738460513e-22 7.146136907838159962e-19 7.661645964853096906e-21 7.697755243354317085e-22
3.322000000000000000e+03 7.820905168138079873e-20 8.821460250171253899e-20 8.661318828673062495e-22 7.111442493832135026e-19 7.571667456428058475e-21 7.621031651534381834e-22
3.332000000000000000e+03 7.782444103038900030e-20 8.777884700648153117e-20 8.576497173354426104e-22 7.077788947954998247e-19 7.483799983489436365e-21 7.545724966922202613e-22
3.342000000000000000e+03 7.744469984265795562e-20 8.738150432447938193e-20 8.493009846627165163e-22 7.044517759360671992e-19 7.397619657109073233e-21 7.471643897026141372e-22
3.352000000000000000e+03 7.707158014008338833e-20 8.701908168389941677e-20 8.410466965965132249e-22 7.012129309791618527e-19 7.312795007180411607e-21 7.398452391233441885e-22
3.362000000000000000e+03 7.670866645641257812e-20 8.669999277915911746e-20 8.329465984268067523e-22 6.980825068498934404e-19 7.228888913110986914e-21 7.326577025260142372e-22
3.372000000000000000e+03 7.634996105298518910e-20 8.642048553749697783e-20 8.249330849128640663e-22 6.949500255897952601e-19 7.145610544734568927e-21 7.255454252840824754e-22
3.382000000000000000e+03 7.600199627586541972e-20 8.618135122004300660e-20 8.170839356092798997e-22 6.919463649094304089e-19 7.062576246763950981e-21 7.185652576472653764e-22
3.392000000000000000e+03 7.565518936176281256e-20 8.597002575636494790e-20 8.092981533996127267e-22 6.889340944446184267e-19 6.979741113310104796e-21 7.116365525236919000e-22
3.402000000000000000e+03 7.531971429205704677e-20 8.579194750195667572e-20 8.016730061328142450e-22 6.859997098368341986e-19 6.897090021273512649e-21 7.048355634709655310e-22
3.412000000000000000e+03 7.499220434498110647e-20 8.563762095176201581e-20 7.941885806446449971e-22 6.831236477486101199e-19 6.814792921102337200e-21 6.981474946252021271e-22
3.422000000000000000e+03 7.467321015222862506e-20 8.550542824101483068e-20 7.868525357537174840e-22 6.802943441001433761e-19 6.733048941845710985e-21 6.915801084300066186e-22
3.432000000000000000e+03 7.435892371711207939e-20 8.538522887000625543e-20 7.796367484902714083e-22 6.774609185156482984e-19 6.652017255703325801e-21 6.851121837416824773e-22
3.442000000000000000e+03 7.405258346528484589e-20 8.527013018331927122e-20 7.725794488877085962e-22 6.746664017401312589e-19 6.571814104388516731e-21 6.787742734915460636e-22
3.452000000000000000e+03 7.375447140560395487e-20 8.515588600666091854e-20 7.656996730305090909e-22 6.719186240893672832e-19 6.492455860776876988e-21 6.725809225951297829e-22
3.462000000000000000e+03 7.346130250935052389e-20 8.503326295100694609e-20 7.589595472142327844e-22 6.691722677268402983e-19 6.413829220169833723e-21 6.665007177307386099e-22
3.472000000000000000e+03 7.317744989243196465e-20 8.489689664432920875e-20 7.524031409201518938e-22 6.664886444514842797e-19 6.335836840150449206e-21 6.605666063900784459e-22
3.482000000000000000e+03 7.289800286102042897e-20 8.474585115314349384e-20 7.460149365336316212e-22 6.638465274949645485e-19 6.258475657987866194e-21 6.547659854858955442e-22
3.492000000000000000e+03 7.262303231453063490e-20 8.456557425318198062e-20 7.397747569125636915e-22 6.612197930911162256e-19 6.181738935545301231e-21 6.490822413951326468e-22
3.502000000000000000e+03 7.235764911526645712e-20 8.436151303261687124e-20 7.336237149449077217e-22 6.585811322554109280e-19 6.105836960535384791e-21 6.434730148486693149e-22
3.512000000000000000e+03 7.209173334025418732e-20 8.413061734741771749e-20 7.276550055038110006e-22 6.559652021482346622e-19 6.030739717545220427e-21 6.380087027376324685e-22
3.522000000000000000e+03 7.183565214933421590e-20 8.388012005817494263e-20 7.218800575398702647e-22 6.534093403040476990e-19 5.956676208059901187e-21 6.327017949096093130e-22
3.532000000000000000e+03 7.158184550033106492e-20 8.360570151809485311e-20 7.162423604281423538e-22 6.508666474516610804e-19 5.884033566142334113e-21 6.275123097047431300e-22
3.542000000000000000e+03 7.132753525891573281e-20 8.330389119453304136e-20 7.107193347728779689e-22 6.482866437805572964e-19 5.813509102360406146e-21 6.224305570017738011e-22
3.552000000000000000e+03 7.108781987741163833e-20 8.299605918400668936e-20 7.054351316668714293e-22 6.458119030406516005e-19 5.745793138399816627e-21 6.175624365844691422e-22
3.562000000000000000e+03 7.084268898862623258e-20 8.266486386731004429e-20 7.001741793935166275e-22 6.433296452121467920e-19 5.681738271018099077e-21 6.127504453709185340e-22
3.572000000000000000e+03 7.060705868914613621e-20 8.233326342896391576e-20 6.950960085399687092e-22 6.408747582935571002e-19 5.621862367157761369e-21 6.081259501430553409e-22
3.582000000000000000e+03 7.037049225913627529e-20 8.199741364442727712e-20 6.900729405395506815e-22 6.384208600944460648e-19 5.566369100047421540e-21 6.035932379062948767e-22
3.592000000000000000e+03 7.013857744511226403e-20 8.166873288537663340e-20 6.851791265363228020e-22 6.360260716495601771e-19 5.514991711307292672e-21 5.992076175448492603e-22
3.602000000000000000e+03 6.991045576819259632e-20 8.135087630201713734e-20 6.803293394770874711e-22 6.336989404039825410e-19 5.467397953976120223e-21 5.949005664373667909e-22
3.612000000000000000e+03 6.969304681944189516e-20 8.105594778527426064e-20 6.755940085929990618e-22 6.314868982379481392e-19 5.423099099787556337e-21 5.907216520926907079e-22
3.622000000000000000e+03 6.947057665099998867e-20 8.077983799084496332e-20 6.708404464539508404e-22 6.293221129743251761e-19 5.381458812766943385e-21 5.865606413943132398e-22
3.632000000000000000e+03 6.925251324954944777e-20 8.053625653524393451e-20 6.661469318570692791e-22 6.271640745154849398e-19 5.341758264523604281e-21 5.824702944002167367e-22
3.642000000000000000e+03 6.904564695799253893e-20 8.033015016500382244e-20 6.615180898626719986e-22 6.251919055994323304e-19 5.303197982525678543e-21 5.784455350622013065e-22
3.652000000000000000e+03 6.884293859421556101e-20 8.016021701181631018e-20 6.569199911236807398e-22 6.233061833956233001e-19 5.264998589735713500e-21 5.744504597333814362e-22
3.662000000000000000e+03 6.864406708772511383e-20 8.002904579123821694e-20 6.523276037524067378e-22 6.215456376135922621e-19 5.226425404225836172e-21 5.704572639143550680e-22
3.672000000000000000e+03 6.845098413316787241e-20 7.993727240217568097e-20 6.477693086316244323e-22 6.198507063602953606e-19 5.186998962414606820e-21 5.664819659898083836e-22
3.682000000000000000e+03 6.826704821413507941e-20 7.988477737830257046e-20 6.432475837173443382e-22 6.182417001461562539e-19 5.146250419154104831e-21 5.625209816371637416e-22
3.692000000000000000e+03 6.808731327569768425e-20 7.984223398593397457e-20 6.386783533524180874e-22 6.167448354529712874e-19 5.104216220552690564e-21 5.585085271395708092e-22
3.702000000000000000e+03 6.791455786335247140e-20 7.983823610421869065e-20 6.341620712105517115e-22 6.153394770343942547e-19 5.061038597204862114e-21 5.545245419802411400e-22
3.712000000000000000e+03 6.775171456655009423e-20 7.987079378305518925e-20 6.297176357246876088e-22 6.139837061314248436e-19 5.017035982166676246e-21 5.505871464407269795e-22
3.722000000000000000e+03 6.759635639801399978e-20 7.992486442384761936e-20 6.253102228422726912e-22 6.126873209505586772e-19 4.972435604477315697e-21 5.466713823620999306e-22
3.732000000000000000e+03 6.744447039545843198e-20 7.999402621638814573e-20 6.209492852661875736e-22 6.113674454602937880e-19 4.927549141779496951e-21 5.427874621368400989e-22
3.742000000000000000e+03 6.730253177744814991e-20 8.007674995280501289e-20 6.166760841883502672e-22 6.101686573304535131e-19 4.882571102977069363e-21 5.389696116191489571e-22
3.752000000000000000e+03 6.716886297990354114e-20 8.016216467879576110e-20 6.124692186893452681e-22 6.089640045368527397e-19 4.837802069213643342e-21 5.352043362162336351e-22
3.762000000000000000e+03 6.704190981435131513e-20 8.023796406117820623e-20 6.083475704160666476e-22 6.077558754000487016e-19 4.793372505690831343e-21 5.315069627530072434e-22
3.772000000000000000e+03 6.692275199957796081e-20 8.030473083665061245e-20 6.043270975543482243e-22 6.066496841379405176e-19 4.749213443187689547e-21 5.278889644155206216e-22
3.782000000000000000e+03 6.680091298432030321e-20 8.034263163493718108e-20 6.003682485329762274e-22 6.054172685006696930e-19 4.705072905095544270e-21 5.243153222666237978e-22
3.792000000000000000e+03 6.669504801959362146e-20 8.036227711387288161e-20 5.965493480756141445e-22 6.042476274991526446e-19 4.660853931010032457e-21 5.208462377900630739e-22
3.802000000000000000e+03 6.659356191294419451e-20 8.035054754037128133e-20 5.928502366524276665e-22 6.031467311379573021e-19 4.616508263146596899e-21 5.174642980678827666e-22
3.812000000000000000e+03 6.649468872112881384e-20 8.030592349047812972e-20 5.892299027194705199e-22 6.019530894772481355e-19 4.572017409738433897e-21 5.141375762584220968e-22
3.822000000000000000e+03 6.639226389831720797e-20 8.022329948100512197e-20 5.857024367108476079e-22 6.007774774349300324e-19 4.527415158027089987e-21 5.108765854153247495e-22
3.832000000000000000e+03 6.630553757877609183e-20 8.011888403336876771e-20 5.823395862211350095e-22 5.996877257312304149e-19 4.482826283864413715e-21 5.077391282089157316e-22
3.842000000000000000e+03 6.621461506333437223e-20 7.997755138868779426e-20 5.790365038669689861e-22 5.985351701543396913e-19 4.438617721377081361e-21 5.046480965053596383e-22
3.852000000000000000e+03 6.612664295395232954e-20 7.981308666479275695e-20 5.758285509292409090e-22 5.973062911008724904e-19 4.395286774818674086e-21 5.016377417088031795e-22
3.862000000000000000e+03 6.604453398975734103e-20 7.962845647599364666e-20 5.727081558917367317e-22 5.961418115674670827e-19 4.353693791494463399e-21 4.987140356699423392e-22
3.872000000000000000e+03 6.595867564751337074e-20 7.943085002149043138e-20 5.696736952221393172e-22 5.950059176106040731e-19 4.314473038698588822e-21 4.958841344142012084e-22
3.882000000000000000e+03 6.587597189195524280e-20 7.922319033510221277e-20 5.666622909088151001e-22 5.938433196017481414e-19 4.278388661284889527e-21 4.931114987942731243e-22
3.892000000000000000e+03 6.579274109199964089e-20 7.900291394831065895e-20 5.635666099227569853e-22 5.926333441472035754e-19 4.245820285939678290e-21 4.903202731760927777e-22
3.902000000000000000e+03 6.571816244210492058e-20 7.879758459105486197e-20 5.606062006626085201e-22 5.915723545729010898e-19 4.216873987410060283e-21 4.876803466085749120e-22
3.912000000000000000e+03 6.564307281722413483e-20 7.861010365814325320e-20 5.576986090211103209e-22 5.905085108340120513e-19 4.191167975255401336e-21 4.851240282702001397e-22
3.922000000000000000e+03 6.556698409521288592e-20 7.844572788460339268e-20 5.548126559064280315e-22 5.895880918258106265e-19 4.168137054033406109e-21 4.826206149549701921e-22
3.932000000000000000e+03 6.549593990596046479e-20 7.831518961744434564e-20 5.519326210806723379e-22 5.885868018677407864e-19 4.147148293243360013e-21 4.801503607424056777e-22
3.942000000000000000e+03 6.543363838518285993e-20 7.821592428352099484e-20 5.490666627755901734e-22 5.878114715992128632e-19 4.127343726983185000e-21 4.777082094274848190e-22
3.952000000000000000e+03 6.536622541038465875e-20 7.815970225668824939e-20 5.461667117866027405e-22 5.871104756701359036e-19 4.107969288081223192e-21 4.752472106875578149e-22
3.962000000000000000e+03 6.531322386507083902e-20 7.814821293996294686e-20 5.432939941633220683e-22 5.864761013433378846e-19 4.088076017505243895e-21 4.728020515984295380e-22
3.972000000000000000e+03 6.525295599777453610e-20 7.817186520729930773e-20 5.403353685797576002e-22 5.858610674603047349e-19 4.067098465323727144e-21 4.702779200922559909e-22
3.982000000000000000e+03 6.520841029411805889e-20 7.824884835133292306e-20 5.374450781352036430e-22 5.854976815702380751e-19 4.044621896734489912e-21 4.677880510766153278e-22
3.992000000000000000e+03 6.517374975152854896e-20 7.836491046024176605e-20 5.345239832695838731e-22 5.851051559892507589e-19 4.020502497201939967e-21 4.652543227322272671e-22
4.002000000000000000e+03 6.514207681217239930e-20 7.851977970934845573e-20 5.316242445261330559e-22 5.847647377562271425e-19 3.994788084347667101e-21 4.627164386762421240e-22
4.012000000000000000e+03 6.511872690761476599e-20 7.870970405338434054e-20 5.287327867505847770e-22 5.844862820834950589e-19 3.967656525982869789e-21 4.601668411255144511e-22
4.022000000000000000e+03 6.510518971624952511e-20 7.892419347028977658e-20 5.258707976958905111e-22 5.842064545707393657e-19 3.939363890047612000e-21 4.576244897795008441e-22
4.032000000000000000e+03 6.509978759776159499e-20 7.915652244985728960e-20 5.230487867953002712e-22 5.838929242124780555e-19 3.910252246011881464e-21 4.551014237917958113e-22
4.042000000000000000e+03 6.510267501508416320e-20 7.940336453326239101e-20 5.202974721776075033e-22 5.836609671716052313e-19 3.880629228897329627e-21 4.526248435400535450e-22
4.052000000000000000e+03 6.511638705775336173e-20 7.965394087945765652e-20 5.176481522624211272e-22 5.833602118657758649e-19 3.851013132316961670e-21 4.502250015550179372e-22
4.062000000000000000e+03 6.514549799483249717e-20 7.989562585481083483e-20 5.150900182929216321e-22 5.831878613687873274e-19 3.821711160084313639e-21 4.478977520258651677e-22
4.072000000000000000e+03 6.517227317364098122e-20 8.011356577077533384e-20 5.125973717334891344e-22 5.828759831820018061e-19 3.793273687311722074e-21 4.456297691320323462e-22
4.082000000000000000e+03 6.521113002878780096e-20 8.027161424540257583e-20 5.100907735729767753e-22 5.826550315552404787e-19 3.766122785993515316e-21 4.433667209462159825e-22
4.092000000000000000e+03 6.524810846092240782e-20 8.041985348763319456e-20 5.077530838884744298e-22 5.823476020292236560e-19 3.740486703595536004e-21 4.412509378321349491e-22
4.102000000000000000e+03 6.530296390270247587e-20 8.054797215623653948e-20 5.056306305492036693e-22 5.821974800565192766e-19 3.716240088580727016e-21 4.393164888312947131e-22
4.112000000000000000e+03 6.536488102532982489e-20 8.063498368043663826e-20 5.036377274345746296e-22 5.820328065001417094e-19 3.692988873593746733e-21 4.374920188423452668e-22
4.122000000000000000e+03 6.540612961951384922e-20 8.067316473266100334e-20 5.017439914670485495e-22 5.817243966867870906e-19 3.670257168815090966e-21 4.357464489334719592e-22
4.132000000000000000e+03 6.547907203937884337e-20 8.067893070200768581e-20 5.000870133731732496e-22 5.816087129063656844e-19 3.647375817681074213e-21 4.341770338211668529e-22
4.142000000000000000e+03 6.553265670295761229e-20 8.063697435061332942e-20 4.985132568957088748e-22 5.813286381040706057e-19 3.623941733865077534e-21 4.326591254841660816e-22
4.152000000000000000e+03 6.560650473951828337e-20 8.056170569264799035e-20 4.971534053167927568e-22 5.811578301374777127e-19 3.599685761683954383e-21 4.312892518592147884e-22
4.162000000000000000e+03 6.565876710111329209e-20 8.044817966036076666e-20 4.958787128845791442e-22 5.808906944420756783e-19 3.574930104011109559e-21 4.299725207901913535e-22
4.172000000000000000e+03 6.572158010817361440e-20 8.031280649059731200e-20 4.947544531426960930e-22 5.805134441137157477e-19 3.550547360029966131e-21 4.287721566758218581e-22
4.182000000000000000e+03 6.578453974696279743e-20 8.015164930520805817e-20 4.937001774823709940e-22 5.802458042210413256e-19 3.528119921096497574e-21 4.276503640484968617e-22
4.192000000000000000e+03 6.584858278667905589e-20 7.998097324690872206e-20 4.927805643530577786e-22 5.799819978118059874e-19 3.509259287507834714e-21 4.266803652400018167e-22
4.202000000000000000e+03 6.589837558078552431e-20 7.980640181225283361e-20 4.919142495284032875e-22 5.795453398104152928e-19 3.495060895335949666e-21 4.258175974974317771e-22
4.212000000000000000e+03 6.594635691057246631e-20 7.963542634760434595e-20 4.910935481436217073e-22 5.791526829657177017e-19 3.485893077234457579e-21 4.250634094866872202e-22
4.222000000000000000e+03 6.600062936249299383e-20 7.947785412840749171e-20 4.903780476586952915e-22 5.788722526796804009e-19 3.481455553061763701e-21 4.244589966222877146e-22
4.232000000000000000e+03 6.604426427918320262e-20 7.933640231227492205e-20 4.895948465941790773e-22 5.785743661916018947e-19 3.480972073566148271e-21 4.238625212444847200e-22
4.242000000000000000e+03 6.609734265309229407e-20 7.921863834668926705e-20 4.888135047435514599e-22 5.784433347170911165e-19 3.483437812609144881e-21 4.233119601736565504e-22
4.252000000000000000e+03 6.614716131869535830e-20 7.912972330372816152e-20 4.880561786298212020e-22 5.784111802898905477e-19 3.487906401984841511e-21 4.228091050016347909e-22
4.262000000000000000e+03 6.618644974113230065e-20 7.906920961294445978e-20 4.871992065402763049e-22 5.783987174196453437e-19 3.493446609233057347e-21 4.222467185036015762e-22
4.272000000000000000e+03 6.624568595717855128e-20 7.900600986296676426e-20 4.862125318751177191e-22 5.787089163240170200e-19 3.499339483410574643e-21 4.215918185528077068e-22
4.282000000000000000e+03 6.629323794040322276e-20 7.897475567230519300e-20 4.851772964841848022e-22 5.791449316683881116e-19 3.504732468118477188e-21 4.208924000876485729e-22
4.292000000000000000e+03 6.635358697020416604e-20 7.897817101969166091e-20 4.841293239817924043e-22 5.797159585827010680e-19 3.508927697972117983e-21 4.201665454266118840e-22
4.302000000000000000e+03 6.640654658882441572e-20 7.901475353123327030e-20 4.830313995745204060e-22 5.803089011101357885e-19 3.511348326918735234e-21 4.193773269135130703e-22
4.312000000000000000e+03 6.646519999087502331e-20 7.908071321004831301e-20 4.819112415034386875e-22 5.811391998388405126e-19 3.511717351203124720e-21 4.185425384205129389e-22
4.322000000000000000e+03 6.653807713994054353e-20 7.915775653521853821e-20 4.807384819008425525e-22 5.821042183216270339e-19 3.509834196053365118e-21 4.176365093513251368e-22
4.332000000000000000e+03 6.660541974607385907e-20 7.925033983007567211e-20 4.794982216959928757e-22 5.830161714606361483e-19 3.505820994971491293e-21 4.166491995198081066e-22
4.342000000000000000e+03 6.667822764049833659e-20 7.934017446029443106e-20 4.782424782225266499e-22 5.839977806001447331e-19 3.499736937220006359e-21 4.156208692061224569e-22
4.352000000000000000e+03 6.676245623759784294e-20 7.943474672746337278e-20 4.769787952894140426e-22 5.850193851834017133e-19 3.491630210210018956e-21 4.145584292901334685e-22
4.362000000000000000e+03 6.684563105356100716e-20 7.951754008306659883e-20 4.757167649197718035e-22 5.859801247775021070e-19 3.481493867067945859e-21 4.134680788571407511e-22
4.372000000000000000e+03 6.693135434714816820e-20 7.958328485008803362e-20 4.744481050474312358e-22 5.868046621239397854e-19 3.469619591481482836e-21 4.123476025460339267e-22
4.382000000000000000e+03 6.703471616261842819e-20 7.962825481509524697e-20 4.732398128614635702e-22 5.878040043962452076e-19 3.456406240558473100e-21 4.112537704308713798e-22
4.392000000000000000e+03 6.712175350822906363e-20 7.964393145092525833e-20 4.720084254562248516e-22 5.884649210400227471e-19 3.442233123370137554e-21 4.101270445349207363e-22
4.402000000000000000e+03 6.720942639250736998e-20 7.962880872761990548e-20 4.708330289912785482e-22 5.891404552709691021e-19 3.427369126416990315e-21 4.090316340784527265e-22
4.412000000000000000e+03 6.731296481956126230e-20 7.958226782010950257e-20 4.697589332792733250e-22 5.898931715443536249e-19 3.411866489525847547e-21 4.080029040356097220e-22
4.422000000000000000e+03 6.739713926142100220e-20 7.950121898544783456e-20 4.686764529855438102e-22 5.903521956752088952e-19 3.395638457662057799e-21 4.069551422570320220e-22
4.432000000000000000e+03 6.748792999194291309e-20 7.938912515764203682e-20 4.676732950832499449e-22 5.908534518596945463e-19 3.378380499678403193e-21 4.059511220178297145e-22
4.442000000000000000e+03 6.756349165180410376e-20 7.924615260815216050e-20 4.666993572015645944e-22 5.911082495897994507e-19 3.359917909295214702e-21 4.049493062253758520e-22
4.452000000000000000e+03 6.763754947140896308e-20 7.907692419334450372e-20 4.657842416998905672e-22 5.913915438222311216e-19 3.340045659935606566e-21 4.039693374859283394e-22
4.462000000000000000e+03 6.770767723026661760e-20 7.888232857536964545e-20 4.647781286141737253e-22 5.915201175190166098e-19 3.319272021166247860e-21 4.029054055295435994e-22
4.472000000000000000e+03 6.776040938298207534e-20 7.866861287314811110e-20 4.637380402917037956e-22 5.915428804732572215e-19 3.298581074446721502e-21 4.018145264009396110e-22
4.482000000000000000e+03 6.781169923393560854e-20 7.844589504313026135e-20 4.627569671154279377e-22 5.914531886902930991e-19 3.279434359034547657e-21 4.007891915911810538e-22
4.492000000000000000e+03 6.784557208781360158e-20 7.821715975858757457e-20 4.618198852382397285e-22 5.913310749798280897e-19 3.263105178652817533e-21 3.998371413300371064e-22
4.502000000000000000e+03 6.787659608089388031e-20 7.798736666800054118e-20 4.608678210270657194e-22 5.910187283171508248e-19 3.250339521197286337e-21 3.989265840527035146e-22
4.512000000000000000e+03 6.789269569208105754e-20 7.776054637743072276e-20 4.599093006857995906e-22 5.907351549672925149e-19 3.241014298271640324e-21 3.980623803740593101e-22
4.522000000000000000e+03 6.790237044687707140e-20 7.754023340869990630e-20 4.588607099496003470e-22 5.903258139995951759e-19 3.234505676331398026e-21 3.971730225284889635e-22
4.532000000000000000e+03 6.789739620583463260e-20 7.733076674327567538e-20 4.577593941569329012e-22 5.899329410450638114e-19 3.229792786576406988e-21 3.962709617807208891e-22
4.542000000000000000e+03 6.789606448536514105e-20 7.713365228226394373e-20 4.566034556559946663e-22 5.895398208595054131e-19 3.225610533296499742e-21 3.953362747685091227e-22
4.552000000000000000e+03 6.787195846156836810e-20 7.695110417353331841e-20 4.553406052813439137e-22 5.890389718435808247e-19 3.220766730715911585e-21 3.943109079372818935e-22
4.562000000000000000e+03 6.785177603939737666e-20 7.678375988409668733e-20 4.540000343604650320e-22 5.886077469500748670e-19 3.214448872896295761e-21 3.932055892057616434e-22
4.572000000000000000e+03 6.782359186149218757e-20 7.663118663662155961e-20 4.525887852087879616e-22 5.881234682653527550e-19 3.206237953562483416e-21 3.920189327974678487e-22
4.582000000000000000e+03 6.779244665223739631e-20 7.649093138280000025e-20 4.510768024081533002e-22 5.876275159455846485e-19 3.195985603212644623e-21 3.907263437075769051e-22
4.592000000000000000e+03 6.775719317593499795e-20 7.636187586740384259e-20 4.495047978733462495e-22 5.871267377414406685e-19 3.183762340138685842e-21 3.893593561392116829e-22
4.602000000000000000e+03 6.772072118868237575e-20 7.624153313843032810e-20 4.478657166750728042e-22 5.865125397911686368e-19 3.169781495348518589e-21 3.879158004177027816e-22
4.612000000000000000e+03 6.768004927351332158e-20 7.612660389196251036e-20 4.461759096086045769e-22 5.858465024872898175e-19 3.154450560343156694e-21 3.864138081409933222e-22
4.622000000000000000e+03 6.763902322113122892e-20 7.601322327607336806e-20 4.444804089878787287e-22 5.850769854485999351e-19 3.138221082552074868e-21 3.848938469563699342e-22
4.632000000000000000e+03 6.759541787940591454e-20 7.589920718545612902e-20 4.427847685874279467e-22 5.842986271793013786e-19 3.121916129531663209e-21 3.833723107139818971e-22
4.642000000000000000e+03 6.755495328705198755e-20 7.578109651725817472e-20 4.411463364261757918e-22 5.834737466301074729e-19 3.106284882696749620e-21 3.819035734243941336e-22
4.652000000000000000e+03 6.750770384910910314e-20 7.565614236863228040e-20 4.395212721374188722e-22 5.826557189221292061e-19 3.092498229036269698e-21 3.804721895255498206e-22
4.662000000000000000e+03 6.745836229503969533e-20 7.549672383329067570e-20 4.376942285280850954e-22 5.818220029487058303e-19 3.081695637747092573e-21 3.789335707594549275e-22
4.672000000000000000e+03 6.739987437315783044e-20 7.534558030404952618e-20 4.360852122440731434e-22 5.809514369919279798e-19 3.074972498019302007e-21 3.776197911176867325e-22
4.682000000000000000e+03 6.734090591442633440e-20 7.518931594311104804e-20 4.346159532781059239e-22 5.801704562715774158e-19 3.073137843266347115e-21 3.764839876867644645e-22
4.692000000000000000e+03 6.727665843969443249e-20 7.502276127660160200e-20 4.332844775204108315e-22 5.794510969633468218e-19 3.076844419961953161e-21 3.755332741732468250e-22
4.702000000000000000e+03 6.720223304464382169e-20 7.484547814888099478e-20 4.320617605170065208e-22 5.787204624332005609e-19 3.086637674658930197e-21 3.747521501549956740e-22
4.712000000000000000e+03 6.712326056565609374e-20 7.465928997670065641e-20 4.309848134681576421e-22 5.780472540680605203e-19 3.102625578045661336e-21 3.741678774809715348e-22
4.722000000000000000e+03 6.703784376936730733e-20 7.446327604010224046e-20 4.300699361108109077e-22 5.774583178765652226e-19 3.124602701940953134e-21 3.737867786428332593e-22
4.732000000000000000e+03 6.694579196547032796e-20 7.425989538078998810e-20 4.292966874683350247e-22 5.768716898901505531e-19 3.151646237394353737e-21 3.735771800990809079e-22
4.742000000000000000e+03 6.684231490305782045e-20 7.404859044122573268e-20 4.286297359771241439e-22 5.762559602329903787e-19 3.182548084941747327e-21 3.734924730343665230e-22
4.752000000000000000e+03 6.672891846289415889e-20 7.383259368563450191e-20 4.280613943931020780e-22 5.755317970248991672e-19 3.215329447534613413e-21 3.734978896507213877e-22
4.762000000000000000e+03 6.660818114265324464e-20 7.361319640660334549e-20 4.275927938113873978e-22 5.747981197756191706e-19 3.247308702688577406e-21 3.735582892017693656e-22
4.772000000000000000e+03 6.647907634049691661e-20 7.339190338242862700e-20 4.271914075049733537e-22 5.739689017391827009e-19 3.274901754104503818e-21 3.736035929228461553e-22
4.782000000000000000e+03 6.634202081684815465e-20 7.317018502781968894e-20 4.268213665390055109e-22 5.730580001368814743e-19 3.294283579325489627e-21 3.735605986946933484e-22
4.792000000000000000e+03 6.619604082740075365e-20 7.294898857003547609e-20 4.264503820670991820e-22 5.720355435868545802e-19 3.303321502153900257e-21 3.733813047233806378e-22
4.802000000000000000e+03 6.604334953410321354e-20 7.272944087681575758e-20 4.260492790974599946e-22 5.709185407803296463e-19 3.304176127902425205e-21 3.730735850110795864e-22
4.812000000000000000e+03 6.588511983523998805e-20 7.251169791100550612e-20 4.255886860032839476e-22 5.697306394544425359e-19 3.303024212858384665e-21 3.726944094927048179e-22
4.822000000000000000e+03 6.571968642470824199e-20 7.229648364018872958e-20 4.250177840455090024e-22 5.684342391556629222e-19 3.305826535645354264e-21 3.722805524446330200e-22
4.832000000000000000e+03 6.554977779774625567e-20 7.208361526852494120e-20 4.243293349578977192e-22 5.670762359293697883e-19 3.315128674025256580e-21 3.718579015122520559e-22
4.842000000000000000e+03 6.537557999510523818e-20 7.187258699406064318e-20 4.234791942193213314e-22 5.656651352529095241e-19 3.330289995036249610e-21 3.713823428985192015e-22
4.852000000000000000e+03 6.519840513317852061e-20 7.166259367565357720e-20 4.220834641141105475e-22 5.642059642410130785e-19 3.349393825758089470e-21 3.705315337823698881e-22
4.862000000000000000e+03 6.501819765662721889e-20 7.145462402879600155e-20 4.207280247132053484e-22 5.627005116577292045e-19 3.369829950131910202e-21 3.697219018946238776e-22
4.872000000000000000e+03 6.483688672949003490e-20 7.124864552099915651e-20 4.192273494429882769e-22 5.611761721152744959e-19 3.389272431567195717e-21 3.687819066653840226e-22
4.882000000000000000e+03 6.465418849636634474e-20 7.104331411202474342e-20 4.175972899480672867e-22 5.596375169393572439e-19 3.405803842690290693e-21 3.677014450299323833e-22
4.892000000000000000e+03 6.447094981420044509e-20 7.083857582691831089e-20 4.157863619201714694e-22 5.580881078037303854e-19 3.418163221536345562e-21 3.664271568314270896e-22
4.902000000000000000e+03 6.428780001228708799e-20 7.063478727164749663e-20 4.138146438959388266e-22 5.565284490481904202e-19 3.425513213313906548e-21 3.649665452680449230e-22
4.912000000000000000e+03 6.410435709158732893e-20 7.043112853311317241e-20 4.116421585135831783e-22 5.549529832693363720e-19 3.427730193138428568e-21 3.632886031290241118e-22
4.922000000000000000e+03 6.392120248415833399e-20 7.022818873947178635e-20 4.093205247653736393e-22 5.533648697584704197e-19 3.424831571027770400e-21 3.614350225964136433e-22
4.932000000000000000e+03 6.373840165422076957e-20 7.002600058169042146e-20 4.068441969770469339e-22 5.517644983110016361e-19 3.417069065483978354e-21 3.594053465537619084e-22
4.942000000000000000e+03 6.355617222197858359e-20 6.982501150410283989e-20 4.042337577092689202e-22 5.501571278507011295e-19 3.404792214573935863e-21 3.572202814633346204e-22
4.952000000000000000e+03 6.337457223072976605e-20 6.962524152937737274e-20 4.015088614942530581e-22 5.485473630435416670e-19 3.388905331615400121e-21 3.549056342561091235e-22
4.962000000000000000e+03 6.319387114864828849e-20 6.942740466570776977e-20 3.986937611516438916e-22 5.469408254630768716e-19 3.370518720082712640e-21 3.524928242928988451e-22
4.972000000000000000e+03 6.301417609974649154e-20 6.923156173879538573e-20 3.958102921513386378e-22 5.453414621927687207e-19 3.350699507053532055e-21 3.500107094658159836e-22
4.982000000000000000e+03 6.283557480942882485e-20 6.903797129568683851e-20 3.928842231146472258e-22 5.437529015007044933e-19 3.330278558643536166e-21 3.474885478097763512e-22
4.992000000000000000e+03 6.265822736115040880e-20 6.884761021048956912e-20 3.899433769379220597e-22 5.421743945251804118e-19 3.309622801740838320e-21 3.449521278938910792e-22
5.002000000000000000e+03 6.248217891754283282e-20 6.866108776221594277e-20 3.870172812821559482e-22 5.406080066805425134e-19 3.288372849506573140e-21 3.424206830544265532e-22
