# els,n0s['EB'],n0s[q'EE'],n0s['TT'],n0s['TB'],n0s['TE'], mv
2.000000000000000000e+00 6.025708261994075506e-08 1.763425989190032957e-08 1.176454560398757026e-08 4.663970426628856659e-07 1.504553991049598075e-08 4.406965874561101752e-09
1.020000000000000000e+02 8.889439583637348118e-15 3.439618443822218000e-15 1.906296785899078993e-15 6.891457582694252470e-14 2.893865920710814725e-15 7.764762054823521957e-16
2.020000000000000000e+02 5.817708289379943629e-16 5.155997447847702307e-16 1.505500318955567489e-16 4.662647753645633658e-15 4.540391779998970419e-16 7.863111114325456414e-17
3.020000000000000000e+02 1.246796827990211967e-16 3.206604457494704048e-16 3.416982800959566090e-17 1.080649203015528947e-15 3.724542373053102565e-16 2.271954566074105143e-17
4.020000000000000000e+02 4.478560587971760158e-17 1.173418016995298928e-16 1.089905904408003979e-17 3.842584695523451371e-16 1.411252543122637452e-16 7.559146143711256926e-18
5.020000000000000000e+02 2.035569610536417510e-17 4.684041661740718351e-17 4.407967193002215930e-18 1.748063318373600387e-16 5.175004985957487016e-17 3.101914057247767373e-18
6.020000000000000000e+02 1.130995147399549347e-17 3.005410052661820837e-17 2.137636407635101935e-18 9.401187066787617446e-17 3.704491346223816327e-17 1.594569136126480381e-18
7.020000000000000000e+02 7.260674716360177448e-18 1.821856298333412145e-17 1.140297449496228596e-18 6.150085418347265306e-17 2.192400925608275884e-17 8.838188994226984612e-19
8.020000000000000000e+02 4.933649758440656514e-18 1.078899471498080581e-17 6.521355607379436325e-19 4.286615922244634529e-17 1.106314264047163955e-17 5.147955039980233621e-19
9.020000000000000000e+02 3.665304697588093447e-18 7.659048988523877845e-18 4.005621175003698262e-19 3.039289434227185791e-17 7.391702313819306165e-18 3.259373707467843875e-19
1.002000000000000000e+03 2.929386347188111263e-18 5.563488262372191349e-18 2.576755840341292421e-19 2.321825703302690068e-17 4.981571403768528903e-18 2.152495678798324659e-19
1.102000000000000000e+03 2.347831298293778902e-18 3.987700164457267974e-18 1.712546095305904798e-19 1.872026798083094876e-17 3.069904442523352020e-18 1.450301913014975860e-19
1.202000000000000000e+03 1.948047257492063930e-18 3.087283229747078077e-18 1.182064968602281088e-19 1.495551406335702732e-17 2.107760378696561712e-18 1.016433901730933869e-19
1.302000000000000000e+03 1.686726316679939944e-18 2.467703211205905620e-18 8.382815761490052314e-20 1.272871201813132641e-17 1.510449932640963735e-18 7.316422350366175642e-20
1.402000000000000000e+03 1.452685789384352358e-18 1.963822949096984244e-18 6.050834087275512340e-20 1.114430785401720732e-17 1.030395514226290220e-18 5.323546193578131562e-20
1.502000000000000000e+03 1.266275061069152397e-18 1.612728121584055709e-18 4.472243576357001591e-20 9.438335441260317370e-18 7.306375888213966658e-19 3.961251775708860694e-20
1.602000000000000000e+03 1.129370442115615356e-18 1.361578210996896040e-18 3.372868966542828803e-20 8.242006464086056928e-18 5.436059266097604991e-19 3.009406933717019652e-20
1.702000000000000000e+03 9.990706678368156207e-19 1.151559447198506113e-18 2.577337808101032844e-20 7.402544996424880916e-18 3.989959520887920872e-19 2.308913013225121494e-20
1.802000000000000000e+03 8.830641600933570677e-19 9.834492558106586530e-19 2.003349012584457914e-20 6.548194604850178350e-18 2.968629296762702552e-19 1.798983836609752890e-20
1.902000000000000000e+03 7.898157372913824879e-19 8.589502283986985180e-19 1.581919909688824718e-20 5.881503748451374330e-18 2.287262211845121833e-19 1.424770972544569864e-20
2.002000000000000000e+03 7.070419929951909363e-19 7.535224193529589967e-19 1.261775605026829502e-20 5.371471066176615911e-18 1.758285540695717299e-19 1.138066009075987092e-20
2.102000000000000000e+03 6.339614422278336932e-19 6.598164139647726690e-19 1.019830135196741428e-20 4.840978256845837507e-18 1.359534371079412763e-19 9.198740855573871879e-21
2.202000000000000000e+03 5.726259822808448337e-19 5.890166941170331094e-19 8.361914130601618025e-21 4.385230928239743056e-18 1.080436189569465339e-19 7.546173836669010553e-21
2.302000000000000000e+03 5.194718605993088997e-19 5.297401043734414994e-19 6.928623594290995476e-21 4.020416828454474704e-18 8.659784915358087808e-20 6.252425870649175343e-21
2.402000000000000000e+03 4.729345308030755792e-19 4.728702465632020740e-19 5.807676900761123539e-21 3.684093408890963117e-18 6.980489590663377293e-20 5.235268523273697404e-21
2.502000000000000000e+03 4.329066338145829434e-19 4.293564645996572949e-19 4.927492449548272539e-21 3.384674937888911499e-18 5.729736936917612942e-20 4.437930130580989003e-21
2.602000000000000000e+03 3.982301268648565443e-19 3.940042110496832387e-19 4.219823160911456593e-21 3.131514801348250910e-18 4.736308321856398773e-20 3.795660833226954841e-21
2.702000000000000000e+03 3.679106409839074583e-19 3.581975532979886590e-19 3.649569651441785088e-21 2.901558728826284344e-18 3.942745471126596681e-20 3.276299561822858290e-21
2.802000000000000000e+03 3.414506532137847206e-19 3.306600347481272377e-19 3.190104929381852964e-21 2.695829273385664734e-18 3.336829130906307349e-20 2.859088981440740854e-21
2.902000000000000000e+03 3.183175569491390444e-19 3.093055454023700004e-19 2.815388347343274995e-21 2.517278510794131468e-18 2.847837943575325612e-20 2.518403459691372698e-21
3.002000000000000000e+03 2.979402603163113612e-19 2.868635083303380764e-19 2.506063648731964800e-21 2.359267400264496705e-18 2.448293781205786107e-20 2.236420253063126875e-21
3.102000000000000000e+03 2.800609503159512757e-19 2.701912441028197482e-19 2.246757770909584750e-21 2.222569535325185447e-18 2.133625008247071011e-20 2.001296583458648526e-21
3.202000000000000000e+03 2.645303831241088956e-19 2.582191000382395299e-19 2.028191627546593839e-21 2.104063433457459443e-18 1.867703052968757123e-20 1.802711293366631051e-21
3.302000000000000000e+03 2.509008823165089199e-19 2.449020902624819349e-19 1.844953738574426448e-21 1.998765902418549809e-18 1.649447948036472497e-20 1.636086663016767758e-21
3.402000000000000000e+03 2.391206831749086990e-19 2.368793164433928918e-19 1.685684742174227822e-21 1.911117382214763889e-18 1.479521802942743357e-20 1.493101251677433921e-21
3.502000000000000000e+03 2.295516400535653735e-19 2.335307941240322048e-19 1.550500951653109888e-21 1.836409173220326617e-18 1.327679101885256636e-20 1.370886108299413099e-21
3.602000000000000000e+03 2.215898436413244806e-19 2.270680983383222631e-19 1.440955372363635974e-21 1.768534669713966265e-18 1.201640992753693178e-20 1.271155528387232281e-21
3.702000000000000000e+03 2.150780241064341810e-19 2.252341847791268534e-19 1.345428412521317220e-21 1.718757434766003326e-18 1.118364147301659885e-20 1.187161877072233608e-21
3.802000000000000000e+03 2.108239266756279065e-19 2.283268912827444255e-19 1.260772005668121322e-21 1.686162113164215180e-18 1.032747372157974596e-20 1.111469296087763790e-21
3.902000000000000000e+03 2.080858483628101940e-19 2.263904460305853500e-19 1.193858088256172965e-21 1.655181509051624066e-18 9.571633439486166543e-21 1.050505258918506676e-21
4.002000000000000000e+03 2.064040084198441709e-19 2.291251379947603423e-19 1.135084330276350215e-21 1.637530719383590823e-18 9.134479054274647894e-21 9.997129831293083856e-22
4.102000000000000000e+03 2.073884602537291834e-19 2.382204807773999399e-19 1.084058098870662584e-21 1.631795519819267944e-18 8.633603479186472889e-21 9.542724489071902279e-22
4.202000000000000000e+03 2.100230719600472251e-19 2.390901762677302065e-19 1.056581688081362041e-21 1.625772944016389810e-18 8.221272276555280416e-21 9.279510716458849293e-22
4.302000000000000000e+03 2.124826525882441479e-19 2.406257183736369427e-19 1.040008661410403257e-21 1.629389875810101510e-18 8.320507668576332881e-21 9.164296335575098869e-22
4.402000000000000000e+03 2.161967046677492817e-19 2.461494177606156413e-19 1.020193856792796031e-21 1.655930425874760079e-18 8.213458025424036021e-21 8.998882087619174475e-22
4.502000000000000000e+03 2.196044833494084777e-19 2.436263300635784175e-19 1.006162942399386672e-21 1.662722694504208943e-18 7.946056281392957194e-21 8.857528432407224344e-22
4.602000000000000000e+03 2.200869673759492237e-19 2.409325127575618647e-19 9.884012833989159955e-22 1.651273917056861214e-18 7.847480573299178773e-21 8.707281696209760378e-22
4.702000000000000000e+03 2.192925369956892000e-19 2.388288151560792850e-19 9.665061495584624908e-22 1.630359188892074872e-18 7.788014088686413893e-21 8.529384187988053520e-22
4.802000000000000000e+03 2.160768708114036090e-19 2.334612257131322202e-19 9.636719314564999473e-22 1.609317424750509243e-18 8.394013822538106650e-21 8.573661673031530504e-22
4.902000000000000000e+03 2.105268072470643679e-19 2.279468967255875457e-19 9.494996404562807232e-22 1.569316669931919768e-18 8.830118654096933693e-21 8.501888638430049886e-22
5.002000000000000000e+03 2.047070419678060794e-19 2.224226547650520465e-19 9.059050163888718529e-22 1.524815545475814457e-18 8.615147409349724124e-21 8.130214138103867669e-22
