# els,n0s['EB'],n0s[q'EE'],n0s['TT'],n0s['TB'],n0s['TE'], mv
2.000000000000000000e+00 3.844055561368961136e-08 1.368449746534971028e-08 1.028149540285276095e-08 3.092098617761804671e-07 1.252797253223453124e-08 3.579006810280127285e-09
1.200000000000000000e+01 2.965235970912467226e-11 1.059744599237607497e-11 7.943111202040628675e-12 2.384908056974985331e-10 9.698684337749100623e-12 2.767924401697040089e-12
2.200000000000000000e+01 2.623340876263469623e-12 9.463669782565646393e-13 7.052325202308340958e-13 2.109306415949906565e-11 8.654675932084319395e-13 2.463848192580588974e-13
3.200000000000000000e+01 5.857086645690345510e-13 2.144000885991492578e-13 1.583024698888813195e-13 4.706193163050905490e-12 1.958630603848612441e-13 5.553511433760852248e-14
4.200000000000000000e+01 1.972720529970961126e-13 7.364768178721250293e-14 5.369029998903517339e-14 1.583379355917710174e-12 6.719398108426492120e-14 1.894424270468792176e-14
5.200000000000000000e+01 8.392951009807322155e-14 3.211746518419979933e-14 2.303581341116969778e-14 6.728481130138213589e-13 2.926324657617512803e-14 8.188672815718212971e-15
6.200000000000000000e+01 4.152635913737647890e-14 1.637067354360927134e-14 1.150970433692432999e-14 3.326228063668195258e-13 1.489659010248025454e-14 4.129074851033903757e-15
7.200000000000000000e+01 2.283564362509208667e-14 9.321337198845761435e-15 6.399858554060132273e-15 1.828902679285809951e-13 8.472850424651998286e-15 2.321170183381708034e-15
8.200000000000000000e+01 1.357720436692425087e-14 5.768221761549641675e-15 3.852378478926365014e-15 1.088358511528846662e-13 5.239349701541638803e-15 1.415131833434565533e-15
9.200000000000000000e+01 8.571970330028796848e-15 3.810385269138399848e-15 2.465383908298293241e-15 6.884633843546128672e-14 3.460184035852700080e-15 9.189121101339750000e-16
1.020000000000000000e+02 5.675643037241308754e-15 2.653968392676577349e-15 1.656536333258636452e-15 4.571337781849188344e-14 2.410939878900466843e-15 6.276256778498124737e-16
1.120000000000000000e+02 3.905926092448070332e-15 1.931854770541316307e-15 1.158111451654186427e-15 3.156808717768769593e-14 1.756877574873243568e-15 4.468270409777690768e-16
1.220000000000000000e+02 2.775373345993829216e-15 1.459987135173527713e-15 8.367465166527712512e-16 2.251466544905667491e-14 1.330327746739490830e-15 3.293303831302007618e-16
1.320000000000000000e+02 2.025875062047512735e-15 1.139829926821987698e-15 6.215382904539984740e-16 1.649555215607407436e-14 1.041619669422517542e-15 2.499678307564310734e-16
1.420000000000000000e+02 1.513200588527000567e-15 9.156788193583355470e-16 4.726992658378752035e-16 1.236386294450269101e-14 8.401215779225551624e-16 1.945664732511603732e-16
1.520000000000000000e+02 1.153011423971662730e-15 7.545608207484277690e-16 3.668626547260837536e-16 9.450247270273425281e-15 6.959084964506268292e-16 1.547706843756216455e-16
1.620000000000000000e+02 8.940379983699960326e-16 6.361735142468191745e-16 2.897607213645469591e-16 7.348128628628550328e-15 5.905926618282367320e-16 1.254572014859344744e-16
1.720000000000000000e+02 7.040481132456276954e-16 5.475800027881215011e-16 2.323832665144260226e-16 5.801697777671348074e-15 5.124921517019948935e-16 1.033760209475004682e-16
1.820000000000000000e+02 5.621739234469529750e-16 4.802817479216476994e-16 1.888703764141321568e-16 4.644891317910899292e-15 4.539683242823355316e-16 8.640321182605126448e-17
1.920000000000000000e+02 4.545508833071553778e-16 4.285386421852618594e-16 1.553109160702894355e-16 3.766864770406569214e-15 4.098991529809600328e-16 7.311395112099318550e-17
2.020000000000000000e+02 3.717535147772800962e-16 3.883686646682403867e-16 1.290336727262015285e-16 3.091784077596262701e-15 3.767714912368985334e-16 6.253005768608441562e-17
2.120000000000000000e+02 3.072416204481216503e-16 3.569325210488878042e-16 1.081763815323522757e-16 2.566630305164149728e-15 3.521218362861497534e-16 5.396618705491401011e-17
2.220000000000000000e+02 2.563931569619243708e-16 3.321411767345629332e-16 9.141650757777121033e-17 2.153627295421700531e-15 3.341782868555204128e-16 4.693355194070053991e-17
2.320000000000000000e+02 2.158874092277353886e-16 3.123984501711171842e-16 7.779895615936882336e-17 1.825414140871252554e-15 3.216191502261653794e-16 4.107819468746198535e-17
2.420000000000000000e+02 1.833028671214594168e-16 2.964271575077018322e-16 6.662339539041085224e-17 1.561891016198591748e-15 3.133987852318270372e-16 3.614051554919161322e-17
2.520000000000000000e+02 1.568498128134233211e-16 2.831495844107602500e-16 5.736902804805430845e-17 1.348111282078294973e-15 3.086092783254800074e-16 3.192811544195132491e-17
2.620000000000000000e+02 1.351892576710802096e-16 2.716100386328385585e-16 4.964350697763659200e-17 1.172844523801054404e-15 3.063610239202713621e-16 2.829722169455119856e-17
2.720000000000000000e+02 1.173082850221827097e-16 2.609341570794792773e-16 4.314761736307620456e-17 1.027580854212927116e-15 3.056759563466765384e-16 2.513966345293693480e-17
2.820000000000000000e+02 1.024328856632142027e-16 2.503253833299293098e-16 3.765052586370111016e-17 9.058312596989386695e-16 3.054036396561172180e-16 2.237353793912494318e-17
2.920000000000000000e+02 8.996613802502049927e-17 2.390985427660197200e-16 3.297217481206121014e-17 8.026307150235227059e-16 3.041913212063502331e-16 1.993637111854274914e-17
3.020000000000000000e+02 7.944378591576061932e-17 2.267498909937224682e-16 2.897061191456587946e-17 7.141816232958220156e-16 3.005704290728090736e-16 1.778011306661604753e-17
3.120000000000000000e+02 7.050195425348559664e-17 2.130212100660134212e-16 2.553278067741696356e-17 6.375935384111508395e-16 2.931646925585841715e-16 1.586718277603239770e-17
3.220000000000000000e+02 6.285341920835343095e-17 1.979481843799387115e-16 2.256774240285859477e-17 5.706868077643191795e-16 2.810426837999428206e-16 1.416764769887313068e-17
3.320000000000000000e+02 5.626999548074045264e-17 1.818476131876990567e-16 2.000166028700586893e-17 5.118372892967122067e-16 2.640585829755194907e-16 1.265707361110976281e-17
3.420000000000000000e+02 5.056934165651929274e-17 1.652385642261428702e-16 1.777404208754893483e-17 4.598476374740086100e-16 2.429846894687773683e-16 1.131495316362885245e-17
3.520000000000000000e+02 4.560497842102255809e-17 1.487209589185146706e-16 1.583492046657711477e-17 4.138352897693751788e-16 2.193125519953860334e-16 1.012359699944427881e-17
3.620000000000000000e+02 4.125866730760027989e-17 1.328538240248056927e-16 1.414270377886744689e-17 3.731336709072424910e-16 1.948063502884978672e-16 9.067371316646918746e-18
3.720000000000000000e+02 3.743454093427899558e-17 1.180704812786227833e-16 1.266253132215281525e-17 3.372074761157920030e-16 1.710437324956040805e-16 8.132199862670092896e-18
3.820000000000000000e+02 3.405453326208388194e-17 1.046435781318957976e-16 1.136501000089105126e-17 3.055849465310002165e-16 1.491397126858692087e-16 7.305252229410095349e-18
3.920000000000000000e+02 3.105480079760192065e-17 9.269376809401887627e-17 1.022522354787095648e-17 2.778121651248860753e-16 1.296951492207128121e-16 6.574765989504026447e-18
4.020000000000000000e+02 2.838289446012523575e-17 8.222313924636676030e-17 9.221954044045427764e-18 2.534315809646246071e-16 1.128911769847765094e-16 5.929955502502820874e-18
4.120000000000000000e+02 2.599548983115247565e-17 7.315007916973506537e-17 8.337065570047926368e-18 2.319833107675027628e-16 9.863220756702467614e-17 5.360942976728078975e-18
4.220000000000000000e+02 2.385658270149974242e-17 6.534807105396881107e-17 7.555006254799068332e-18 2.130233060340845347e-16 8.667485912182926630e-17 4.858754087680938229e-18
4.320000000000000000e+02 2.193602811859839892e-17 5.867279751067607523e-17 6.862406942021993144e-18 1.961477282738558412e-16 7.671894082218567920e-17 4.415302804474658577e-18
4.420000000000000000e+02 2.020837869675291989e-17 5.297771027819834273e-17 6.247746394442034541e-18 1.810127201369459427e-16 6.846125919316890704e-17 4.023347066514089289e-18
4.520000000000000000e+02 1.865194697004000141e-17 4.812444386415205034e-17 5.701078831610818799e-18 1.673427651269292172e-16 6.162357647979447956e-17 3.676445194334642477e-18
4.620000000000000000e+02 1.724807268475737644e-17 4.398800377123751892e-17 5.213806205406387493e-18 1.549278633887789153e-16 5.596357133907570734e-17 3.368899859917456452e-18
4.720000000000000000e+02 1.598054453889567715e-17 4.045833373106916864e-17 4.778486345983380113e-18 1.436127442419053153e-16 5.127660760214304634e-17 3.095693388843254317e-18
4.820000000000000000e+02 1.483514660526139157e-17 3.744002795343104757e-17 4.388669800233379133e-18 1.332827455303195257e-16 4.739249929652804108e-17 2.852419415097547431e-18
4.920000000000000000e+02 1.379930858546297942e-17 3.485222362423782433e-17 4.038763649889405768e-18 1.238503076332241360e-16 4.417126202014668336e-17 2.635227245973012828e-18
5.020000000000000000e+02 1.286183627734578318e-17 3.262506543180252920e-17 3.723912399310062861e-18 1.152440427255391163e-16 4.149731166939562592e-17 2.440746956930237808e-18
5.120000000000000000e+02 1.201270405126479962e-17 3.069894869669305377e-17 3.439899930732999411e-18 1.074010446013079127e-16 3.927481416109015705e-17 2.266041179897625293e-18
5.220000000000000000e+02 1.124289317604160261e-17 2.902278250311514952e-17 3.183061946319244624e-18 1.002621856589640632e-16 3.742331298071068537e-17 2.108553222741616496e-18
5.320000000000000000e+02 1.054426492763407323e-17 2.755249672668200195e-17 2.950213095221946289e-18 9.376981024798137433e-17 3.587399083967411760e-17 1.966061979804219378e-18
5.420000000000000000e+02 9.909459243156186162e-18 2.624982920857445052e-17 2.738583246246757646e-18 8.786713802916410735e-17 3.456665218319794600e-17 1.836642032734011892e-18
5.520000000000000000e+02 9.331810517585188869e-18 2.508137884676681898e-17 2.545762850565141877e-18 8.249871187214175449e-17 3.344725120106256566e-17 1.718628399762557461e-18
5.620000000000000000e+02 8.805275865826226069e-18 2.401793109901604683e-17 2.369655297815952586e-18 7.761138796752333559e-17 3.246616760004410452e-17 1.610585688051915170e-18
5.720000000000000000e+02 8.324375414698890091e-18 2.303402204159753006e-17 2.208435959205885881e-18 7.315552623060006778e-17 3.157709269427731060e-17 1.511280908541617174e-18
5.820000000000000000e+02 7.884142581345820024e-18 2.210775214283890302e-17 2.060516626025612494e-18 6.908611775372124755e-17 3.073672718139239124e-17 1.419659790456952475e-18
5.920000000000000000e+02 7.480083774185007612e-18 2.122084680193753761e-17 1.924513446075992259e-18 6.536364934414782230e-17 2.990520405076961619e-17 1.334825332053162152e-18
6.020000000000000000e+02 7.108144689635728033e-18 2.035840778534919450e-17 1.799220784052951584e-18 6.195456206582288221e-17 2.904715522424002261e-17 1.256017516190055081e-18
6.120000000000000000e+02 6.764682213972920932e-18 1.950924988767656207e-17 1.683586388046451809e-18 5.883118450412239991e-17 2.813345375184957802e-17 1.182596276400027403e-18
6.220000000000000000e+02 6.446440773004622643e-18 1.866607552442144037e-17 1.576691760093355141e-18 5.597104640064377189e-17 2.714319603422557255e-17 1.114026285118272404e-18
6.320000000000000000e+02 6.150531529577490465e-18 1.782522158573808474e-17 1.477732611012569492e-18 5.335558048253734136e-17 2.606529347325281626e-17 1.049860339833200786e-18
6.420000000000000000e+02 5.874411630739808205e-18 1.698634933625982428e-17 1.386002594274631229e-18 5.096837099813118024e-17 2.489940997415006960e-17 9.897250781600237394e-19
6.520000000000000000e+02 5.615865060126388522e-18 1.615194374959419823e-17 1.300879843278331780e-18 4.879324261771764086e-17 2.365563373580096208e-17 9.333082358846584595e-19
6.620000000000000000e+02 5.372982341899213613e-18 1.532658470803092111e-17 1.221814497682372083e-18 4.681253613843243365e-17 2.235285483477237727e-17 8.803466725918867478e-19
6.720000000000000000e+02 5.144137613213015002e-18 1.451617996539799110e-17 1.148317811082994305e-18 4.500595721772632489e-17 2.101610964010734302e-17 8.306161286484223290e-19
6.820000000000000000e+02 4.927964141705575152e-18 1.372691676320681464e-17 1.079953497001938373e-18 4.335027438924994445e-17 1.967312919478829902e-17 7.839217146063819120e-19
6.920000000000000000e+02 4.723329263210939665e-18 1.296558092126443844e-17 1.016328694102685940e-18 4.181994128794242757e-17 1.835111238076338009e-17 7.400934883608146649e-19
7.020000000000000000e+02 4.529307938866494789e-18 1.223764435224315784e-17 9.570890277095297668e-19 4.038849362296349307e-17 1.707412936918615832e-17 6.989771646253404952e-19
7.120000000000000000e+02 4.345155056100654680e-18 1.154757183009473599e-17 9.019114698544190648e-19 3.903042281237623558e-17 1.586142466871902721e-17 6.604308659953455662e-19
7.220000000000000000e+02 4.170277223942163232e-18 1.089858379605537420e-17 8.505006080300776548e-19 3.772314050122913027e-17 1.472670570627165149e-17 6.243217749808539482e-19
7.320000000000000000e+02 4.004205564301629580e-18 1.029261343476376288e-17 8.025843225755055105e-19 3.644866762753648504e-17 1.367824600375362901e-17 5.905230098629377094e-19
7.420000000000000000e+02 3.846568731662913863e-18 9.730385290135089019e-18 7.579114314239801361e-19 3.519473189421247629e-17 1.271957034436642959e-17 5.589119640582991181e-19
7.520000000000000000e+02 3.697067762364957219e-18 9.211572020950448666e-18 7.162486468542223775e-19 3.395512471726414476e-17 1.185039669588817960e-17 5.293685957031267932e-19
7.620000000000000000e+02 3.555453178923878356e-18 8.734979224746642515e-18 6.773785762216692431e-19 3.272928948110933139e-17 1.106762861073180620e-17 5.017745386267753171e-19
7.720000000000000000e+02 3.421504465032629473e-18 8.298742393204271466e-18 6.410987251340434991e-19 3.152124025966503971e-17 1.036627091136058306e-17 4.760130401062824930e-19
7.820000000000000000e+02 3.295012548987824504e-18 7.900499978869672388e-18 6.072195755073424953e-19 3.033806237244556830e-17 9.740148654263398319e-18 4.519684724264618065e-19
7.920000000000000000e+02 3.175765342356793066e-18 7.537606877757194596e-18 5.755642009257848491e-19 2.918830850619520533e-17 9.182507396887663341e-18 4.295271613175158151e-19
8.020000000000000000e+02 3.063537047519255253e-18 7.207139047945915213e-18 5.459670816026958412e-19 2.808050014966250697e-17 8.686380994861246327e-18 4.085771301508828643e-19
8.120000000000000000e+02 2.958080202349637495e-18 6.906081929053164429e-18 5.182738347207977249e-19 2.702197095025041639e-17 8.244870924445206140e-18 3.890091864340447230e-19
8.220000000000000000e+02 2.859122115121889762e-18 6.631459108539893204e-18 4.923406287853652086e-19 2.601809649851021888e-17 7.851356014124718961e-18 3.707178126940055671e-19
8.320000000000000000e+02 2.766363962062792004e-18 6.380324738375341569e-18 4.680332340454851927e-19 2.507190677700106251e-17 7.499543466861049213e-18 3.536012492034178552e-19
8.420000000000000000e+02 2.679482595882436096e-18 6.149815029610270602e-18 4.452272571693251907e-19 2.418405824150363043e-17 7.183532489080024083e-18 3.375625754440350141e-19
8.520000000000000000e+02 2.598133520709498388e-18 5.937186314965773616e-18 4.238076161449657484e-19 2.335304963454554775e-17 6.897820339000533915e-18 3.225102011123532980e-19
8.620000000000000000e+02 2.521954475915571595e-18 5.739842125501779977e-18 4.036675624581148871e-19 2.257561870749661659e-17 6.637317373940626738e-18 3.083580257504444593e-19
8.720000000000000000e+02 2.450569492207579733e-18 5.555346826040327880e-18 3.847094134865303336e-19 2.184723595344498822e-17 6.397340927610423102e-18 2.950264133463848309e-19
8.820000000000000000e+02 2.383592738611193395e-18 5.381518775347837994e-18 3.668430444696368041e-19 2.116264610926683194e-17 6.173617851466121740e-18 2.824419928192159364e-19
8.920000000000000000e+02 2.320633508490373584e-18 5.216349637759616728e-18 3.499863861718802290e-19 2.051640015559119296e-17 5.962309856039697174e-18 2.705380679878991747e-19
9.020000000000000000e+02 2.261300935385322644e-18 5.058072386832035623e-18 3.340643621111296348e-19 1.990337770559309182e-17 5.760038864191742265e-18 2.592544171486094805e-19
9.120000000000000000e+02 2.205209172271985149e-18 4.905176303905804183e-18 3.190090256712078112e-19 1.931922825914515517e-17 5.563918562598358014e-18 2.485375499957959552e-19
9.220000000000000000e+02 2.151982920766599219e-18 4.756422825047104743e-18 3.047583914895303820e-19 1.876071106996869735e-17 5.371582184093169474e-18 2.383400852159817684e-19
9.320000000000000000e+02 2.101262743936143535e-18 4.610852439170001078e-18 2.912568251626794896e-19 1.822589836012683811e-17 5.181209657352620097e-18 2.286209681927000561e-19
9.420000000000000000e+02 2.052710444389230209e-18 4.467782775175647389e-18 2.784540799581932464e-19 1.771418368046773283e-17 4.991538588128777450e-18 2.193447689082873230e-19
9.520000000000000000e+02 2.006014716784094918e-18 4.326800436858022108e-18 2.663047417040900566e-19 1.722608641417700487e-17 4.801861953963561988e-18 2.104811611711086146e-19
9.620000000000000000e+02 1.960896570258381852e-18 4.187732583408071564e-18 2.547679568374197256e-19 1.676286390085766033e-17 4.611995598367496370e-18 2.020044714956363494e-19
9.720000000000000000e+02 1.917113961899972031e-18 4.050618728774786319e-18 2.438069364479538709e-19 1.632595603519677720e-17 4.422231414711099413e-18 1.938930803234413699e-19
9.820000000000000000e+02 1.874465262993934194e-18 3.915708474534003411e-18 2.333884524969275471e-19 1.591634870338741964e-17 4.233245638641983685e-18 1.861288209235222600e-19
9.920000000000000000e+02 1.832791388454680787e-18 3.783309721445238953e-18 2.234821651672845404e-19 1.553399482103184602e-17 4.046003988289001114e-18 1.786959718809359979e-19
1.002000000000000000e+03 1.791976527713538802e-18 3.653814564225712655e-18 2.140607539102944612e-19 1.517743346089810824e-17 3.861655552507506480e-18 1.715812060493458896e-19
1.012000000000000000e+03 1.751947441373683897e-18 3.527699412982384007e-18 2.050991720514484201e-19 1.484370620978281050e-17 3.681436375625941169e-18 1.647729841370911522e-19
1.022000000000000000e+03 1.712670876329265012e-18 3.405436168496061488e-18 1.965740689536601620e-19 1.452862941992286674e-17 3.506542594510331085e-18 1.582608207718644157e-19
1.032000000000000000e+03 1.674147961902633845e-18 3.287459598642482274e-18 1.884638463246452160e-19 1.422731395724305550e-17 3.338055418793415940e-18 1.520351707999599732e-19
1.042000000000000000e+03 1.636408785822948101e-18 3.174146781346651310e-18 1.807482528169404342e-19 1.393485059202815728e-17 3.176871727103494749e-18 1.460870425644921039e-19
1.052000000000000000e+03 1.599505142367338901e-18 3.065790414766463760e-18 1.734081242985587004e-19 1.364692705361214429e-17 3.023692456674067485e-18 1.404077486467975040e-19
1.062000000000000000e+03 1.563504182077052145e-18 2.962577474374723379e-18 1.664252294110874273e-19 1.336031762449677044e-17 2.878984282324668977e-18 1.349886458106569063e-19
1.072000000000000000e+03 1.528480872906290829e-18 2.864682220415803276e-18 1.597820526541360684e-19 1.307311636995956524e-17 2.742989780977236121e-18 1.298211187719290363e-19
1.082000000000000000e+03 1.494511502072517087e-18 2.772124634101274484e-18 1.534616866279835208e-19 1.278474690027244743e-17 2.615756910319489082e-18 1.248961759233553436e-19
1.092000000000000000e+03 1.461668042378068428e-18 2.684849059191863437e-18 1.474479786679631564e-19 1.249579113495713031e-17 2.497159288859505001e-18 1.202046572528351485e-19
1.102000000000000000e+03 1.430013433701783410e-18 2.602727337926949767e-18 1.417250707299334351e-19 1.220769992754283172e-17 2.386927367267854179e-18 1.157369192977574739e-19
1.112000000000000000e+03 1.399597822810800934e-18 2.525567093748099204e-18 1.362776003071031169e-19 1.192245227907273077e-17 2.284674180334325008e-18 1.114829779437838285e-19
1.122000000000000000e+03 1.370455984219050843e-18 2.453122230062880672e-18 1.310906989016791733e-19 1.164222178536198674e-17 2.189926556657040577e-18 1.074325633418491068e-19
1.132000000000000000e+03 1.342605857755087218e-18 2.385103183453790677e-18 1.261501453266278014e-19 1.136909107253703790e-17 2.102148180757630918e-18 1.035752868193916134e-19
1.142000000000000000e+03 1.316048036606542220e-18 2.321187878764212713e-18 1.214419155008872296e-19 1.110484016518254640e-17 2.020764079872523255e-18 9.990042977707833708e-20
1.152000000000000000e+03 1.290766124556267544e-18 2.261030547364247099e-18 1.169527465877984166e-19 1.085081548449793740e-17 1.945177071198149811e-18 9.639740956729469358e-20
1.162000000000000000e+03 1.266727613362674587e-18 2.204271994886636051e-18 1.126698252284835347e-19 1.060787782669479678e-17 1.874788142656339913e-18 9.305568065509375552e-20
1.172000000000000000e+03 1.243885110002406160e-18 2.150550474503749991e-18 1.085808983996584765e-19 1.037641805330984890e-17 1.809000989889990664e-18 8.986488802091433455e-20
1.182000000000000000e+03 1.222177627501080108e-18 2.099500839473743923e-18 1.046743796838231066e-19 1.015642560341358028e-17 1.747244898360134007e-18 8.681504388810781106e-20
1.192000000000000000e+03 1.201531960810041480e-18 2.050770064777838153e-18 1.009391662946888552e-19 9.947593137771583158e-18 1.688972439522647161e-18 8.389647067161993717e-20
1.202000000000000000e+03 1.181864369169388366e-18 2.004029010172451491e-18 9.736521293859111273e-20 9.749440882963357264e-18 1.633671509185086994e-18 8.110028849142157908e-20
1.212000000000000000e+03 1.163082679429864225e-18 1.958974222092637613e-18 9.394290312520014912e-20 9.561440860547262119e-18 1.580867600543250821e-18 7.841802745914347187e-20
1.222000000000000000e+03 1.145088891990909897e-18 1.915332413495896329e-18 9.066321591499847604e-20 9.383121646660828748e-18 1.530135626741092851e-18 7.584180632049497151e-20
1.232000000000000000e+03 1.127782087084982879e-18 1.872866035064534729e-18 8.751798659744095380e-20 9.214137610612283030e-18 1.481102681586973001e-18 7.336455033894492113e-20
1.242000000000000000e+03 1.111061494539197746e-18 1.831375106307231865e-18 8.449966101912430065e-20 9.054287866223301498e-18 1.433449730063954190e-18 7.097983866145854833e-20
1.252000000000000000e+03 1.094829526073536360e-18 1.790700237162453865e-18 8.160127148548880417e-20 8.903483654044941155e-18 1.386918991856723190e-18 6.868191205709184980e-20
1.262000000000000000e+03 1.078994697309384622e-18 1.750712982807613641e-18 7.881665756804879394e-20 8.761667720927955085e-18 1.341309723149212225e-18 6.646580156028561628e-20
1.272000000000000000e+03 1.063474114521730541e-18 1.711350140749910040e-18 7.613999622750985800e-20 8.628700058202324920e-18 1.296485064985034599e-18 6.432705469628716457e-20
1.282000000000000000e+03 1.048195569907338693e-18 1.672565073739687167e-18 7.356635249920100141e-20 8.504235480595351566e-18 1.252363174664291425e-18 6.226202573056946467e-20
1.292000000000000000e+03 1.033099209655903499e-18 1.634345629720622149e-18 7.109095268478492045e-20 8.387619521622845807e-18 1.208917171498833377e-18 6.026737863430002307e-20
1.302000000000000000e+03 1.018138758397971448e-18 1.596708705755992634e-18 6.870964305160709660e-20 8.277829734524385307e-18 1.166167027865557115e-18 5.834038419461427790e-20
1.312000000000000000e+03 1.003282255479160419e-18 1.559694384762598131e-18 6.641857652194765657e-20 8.173478439299366791e-18 1.124170599834080308e-18 5.647866753933512013e-20
1.322000000000000000e+03 9.885121350569535173e-19 1.523360104285470330e-18 6.421429565728168407e-20 8.072885031944736709e-18 1.083013349848391996e-18 5.468023914282075316e-20
1.332000000000000000e+03 9.738247191790008850e-19 1.487774901162503578e-18 6.209360430087082568e-20 7.974209239246689578e-18 1.042799448254102509e-18 5.294337869335494224e-20
1.342000000000000000e+03 9.592290368711352692e-19 1.453013011375515328e-18 6.005353016068484395e-20 7.875626182357777958e-18 1.003639772788410111e-18 5.126657440299165231e-20
1.352000000000000000e+03 9.447452365664648494e-19 1.419149341848822066e-18 5.809129210385253641e-20 7.775514394097011792e-18 9.656483006896844128e-19 4.964848756783125836e-20
1.362000000000000000e+03 9.304025731097226102e-19 1.386258796298577791e-18 5.620414369188483688e-20 7.672620911207481341e-18 9.289245474481914700e-19 4.808779066812380356e-20
1.372000000000000000e+03 9.162370032013347062e-19 1.354396543551462386e-18 5.438948703853608222e-20 7.566178264389661910e-18 8.935617449237440135e-19 4.658324280652961218e-20
1.382000000000000000e+03 9.022884375087616022e-19 1.323607847290000605e-18 5.264474700955294765e-20 7.455946739869585801e-18 8.596336178491275490e-19 4.513356627455824494e-20
1.392000000000000000e+03 8.885979895180229013e-19 1.293931089362640965e-18 5.096751145486599179e-20 7.342190046395430095e-18 8.271925091659773880e-19 4.373753614652067694e-20
1.402000000000000000e+03 8.752053869124029153e-19 1.265388936604351029e-18 4.935542266683501903e-20 7.225592893948208323e-18 7.962682587472044603e-19 4.239387511851262093e-20
1.412000000000000000e+03 8.621466204574284315e-19 1.237988810181119729e-18 4.780589206618534731e-20 7.107136675110933526e-18 7.668683667615771382e-19 4.110103202996508930e-20
1.422000000000000000e+03 8.494521374271158877e-19 1.211723452835846278e-18 4.631645440643918409e-20 6.987963220913447280e-18 7.389802249580890505e-19 3.985743997770125110e-20
1.432000000000000000e+03 8.371455906208280800e-19 1.186571903560567870e-18 4.488479550766792536e-20 6.869241023993680161e-18 7.125716504348286232e-19 3.866153343605816904e-20
1.442000000000000000e+03 8.252431489428248834e-19 1.162500486955744013e-18 4.350828169235471082e-20 6.752052602527426547e-18 6.875955579965044630e-19 3.751141031672150618e-20
1.452000000000000000e+03 8.137534097542523817e-19 1.139463527194908590e-18 4.218464512334465123e-20 6.637316628285457651e-18 6.639898249154303066e-19 3.640533991912942733e-20
1.462000000000000000e+03 8.026776441615533145e-19 1.117411395757938675e-18 4.091134483149809680e-20 6.525739301995532846e-18 6.416786314138742834e-19 3.534130212720880513e-20
1.472000000000000000e+03 7.920103110552476435e-19 1.096282679975565976e-18 3.968610002930333269e-20 6.417799040154468718e-18 6.205792903944808600e-19 3.431739981734886058e-20
1.482000000000000000e+03 7.817395854943365550e-19 1.076010661868972587e-18 3.850656741088596169e-20 6.313754865463868564e-18 6.006041326777109738e-19 3.333163589001780986e-20
1.492000000000000000e+03 7.718478477608247040e-19 1.056525097560715237e-18 3.737053658024807449e-20 6.213675071664964287e-18 5.816625216645912954e-19 3.238207221105197196e-20
1.502000000000000000e+03 7.623121269827643612e-19 1.037754114936463332e-18 3.627571826471037644e-20 6.117478291681193316e-18 5.636618904052821873e-19 3.146668106202540714e-20
1.512000000000000000e+03 7.531045965805850607e-19 1.019626247737923869e-18 3.522008373883259751e-20 6.024985231551845034e-18 5.465106036776800811e-19 3.058361593944087402e-20
1.522000000000000000e+03 7.441932157980238901e-19 1.002072133500497967e-18 3.420172011572294262e-20 5.935970800283696494e-18 5.301189280329057701e-19 2.973111329962268606e-20
1.532000000000000000e+03 7.355425784268278844e-19 9.850258328016044205e-19 3.321865407316585379e-20 5.850213084932280736e-18 5.144012556382873123e-19 2.890737213542669688e-20
1.542000000000000000e+03 7.271149774469087801e-19 9.684263304565581990e-19 3.226921867930461249e-20 5.767534436243962389e-18 4.992781869591456882e-19 2.811084311095641726e-20
1.552000000000000000e+03 7.188716621131033325e-19 9.522180950897319543e-19 3.135172455819113993e-20 5.687826531552838504e-18 4.846787325588644960e-19 2.733999090233052094e-20
1.562000000000000000e+03 7.107742584447049135e-19 9.363542360836287694e-19 3.046468242100661686e-20 5.611062006585753078e-18 4.705403113168774337e-19 2.659346790042345213e-20
1.572000000000000000e+03 7.027861813241683365e-19 9.207919168796708354e-19 2.960669291508593361e-20 5.537276826384047121e-18 4.568100088508974242e-19 2.587003230605171915e-20
1.582000000000000000e+03 6.948740081858055971e-19 9.054958979793727688e-19 2.877647464158270928e-20 5.466539474176822510e-18 4.434425827874438636e-19 2.516856656180250598e-20
1.592000000000000000e+03 6.870086821199868068e-19 8.904409522394348388e-19 2.797301098821260055e-20 5.398902748836660919e-18 4.304033465163976761e-19 2.448820071140277373e-20
1.602000000000000000e+03 6.791664717683236336e-19 8.756089227796249311e-19 2.719516895013384384e-20 5.334349174898013252e-18 4.176658067917297203e-19 2.382801017977993805e-20
1.612000000000000000e+03 6.713296950115356504e-19 8.609885979233532703e-19 2.644210756560140163e-20 5.272748433837661841e-18 4.052129344098323658e-19 2.318733184778751758e-20
1.622000000000000000e+03 6.634870791356653936e-19 8.465751106753181602e-19 2.571291622232517900e-20 5.213828633465329573e-18 3.930338852735200005e-19 2.256547513269974756e-20
1.632000000000000000e+03 6.556337034672166044e-19 8.323687363536818608e-19 2.500682193413949315e-20 5.157178007078716746e-18 3.811267276647676307e-19 2.196188886789362033e-20
1.642000000000000000e+03 6.477706489714399068e-19 8.183724564426667263e-19 2.432317277296104466e-20 5.102271054640541215e-18 3.694945513567672261e-19 2.137613473767927115e-20
1.652000000000000000e+03 6.399044063305025007e-19 8.046009432142272721e-19 2.366127329382432622e-20 5.048516224214193810e-18 3.581433390713267549e-19 2.080775967730170711e-20
1.662000000000000000e+03 6.320460677737304750e-19 7.910653629753756248e-19 2.302055000031665215e-20 4.995317315016593430e-18 3.470818517819844453e-19 2.025641292370042806e-20
1.672000000000000000e+03 6.242103690583776226e-19 7.777792361708210666e-19 2.240039271756118272e-20 4.942131903165424005e-18 3.363209616148790327e-19 1.972172550818462758e-20
1.682000000000000000e+03 6.164146419108783781e-19 7.647570298598486472e-19 2.180030473706060244e-20 4.888524121646102199e-18 3.258729460551633477e-19 1.920342309509600751e-20
1.692000000000000000e+03 6.086776799798841278e-19 7.520130725994150452e-19 2.121958751784333051e-20 4.834198640427829137e-18 3.157494779082010464e-19 1.870107335054177721e-20
1.702000000000000000e+03 6.010186657394354844e-19 7.395610313024725420e-19 2.065776984547554955e-20 4.779016450573916312e-18 3.059612697629622335e-19 1.821441640098139180e-20
1.712000000000000000e+03 5.934561846644617899e-19 7.274131659719084655e-19 2.011436814606111359e-20 4.722993120237199040e-18 2.965164490920859461e-19 1.774317194560877023e-20
1.722000000000000000e+03 5.860073516643705116e-19 7.155797478587370631e-19 1.958869397710827718e-20 4.666278171867631208e-18 2.874207158832255003e-19 1.728688821765236072e-20
1.732000000000000000e+03 5.786871002115255311e-19 7.040688312789692266e-19 1.908026948249368885e-20 4.609125969170425288e-18 2.786764231312141301e-19 1.684526054559097336e-20
1.742000000000000000e+03 5.715076632324990444e-19 6.928857925553726179e-19 1.858845506657118109e-20 4.551855671007212243e-18 2.702838045899283603e-19 1.641784471985512544e-20
1.752000000000000000e+03 5.644783056545355186e-19 6.820336904014394931e-19 1.811269478085656958e-20 4.494814503229782210e-18 2.622383208522012535e-19 1.600423777659472462e-20
1.762000000000000000e+03 5.576052322172452367e-19 6.715115885294981433e-19 1.765234946262487551e-20 4.438341678652977404e-18 2.545346022091450809e-19 1.560396091904813620e-20
1.772000000000000000e+03 5.508917085371279814e-19 6.613157269594524940e-19 1.720675984813002157e-20 4.382740722289228012e-18 2.471634735886820698e-19 1.521649812743842571e-20
1.782000000000000000e+03 5.443383436906869192e-19 6.514403215900877557e-19 1.677548117474927734e-20 4.328264594728573686e-18 2.401135364463011885e-19 1.484148607678548480e-20
1.792000000000000000e+03 5.379433493413304633e-19 6.418765295547569591e-19 1.635786485019485031e-20 4.275100990439655998e-18 2.333698565857358484e-19 1.447838166639019397e-20
1.802000000000000000e+03 5.317028255684228713e-19 6.326128624260160055e-19 1.595328670266751946e-20 4.223374738584677915e-18 2.269159458498453851e-19 1.412664839010117406e-20
1.812000000000000000e+03 5.256110109857468225e-19 6.236356068898436714e-19 1.556120163063205559e-20 4.173157242165605819e-18 2.207329463980515869e-19 1.378579684938906604e-20
1.822000000000000000e+03 5.196604799659201646e-19 6.149289096547490832e-19 1.518103770073528623e-20 4.124475661435160660e-18 2.148016257932524408e-19 1.345531006493676320e-20
1.832000000000000000e+03 5.138423455239043493e-19 6.064751195829014270e-19 1.481220039198763399e-20 4.077324076725846254e-18 2.091018012829133448e-19 1.313464520574120356e-20
1.842000000000000000e+03 5.081465625544629981e-19 5.982565080388337824e-19 1.445428060119976161e-20 4.031685594379992816e-18 2.036125828069611337e-19 1.282339962584337090e-20
1.852000000000000000e+03 5.025621690240880613e-19 5.902533230668983478e-19 1.410669860372626620e-20 3.987533079337302625e-18 1.983134171989910964e-19 1.252103463189465489e-20
1.862000000000000000e+03 4.970777055708698483e-19 5.824457361963337167e-19 1.376909288510614045e-20 3.944841857787413430e-18 1.931854348352616797e-19 1.222718836390787404e-20
1.872000000000000000e+03 4.916815625357541173e-19 5.748135832540093790e-19 1.344100562879561330e-20 3.903584591696418585e-18 1.882115341252898750e-19 1.194142896067889156e-20
1.882000000000000000e+03 4.863624307416656058e-19 5.673371328662933368e-19 1.312203778429017985e-20 3.863732212627171261e-18 1.833763698355533722e-19 1.166337742376115538e-20
1.892000000000000000e+03 4.811096967093371536e-19 5.599977002988085428e-19 1.281186600556213008e-20 3.825244018302559428e-18 1.786666973155198957e-19 1.139272307405547746e-20
1.902000000000000000e+03 4.759138245721520219e-19 5.527778655750184430e-19 1.251015869524142837e-20 3.788056355809384041e-18 1.740710108172579833e-19 1.112915612314390257e-20
1.912000000000000000e+03 4.707667076041873063e-19 5.456619461523968619e-19 1.221663859850889046e-20 3.752078712873512025e-18 1.695803097732762355e-19 1.087242067720703282e-20
1.922000000000000000e+03 4.656619281183949855e-19 5.386363332794777019e-19 1.193107347078415171e-20 3.717180672994923950e-18 1.651872737856306245e-19 1.062230428666969865e-20
1.932000000000000000e+03 4.605949280235676785e-19 5.316897690614526342e-19 1.165323727048224943e-20 3.683189247098933231e-18 1.608878107490269008e-19 1.037861384765970360e-20
1.942000000000000000e+03 4.555630638218386486e-19 5.248139328769640830e-19 1.138292111952840004e-20 3.649896206914379522e-18 1.566783417221604655e-19 1.014117341577222199e-20
1.952000000000000000e+03 4.505656297468177334e-19 5.180021997203808781e-19 1.111992236847575305e-20 3.617072695235092352e-18 1.525585420419973466e-19 9.909826621806280710e-21
1.962000000000000000e+03 4.456036257279234456e-19 5.112503460519550074e-19 1.086396045853605046e-20 3.584477086527450357e-18 1.485290532973117922e-19 9.684360617552274493e-21
1.972000000000000000e+03 4.406796515352437207e-19 5.045578768646919701e-19 1.061503502909861638e-20 3.551884988310451061e-18 1.445920734779007438e-19 9.464793802631921780e-21
1.982000000000000000e+03 4.357975223506407893e-19 4.979262856269892351e-19 1.037301400164706030e-20 3.519108150414890576e-18 1.407498719661684220e-19 9.251041756853764191e-21
1.992000000000000000e+03 4.309618676153510937e-19 4.913591382457828757e-19 1.013770834128220856e-20 3.485999265708276512e-18 1.370052178075162597e-19 9.042978131136153905e-21
2.002000000000000000e+03 4.261778089997002215e-19 4.848618834363516603e-19 9.908940314715810257e-21 3.452475396699505268e-18 1.333609075016879605e-19 8.840486799173041482e-21
2.012000000000000000e+03 4.214505319622995661e-19 4.784416988594863504e-19 9.686649861678977630e-21 3.418510791440700015e-18 1.298189991726080423e-19 8.643542865230922259e-21
2.022000000000000000e+03 4.167849783869989639e-19 4.721067074627100971e-19 9.470589635993543658e-21 3.384139989168737246e-18 1.263817778412733058e-19 8.451973719191428608e-21
2.032000000000000000e+03 4.121856139280040555e-19 4.658659893709453616e-19 9.260722967167672051e-21 3.349449745521244567e-18 1.230505586456996998e-19 8.265770382716022788e-21
2.042000000000000000e+03 4.076561487494713036e-19 4.597294926856849535e-19 9.056722439454703781e-21 3.314553423233585704e-18 1.198261754528537303e-19 8.084689932012226800e-21
2.052000000000000000e+03 4.031995435295369613e-19 4.537071484578279060e-19 8.858591859895430985e-21 3.279598012775843945e-18 1.167090532889391903e-19 7.908751005684206795e-21
2.062000000000000000e+03 3.988178570026788983e-19 4.478082154988873701e-19 8.666106424969782186e-21 3.244732358108687608e-18 1.136990127811847419e-19 7.737786426225823368e-21
2.072000000000000000e+03 3.945123409470468590e-19 4.420414243859860667e-19 8.479108103005275225e-21 3.210105015778630804e-18 1.107951809168393567e-19 7.571678134681881755e-21
2.082000000000000000e+03 3.902834411873298140e-19 4.364140984704554007e-19 8.297358387720699261e-21 3.175847634733772947e-18 1.079956601817950096e-19 7.410237828547027184e-21
2.092000000000000000e+03 3.861309747531837357e-19 4.309323665191213080e-19 8.120732661777724621e-21 3.142078593165479129e-18 1.052979057831583049e-19 7.253363763382836103e-21
2.102000000000000000e+03 3.820541466492155035e-19 4.256005427529320149e-19 7.949068320047266309e-21 3.108886131120538833e-18 1.026984678722590329e-19 7.100918118047210296e-21
2.112000000000000000e+03 3.780515980886752027e-19 4.204205084966102580e-19 7.782124488911548213e-21 3.076328996324753329e-18 1.001931137342963129e-19 6.952695167969927690e-21
2.122000000000000000e+03 3.741216024633433874e-19 4.153924743254517668e-19 7.619786162558510433e-21 3.044455233255153615e-18 9.777748661808955862e-20 6.808587709694627245e-21
2.132000000000000000e+03 3.702619230516179577e-19 4.105140718176694112e-19 7.461816216804058517e-21 3.013274636710378833e-18 9.544714212379910575e-20 6.668388948569518104e-21
2.142000000000000000e+03 3.664700592879409838e-19 4.057804303134864048e-19 7.308067370689399241e-21 2.982797175224364196e-18 9.319739016048867459e-20 6.531961290486554116e-21
2.152000000000000000e+03 3.627431711972709265e-19 4.011848405094263898e-19 7.158330090387755555e-21 2.953013360516943091e-18 9.102390230755292982e-20 6.399117996503194858e-21
2.162000000000000000e+03 3.590781243172352239e-19 3.967189673693721395e-19 7.012477342759634870e-21 2.923906136294183782e-18 8.892136206161408410e-20 6.269732357253372890e-21
2.172000000000000000e+03 3.554717456576054919e-19 3.923729027716560367e-19 6.870421456642562772e-21 2.895472770431684198e-18 8.688481861613882632e-20 6.143710175734345984e-21
2.182000000000000000e+03 3.519206039016960397e-19 3.881344550665391616e-19 6.731943176291811357e-21 2.867689817873607460e-18 8.490916348842087833e-20 6.020850152035036057e-21
2.192000000000000000e+03 3.484214212393619651e-19 3.839907125722636038e-19 6.596926279471268472e-21 2.840554026084367849e-18 8.298996229533007188e-20 5.901036366305964606e-21
2.202000000000000000e+03 3.449711598694068048e-19 3.799297824576855223e-19 6.465363302806092885e-21 2.814059158938822641e-18 8.112259073616989152e-20 5.784239024023384323e-21
2.212000000000000000e+03 3.415666974506002317e-19 3.759363726510571348e-19 6.336956146934034093e-21 2.788183528817155395e-18 7.930342860697387592e-20 5.670199709173904546e-21
2.222000000000000000e+03 3.382055917320138527e-19 3.719986382554448894e-19 6.211768400960257674e-21 2.762911125838155380e-18 7.752907408125297507e-20 5.558951455179157407e-21
2.232000000000000000e+03 3.348855047472572166e-19 3.681034315904299004e-19 6.089600696571713985e-21 2.738213829227047941e-18 7.579645776465030079e-20 5.450318007176450481e-21
2.242000000000000000e+03 3.316048111444079119e-19 3.642402118838199373e-19 5.970454834706054496e-21 2.714056034740334919e-18 7.410266045039223658e-20 5.344285552590118628e-21
2.252000000000000000e+03 3.283621803195082425e-19 3.603989458060088321e-19 5.854191481812330610e-21 2.690384235364384125e-18 7.244576254161901477e-20 5.240732364409104987e-21
2.262000000000000000e+03 3.251569006303507861e-19 3.565723350639422384e-19 5.740836731265661559e-21 2.667144391662404347e-18 7.082457470654083472e-20 5.139673719123578582e-21
2.272000000000000000e+03 3.219883739999542745e-19 3.527536440912173006e-19 5.630181326532099792e-21 2.644256689391170104e-18 6.923835888454654545e-20 5.040938622498272962e-21
2.282000000000000000e+03 3.188566370616026248e-19 3.489398478589777269e-19 5.522258728496798226e-21 2.621652347242041278e-18 6.768686856231202269e-20 4.944554134927268046e-21
2.292000000000000000e+03 3.157620911406992708e-19 3.451300401560928855e-19 5.417041675273423657e-21 2.599265123851384230e-18 6.616996281134073608e-20 4.850499706916973103e-21
2.302000000000000000e+03 3.127052112181141326e-19 3.413248975059973380e-19 5.314436541842398078e-21 2.577034903842563875e-18 6.468783423694597414e-20 4.758703680279354895e-21
2.312000000000000000e+03 3.096866757438686992e-19 3.375275640167488057e-19 5.214369588161625006e-21 2.554909523530033459e-18 6.324065391079981199e-20 4.669110749261458235e-21
2.322000000000000000e+03 3.067071745933498838e-19 3.337431899716048402e-19 5.116799124573542516e-21 2.532849418703456218e-18 6.182916089715309841e-20 4.581694810641373844e-21
2.332000000000000000e+03 3.037675221760222182e-19 3.299788704124698629e-19 5.021694249406307813e-21 2.510846820201313257e-18 6.045346058433581458e-20 4.496435441422894084e-21
2.342000000000000000e+03 3.008683251287687271e-19 3.262419821636638836e-19 4.928884348399749465e-21 2.488893710097730102e-18 5.911444189490837818e-20 4.413204510573506037e-21
2.352000000000000000e+03 2.980100181568062915e-19 3.225425521286836508e-19 4.838410859326132021e-21 2.467007646886496672e-18 5.781269265511486905e-20 4.332042809909927331e-21
2.362000000000000000e+03 2.951931546894995146e-19 3.188911799553401395e-19 4.750252783290047386e-21 2.445217082709519908e-18 5.654887352081109575e-20 4.252941646645369965e-21
2.372000000000000000e+03 2.924178358320288305e-19 3.152977110833212250e-19 4.664286500484465413e-21 2.423557249866796161e-18 5.532290704975048026e-20 4.175805681697141684e-21
2.382000000000000000e+03 2.896840678457182998e-19 3.117722238258467080e-19 4.580448689447139667e-21 2.402065656207362195e-18 5.413465203280296270e-20 4.100587502974388363e-21
2.392000000000000000e+03 2.869916946513897034e-19 3.083245950694732963e-19 4.498702113617348470e-21 2.380786400302985461e-18 5.298320017948341600e-20 4.027256036527545308e-21
2.402000000000000000e+03 2.843403373480435701e-19 3.049627448308565582e-19 4.418961373936466841e-21 2.359745034698566759e-18 5.186776637388456363e-20 3.955741694374515905e-21
2.412000000000000000e+03 2.817296399189463879e-19 3.016933317280189146e-19 4.341170307803566474e-21 2.338991510991170821e-18 5.078714562952902843e-20 3.885995563427465580e-21
2.422000000000000000e+03 2.791590295254393635e-19 2.985218998915194036e-19 4.265252443762429676e-21 2.318536116915205241e-18 4.973953448535498974e-20 3.817948381043522721e-21
2.432000000000000000e+03 2.766277806496585562e-19 2.954500767606276251e-19 4.191107569130807498e-21 2.298396820006268193e-18 4.872283600827635642e-20 3.751509200064979734e-21
2.442000000000000000e+03 2.741353844447520844e-19 2.924802974343014646e-19 4.118756021045160144e-21 2.278595203047053965e-18 4.773530408453082432e-20 3.686685644147943122e-21
2.452000000000000000e+03 2.716810286703884236e-19 2.896103622298097188e-19 4.048098248301765891e-21 2.259130714961318661e-18 4.677524749694387665e-20 3.623388527130400102e-21
2.462000000000000000e+03 2.692637771224749170e-19 2.868359934201837359e-19 3.979042019331730792e-21 2.240001790237649997e-18 4.584102702032377994e-20 3.561534318375128100e-21
2.472000000000000000e+03 2.668827183668049048e-19 2.841513292197102781e-19 3.911533686956885919e-21 2.221207432284171010e-18 4.493102606525359290e-20 3.501070151663376956e-21
2.482000000000000000e+03 2.645372773064636967e-19 2.815511584525724187e-19 3.845592448528917303e-21 2.202755817632504349e-18 4.404358087045897816e-20 3.442001271899583011e-21
2.492000000000000000e+03 2.622262314398054042e-19 2.790237315773944621e-19 3.781088462344551093e-21 2.184629648739105992e-18 4.317708752694914664e-20 3.384212606612110444e-21
2.502000000000000000e+03 2.599487385969726623e-19 2.765598428316159182e-19 3.718023577792054611e-21 2.166829473335439584e-18 4.232989304075590663e-20 3.327694677530957454e-21
2.512000000000000000e+03 2.577039019029494853e-19 2.741488105262208588e-19 3.656353022703451619e-21 2.149343071752087396e-18 4.150106989686868843e-20 3.272404795693379173e-21
2.522000000000000000e+03 2.554906944109428109e-19 2.717792057089015098e-19 3.596020715794767970e-21 2.132154318227881446e-18 4.068923738901149138e-20 3.218288239033173145e-21
2.532000000000000000e+03 2.533083530332905311e-19 2.694393367074248085e-19 3.536993652442476236e-21 2.115262856969009029e-18 3.989403502052503993e-20 3.165315158024530163e-21
2.542000000000000000e+03 2.511557540157047129e-19 2.671176164694955156e-19 3.479144682253946295e-21 2.098632699564417557e-18 3.911503989047418785e-20 3.113379868085137436e-21
2.552000000000000000e+03 2.490325754511548477e-19 2.648071134923603090e-19 3.422611796392013000e-21 2.082269488029846530e-18 3.835226975320565281e-20 3.062592725869305707e-21
2.562000000000000000e+03 2.469380870338516936e-19 2.624982076633848554e-19 3.367334880877203389e-21 2.066152379240663328e-18 3.760546467268280027e-20 3.012903244148132330e-21
2.572000000000000000e+03 2.448711962391412192e-19 2.601832542629794506e-19 3.313247118837806110e-21 2.050237332752257754e-18 3.687457197463610383e-20 2.964257131912045327e-21
2.582000000000000000e+03 2.428317295568003870e-19 2.578575961565627963e-19 3.260352623830969626e-21 2.034517822746758224e-18 3.615966795859703411e-20 2.916658392410801604e-21
2.592000000000000000e+03 2.408196446935666521e-19 2.555190457147295015e-19 3.208629507191657342e-21 2.018977979120822601e-18 3.546044844068777769e-20 2.870088085942391926e-21
2.602000000000000000e+03 2.388337539403067504e-19 2.531648412728484444e-19 3.158012019468503775e-21 2.003565287730454707e-18 3.477700310707161885e-20 2.824494452569265569e-21
2.612000000000000000e+03 2.368742043091420604e-19 2.507973879989967299e-19 3.108543776523951144e-21 1.988272117151470298e-18 3.410908789718608018e-20 2.779911981251228056e-21
2.622000000000000000e+03 2.349402833294148867e-19 2.484178280276334563e-19 3.060108014888548632e-21 1.973092334540638028e-18 3.345686656755901863e-20 2.736249293531182359e-21
2.632000000000000000e+03 2.330326138916561673e-19 2.460339553092631541e-19 3.012816204151289515e-21 1.958029965614840714e-18 3.282042877238207769e-20 2.693598063184024818e-21
2.642000000000000000e+03 2.311503086256920595e-19 2.436504104255073062e-19 2.966559208659736052e-21 1.943052145792901048e-18 3.219992124932359005e-20 2.651873295144465459e-21
2.652000000000000000e+03 2.292933113790332232e-19 2.412755942116725554e-19 2.921339241762807184e-21 1.928185074781040061e-18 3.159547135529768693e-20 2.611079584819888396e-21
2.662000000000000000e+03 2.274612319547066811e-19 2.389182085344805108e-19 2.877114035345520259e-21 1.913416062090757721e-18 3.100701214509599611e-20 2.571184569674413094e-21
2.672000000000000000e+03 2.256538107360194789e-19 2.365878190306418046e-19 2.833866472392308984e-21 1.898746897229275426e-18 3.043426746941700124e-20 2.532174654989166415e-21
2.682000000000000000e+03 2.238711018385232510e-19 2.342942838024575142e-19 2.791579912243134870e-21 1.884214034452156178e-18 2.987685732780998526e-20 2.494035963355108305e-21
2.692000000000000000e+03 2.221131619459857536e-19 2.320481475259835268e-19 2.750237361110268025e-21 1.869829546381753795e-18 2.933414117257874258e-20 2.456752446858209233e-21
2.702000000000000000e+03 2.203794081374816790e-19 2.298578636221720461e-19 2.709829053128566302e-21 1.855605953864236602e-18 2.880586709729329293e-20 2.420316116726980658e-21
2.712000000000000000e+03 2.186694317683985734e-19 2.277308786350540523e-19 2.670303056216583631e-21 1.841543998522450311e-18 2.829120713630503280e-20 2.384681091303981270e-21
2.722000000000000000e+03 2.169832399257886611e-19 2.256718261889613193e-19 2.631613001404458220e-21 1.827662102933261027e-18 2.778994189346947173e-20 2.349809923992970741e-21
2.732000000000000000e+03 2.153204160506732178e-19 2.236810714867171185e-19 2.593718073261774038e-21 1.813963858496250873e-18 2.730185156508186193e-20 2.315669049193729633e-21
2.742000000000000000e+03 2.136802480039146434e-19 2.217681742899145604e-19 2.556643663003598045e-21 1.800446273055063754e-18 2.682667189420035606e-20 2.282278273883906994e-21
2.752000000000000000e+03 2.120636308037580401e-19 2.199368866198299282e-19 2.520417623646261077e-21 1.787140809023166934e-18 2.636399043075415022e-20 2.249657813484322435e-21
2.762000000000000000e+03 2.104695692733930948e-19 2.181816342960944846e-19 2.484944114918885244e-21 1.774020806723055945e-18 2.591321949131420054e-20 2.217726702694403912e-21
2.772000000000000000e+03 2.088972617350918609e-19 2.164953568883821996e-19 2.450187490095374833e-21 1.761081318044134266e-18 2.547394081696011188e-20 2.186453078691599685e-21
2.782000000000000000e+03 2.073477712347860347e-19 2.148817954337166153e-19 2.416230937014838064e-21 1.748355151351358532e-18 2.504549003164060905e-20 2.155899214115711569e-21
2.792000000000000000e+03 2.058189428153551015e-19 2.133247586673894773e-19 2.382930478240292060e-21 1.735791991794102556e-18 2.462752148778656101e-20 2.125946305207166510e-21
2.802000000000000000e+03 2.043121086523004256e-19 2.118247303015597403e-19 2.350377533511349095e-21 1.723446415017611699e-18 2.421938011335522926e-20 2.096662864238512399e-21
2.812000000000000000e+03 2.028253503661849998e-19 2.103646387647670691e-19 2.318452013647010357e-21 1.711233080935956622e-18 2.382027832752546371e-20 2.067945712130195231e-21
2.822000000000000000e+03 2.013588052123658783e-19 2.089391401539704589e-19 2.287215605362200987e-21 1.699205297293065723e-18 2.342916837234472921e-20 2.039835880754086088e-21
2.832000000000000000e+03 1.999130927646898381e-19 2.075379494812531038e-19 2.256631528767937658e-21 1.687367208948143773e-18 2.304543213890156934e-20 2.012298694061775921e-21
2.842000000000000000e+03 1.984874697491694421e-19 2.061525212015643937e-19 2.226711421181544451e-21 1.675703652885335161e-18 2.266860423408053539e-20 1.985339107768376351e-21
2.852000000000000000e+03 1.970794056908209357e-19 2.047692616964172653e-19 2.197384117506864447e-21 1.664182614028404067e-18 2.229829661186567851e-20 1.958896158967664393e-21
2.862000000000000000e+03 1.956896682250274342e-19 2.033839891130430477e-19 2.168656616596279631e-21 1.652790493060429323e-18 2.193420456399120504e-20 1.932972900071588463e-21
2.872000000000000000e+03 1.943196539594660306e-19 2.019921542977990137e-19 2.140579789106350748e-21 1.641582593943063468e-18 2.157603117889321512e-20 1.907607351287686888e-21
2.882000000000000000e+03 1.929664306350976257e-19 2.005824214526040595e-19 2.113048759076021032e-21 1.630512762590157114e-18 2.122352558452648140e-20 1.882712985094033995e-21
2.892000000000000000e+03 1.916317144683442644e-19 1.991561934631129271e-19 2.086115964119560217e-21 1.619597981410753779e-18 2.087667811807860996e-20 1.858331776856634284e-21
2.902000000000000000e+03 1.903129828855795284e-19 1.977099104286952977e-19 2.059750560054734321e-21 1.608773448923627685e-18 2.053601140350811727e-20 1.834442861858153371e-21
2.912000000000000000e+03 1.890114785848222421e-19 1.962420225169347818e-19 2.033900760793529637e-21 1.598095253988037967e-18 2.020201620962620849e-20 1.811009364141951061e-21
2.922000000000000000e+03 1.877270712821141824e-19 1.947552487549178062e-19 2.008554588934722686e-21 1.587555221798936791e-18 1.987563475916478481e-20 1.788029939817895890e-21
2.932000000000000000e+03 1.864580691043091113e-19 1.932516350944451935e-19 1.983687670993627064e-21 1.577096863297626198e-18 1.955722691755093088e-20 1.765488646599905487e-21
2.942000000000000000e+03 1.852061019683347542e-19 1.917391887179998577e-19 1.959371454420941341e-21 1.566781269782457244e-18 1.924735583074716155e-20 1.743448129833680180e-21
2.952000000000000000e+03 1.839680033383596755e-19 1.902208506086168694e-19 1.935521120103568275e-21 1.556547043869581780e-18 1.894631205063745813e-20 1.721844118129946339e-21
2.962000000000000000e+03 1.827475239524553105e-19 1.887080982209071231e-19 1.912170841675628232e-21 1.546460069312831348e-18 1.865447901766517287e-20 1.700708874904636363e-21
2.972000000000000000e+03 1.815416954531361775e-19 1.872063450166753254e-19 1.889269976917143930e-21 1.536499108825642924e-18 1.837166944756855579e-20 1.680001632796938874e-21
2.982000000000000000e+03 1.803510258214405552e-19 1.857253685500513599e-19 1.866779671742546322e-21 1.526646180861384494e-18 1.809791094354867423e-20 1.659693410161090384e-21
2.992000000000000000e+03 1.791771054113522353e-19 1.842749815688240015e-19 1.844725327459685206e-21 1.516925055628804644e-18 1.783277369264755582e-20 1.639802278197731920e-21
3.002000000000000000e+03 1.780165600661507768e-19 1.828634597306980612e-19 1.823074248729056135e-21 1.507341971385524712e-18 1.757549559123570109e-20 1.620296884309026313e-21
3.012000000000000000e+03 1.768721794019478223e-19 1.814994679304211154e-19 1.801818852992823313e-21 1.497906544331233843e-18 1.732495230356269613e-20 1.601163030239418763e-21
3.022000000000000000e+03 1.757432841809061557e-19 1.801891064138717168e-19 1.780938723993128001e-21 1.488616909194837787e-18 1.708031085258466355e-20 1.582378172730171475e-21
3.032000000000000000e+03 1.746311741339163140e-19 1.789411725266566157e-19 1.760466924701112744e-21 1.479490243703996968e-18 1.684090172743239050e-20 1.563963636498303000e-21
3.042000000000000000e+03 1.735326262479886328e-19 1.777524336997519446e-19 1.740292504242566596e-21 1.470493714299213771e-18 1.660608491109026963e-20 1.545825881151161528e-21
3.052000000000000000e+03 1.724494001946483173e-19 1.766290535085074583e-19 1.720468730146928846e-21 1.461635499085342542e-18 1.637533042094544452e-20 1.528003011619765940e-21
3.062000000000000000e+03 1.713824761063109494e-19 1.755746510019604557e-19 1.701041375178212090e-21 1.452964982115750244e-18 1.614805290625359494e-20 1.510526372296702097e-21
3.072000000000000000e+03 1.703303116350381672e-19 1.745776832058784719e-19 1.681904126249709332e-21 1.444403220771110281e-18 1.592374453363554095e-20 1.493306494251390093e-21
3.082000000000000000e+03 1.692946193092556150e-19 1.736423022811772368e-19 1.663117720184203052e-21 1.435990325752856194e-18 1.570193979989685834e-20 1.476387491886404351e-21
3.092000000000000000e+03 1.682736069439560780e-19 1.727559506599779853e-19 1.644650213327130679e-21 1.427704304705060508e-18 1.548263425222507341e-20 1.459742865987097762e-21
3.102000000000000000e+03 1.672684411010769853e-19 1.719167255932775936e-19 1.626519863837793298e-21 1.419579224633981012e-18 1.526556242957788272e-20 1.443384423415997122e-21
3.112000000000000000e+03 1.662787591659778326e-19 1.711085547650611221e-19 1.608681434146988950e-21 1.411545465008673332e-18 1.505119536627777227e-20 1.427279322575652309e-21
3.122000000000000000e+03 1.653001492958816904e-19 1.703234450183376709e-19 1.591113420560585485e-21 1.403554900041306548e-18 1.483990199533577336e-20 1.411412966102558884e-21
3.132000000000000000e+03 1.643388266924320191e-19 1.695624483429388491e-19 1.573908865200447384e-21 1.395730476689990089e-18 1.463221863527189655e-20 1.395864078386606376e-21
3.142000000000000000e+03 1.633917391874261619e-19 1.688135239518219758e-19 1.557031264332626922e-21 1.388010158302783199e-18 1.442826749383148511e-20 1.380603990607072087e-21
3.152000000000000000e+03 1.624575552598415851e-19 1.680659155820223386e-19 1.540463226956078526e-21 1.380378017622872344e-18 1.422820281523238439e-20 1.365619733059840607e-21
3.162000000000000000e+03 1.615380456709012842e-19 1.673141708021890433e-19 1.524216992507997011e-21 1.372835405074013142e-18 1.403182127607749997e-20 1.350918979544071933e-21
3.172000000000000000e+03 1.606323433682292766e-19 1.665477795052561440e-19 1.508288661255018774e-21 1.365403325449666649e-18 1.383914944159937283e-20 1.336498337535501192e-21
3.182000000000000000e+03 1.597353194682163072e-19 1.657596553620470561e-19 1.492641259546852933e-21 1.358041359932632334e-18 1.365011601363157513e-20 1.322327453233129274e-21
3.192000000000000000e+03 1.588538865300934615e-19 1.649552409404912880e-19 1.477331565469520904e-21 1.350747492565340516e-18 1.346436073372955370e-20 1.308448501653782504e-21
3.202000000000000000e+03 1.579808013286288884e-19 1.641200697532681744e-19 1.462276602289581355e-21 1.343507703504871709e-18 1.328155291316644614e-20 1.294791954692300919e-21
3.212000000000000000e+03 1.571221164874701490e-19 1.632628314697707673e-19 1.447548795905698234e-21 1.336398557797897604e-18 1.310175440970642587e-20 1.281416317728704053e-21
3.222000000000000000e+03 1.562749803878649301e-19 1.623844696306095090e-19 1.433111865579151264e-21 1.329342982618518967e-18 1.292535315922785326e-20 1.268296746327939965e-21
3.232000000000000000e+03 1.554366911144978660e-19 1.614825770450540429e-19 1.418926347831720688e-21 1.322375822220680872e-18 1.275285528571722977e-20 1.255407120355481622e-21
3.242000000000000000e+03 1.546085749939638154e-19 1.605656535833033985e-19 1.405010586097396248e-21 1.315443191810532000e-18 1.258475588831181166e-20 1.242767475859459747e-21
3.252000000000000000e+03 1.537921725932281908e-19 1.596410979516302831e-19 1.391340042710677799e-21 1.308602183097936500e-18 1.242137326150661081e-20 1.230362698205427158e-21
3.262000000000000000e+03 1.529860478479426118e-19 1.587132239249769091e-19 1.377892576462555993e-21 1.301849235647896013e-18 1.226292094690791455e-20 1.218178178015616397e-21
3.272000000000000000e+03 1.521892197667547152e-19 1.577903400399061393e-19 1.364684513533636465e-21 1.295241550665101443e-18 1.210922635217449210e-20 1.206225908871553776e-21
3.282000000000000000e+03 1.514044926371381536e-19 1.568840834789918916e-19 1.351696033314416146e-21 1.288698666769381264e-18 1.196039050185763177e-20 1.194492609518233018e-21
3.292000000000000000e+03 1.506282166890632918e-19 1.560050865159828742e-19 1.338925606574769394e-21 1.282220382678331469e-18 1.181590869488783052e-20 1.182972827057123184e-21
3.302000000000000000e+03 1.498656173084967520e-19 1.551583421465491798e-19 1.326320530153840511e-21 1.275912505079202415e-18 1.167574979757502524e-20 1.171626135028801849e-21
3.312000000000000000e+03 1.491104554775948220e-19 1.543302147474093222e-19 1.313797137263437845e-21 1.269730378300452734e-18 1.153967683624788273e-20 1.160384011032546505e-21
3.322000000000000000e+03 1.483683918041609034e-19 1.535625547349893314e-19 1.301489814627232355e-21 1.263646914743840272e-18 1.140759121612356696e-20 1.149353286413402399e-21
3.332000000000000000e+03 1.476385889231731025e-19 1.528539459730201180e-19 1.289383923481549975e-21 1.257746466992284485e-18 1.127901158280072846e-20 1.138517757004276825e-21
3.342000000000000000e+03 1.469181126844975616e-19 1.522093656212545756e-19 1.277455485468813356e-21 1.251913500363969188e-18 1.115346489387026668e-20 1.127854020241022668e-21
3.352000000000000000e+03 1.462097791760508140e-19 1.516236056155578647e-19 1.265654190013796081e-21 1.246235961799931928e-18 1.103057795328754438e-20 1.117319062085894665e-21
3.362000000000000000e+03 1.455200572406375215e-19 1.511091489734964230e-19 1.254055425626264545e-21 1.240749830259113569e-18 1.090968170641353943e-20 1.106965861298507089e-21
3.372000000000000000e+03 1.448385984666109572e-19 1.506607001158612049e-19 1.242574630641057894e-21 1.235259713513874360e-18 1.079031189936112572e-20 1.096722626849030329e-21
3.382000000000000000e+03 1.441766724570016307e-19 1.502783851584457053e-19 1.231312141529022307e-21 1.229996805974737418e-18 1.067176160323701949e-20 1.086660931403510717e-21
3.392000000000000000e+03 1.435178860294697579e-19 1.499429326454182393e-19 1.220137020662219678e-21 1.224718400205419411e-18 1.055383336338614857e-20 1.076674427586886554e-21
3.402000000000000000e+03 1.428797176472164700e-19 1.496615757507292025e-19 1.209175422402661266e-21 1.219577149057602177e-18 1.043637358836956990e-20 1.066861058763466361e-21
3.412000000000000000e+03 1.422562713868557023e-19 1.494189728198348189e-19 1.198401639048609589e-21 1.214538516679358599e-18 1.031955618646551644e-20 1.057201254176509392e-21
3.422000000000000000e+03 1.416486993761907636e-19 1.492121142079602402e-19 1.187825390644251362e-21 1.209582078460750267e-18 1.020358816650802911e-20 1.047704459395864507e-21
3.432000000000000000e+03 1.410504842351231671e-19 1.490247684736272905e-19 1.177409841521509691e-21 1.204617815861881160e-18 1.008862542550475682e-20 1.038342289470546327e-21
3.442000000000000000e+03 1.404671912016010526e-19 1.488453078441573172e-19 1.167204591161410642e-21 1.199721681466859170e-18 9.974754423900783796e-21 1.029153939284069538e-21
3.452000000000000000e+03 1.398990873143615680e-19 1.486668054717670979e-19 1.157234443481214874e-21 1.194907608505342203e-18 9.861926461186422261e-21 1.020157758100746842e-21
3.462000000000000000e+03 1.393402971117194181e-19 1.484748161262850201e-19 1.147449372213138668e-21 1.190095082045708657e-18 9.749905624359202814e-21 1.011311178110604760e-21
3.472000000000000000e+03 1.387987004106726423e-19 1.482606024459654236e-19 1.137907265592211685e-21 1.185392967052600306e-18 9.638531495992831265e-21 1.002657402676015554e-21
3.482000000000000000e+03 1.382660088796748153e-19 1.480232186097293521e-19 1.128589370027014846e-21 1.180763431156252487e-18 9.527873072612030858e-21 9.941819242449477805e-22
3.492000000000000000e+03 1.377411361925911979e-19 1.477398567580212674e-19 1.119467002667989121e-21 1.176160122830902684e-18 9.418012175606133508e-21 9.858621065135213573e-22
3.502000000000000000e+03 1.372344952326316799e-19 1.474200437839481071e-19 1.110462988641241696e-21 1.171534781618178779e-18 9.309417854217855349e-21 9.776441096068008411e-22
3.512000000000000000e+03 1.367272123751711269e-19 1.470589561980078060e-19 1.101700010424217837e-21 1.166948929786849732e-18 9.202094909162225132e-21 9.696219581656849879e-22
3.522000000000000000e+03 1.362378058274299284e-19 1.466685599287965156e-19 1.093193235704708263e-21 1.162468317182807121e-18 9.096362555195552171e-21 9.618123447826847221e-22
3.532000000000000000e+03 1.357532524793026115e-19 1.462427377669285109e-19 1.084868719370662835e-21 1.158010111174794120e-18 8.992695108267074129e-21 9.541623392752889504e-22
3.542000000000000000e+03 1.352675870402839807e-19 1.457763375030336935e-19 1.076697014386664286e-21 1.153484638582454013e-18 8.891990379294397580e-21 9.466589244280541082e-22
3.552000000000000000e+03 1.348087034600623476e-19 1.453032076695405365e-19 1.068840200013243109e-21 1.149145039038987567e-18 8.795071241051194517e-21 9.394400409620938282e-22
3.562000000000000000e+03 1.343403225877567802e-19 1.447966534951863155e-19 1.061017015432216091e-21 1.144791145966879166e-18 8.703059641085275476e-21 9.322986936042010288e-22
3.572000000000000000e+03 1.338895537768216656e-19 1.442929054949033391e-19 1.053438121781058295e-21 1.140485207728538737e-18 8.616595880622987573e-21 9.254085758951739275e-22
3.582000000000000000e+03 1.334374475918385253e-19 1.437863403531265253e-19 1.045935929598495092e-21 1.136180209948530341e-18 8.535858771191188282e-21 9.186419546546804774e-22
3.592000000000000000e+03 1.329939136955363012e-19 1.432950508830624381e-19 1.038608842115562676e-21 1.131979415317410215e-18 8.460421141425051881e-21 9.120717492442719782e-22
3.602000000000000000e+03 1.325576240073554401e-19 1.428252085518167579e-19 1.031345380556110233e-21 1.127898308032967984e-18 8.389885238326208970e-21 9.056080303222252194e-22
3.612000000000000000e+03 1.321409853476534123e-19 1.423961498356658925e-19 1.024239167718245860e-21 1.124021196562362924e-18 8.323690018626828262e-21 8.993181906159017343e-22
3.622000000000000000e+03 1.317154804942387063e-19 1.420016338160151913e-19 1.017115946817811002e-21 1.120227779884166675e-18 8.261089804069806313e-21 8.930577192851536133e-22
3.632000000000000000e+03 1.312987697865793501e-19 1.416635287186094389e-19 1.010079808754375374e-21 1.116445967350193992e-18 8.201211718145285336e-21 8.868983907838934173e-22
3.642000000000000000e+03 1.309030828727061082e-19 1.413897037003918122e-19 1.003137406629672494e-21 1.112994373698005704e-18 8.143030076256612726e-21 8.808343960308249084e-22
3.652000000000000000e+03 1.305152003551598773e-19 1.411779164244610877e-19 9.962445799460908630e-22 1.109696198412814018e-18 8.085520504544826875e-21 8.748188444078674051e-22
3.662000000000000000e+03 1.301347965133530103e-19 1.410321791037093798e-19 9.893687556288020473e-22 1.106620465924285718e-18 8.027680682781090545e-21 8.688149878744570268e-22
3.672000000000000000e+03 1.297658655221228503e-19 1.409529880737229119e-19 9.825494429444668718e-22 1.103661302652515336e-18 7.968892789088031177e-21 8.628460767716626134e-22
3.682000000000000000e+03 1.294143553410816948e-19 1.409396982172455808e-19 9.757883924495452732e-22 1.100854759305923232e-18 7.908493591853185314e-21 8.569057964737281874e-22
3.692000000000000000e+03 1.290712875032083700e-19 1.409426213375857250e-19 9.689749224552253753e-22 1.098247652498566139e-18 7.846632280157972278e-21 8.509081710730781518e-22
3.702000000000000000e+03 1.287423868860811414e-19 1.410092963223780892e-19 9.622419575888042171e-22 1.095803388186306984e-18 7.783581485503810311e-21 8.449607185713922012e-22
3.712000000000000000e+03 1.284321124691180374e-19 1.411361871089221037e-19 9.556144632093759351e-22 1.093446972906003933e-18 7.719844726293471827e-21 8.390884240652048953e-22
3.722000000000000000e+03 1.281365566382816597e-19 1.412976938357396763e-19 9.490463399274869799e-22 1.091196083002574385e-18 7.655732847863860834e-21 8.332581652805380388e-22
3.732000000000000000e+03 1.278481060203229622e-19 1.414829409015433338e-19 9.425500080614065668e-22 1.088902918776630863e-18 7.591661935434139006e-21 8.274835385213225110e-22
3.742000000000000000e+03 1.275790377434033657e-19 1.416891046333466162e-19 9.361784629160324483e-22 1.086825227271894908e-18 7.527836750205139522e-21 8.218083021993936557e-22
3.752000000000000000e+03 1.273260826710601989e-19 1.418980492357139806e-19 9.299046494410186421e-22 1.084736625766537381e-18 7.464636179695511587e-21 8.162151779603126897e-22
3.762000000000000000e+03 1.270861960796130324e-19 1.420891034574921297e-19 9.237535072120394286e-22 1.082641260558389580e-18 7.402176139971063771e-21 8.107239614321485488e-22
3.772000000000000000e+03 1.268619609924401819e-19 1.422637112081101684e-19 9.177457930094321477e-22 1.080727393140102147e-18 7.340202154906539430e-21 8.053478531539774987e-22
3.782000000000000000e+03 1.266327545711132671e-19 1.423887763042678238e-19 9.118290304993780774e-22 1.078587935783730063e-18 7.278239721876446121e-21 8.000385965090466904e-22
3.792000000000000000e+03 1.264342535155721239e-19 1.424828704639801913e-19 9.061068774463408208e-22 1.076559989459725720e-18 7.216087542955285370e-21 7.948756968684653294e-22
3.802000000000000000e+03 1.262441821127603031e-19 1.425244610760966347e-19 9.005525842441941138e-22 1.074654236839784561e-18 7.153663119267648488e-21 7.898358375643965911e-22
3.812000000000000000e+03 1.260596069537850304e-19 1.425119257737424823e-19 8.951117124755423232e-22 1.072582396948889994e-18 7.090947350448663151e-21 7.848764280479659423e-22
3.822000000000000000e+03 1.258684874668372737e-19 1.424372210613792469e-19 8.898029954075579827e-22 1.070542138895079232e-18 7.027993718023678982e-21 7.800117716310499309e-22
3.832000000000000000e+03 1.257077450283751958e-19 1.423285984870868266e-19 8.847214824176282981e-22 1.068654523477698284e-18 6.964952249073022590e-21 7.753188526388297863e-22
3.842000000000000000e+03 1.255390760198726168e-19 1.421609588355649814e-19 8.797283455703534199e-22 1.066654377783816953e-18 6.902296753981009645e-21 7.706943251308960289e-22
3.852000000000000000e+03 1.253759087074923751e-19 1.419581852703267501e-19 8.748703638928467758e-22 1.064517285880704886e-18 6.840640696622502700e-21 7.661829167423142988e-22
3.862000000000000000e+03 1.252242284724274855e-19 1.417256168619760327e-19 8.701390123558402993e-22 1.062494651474624817e-18 6.781162324136275850e-21 7.617934705807671377e-22
3.872000000000000000e+03 1.250656416065836657e-19 1.414755651726141318e-19 8.655309655035288033e-22 1.060522565544037357e-18 6.724710636539418417e-21 7.575341275212395478e-22
3.882000000000000000e+03 1.249128533565749815e-19 1.412132001243556458e-19 8.609631472494824785e-22 1.058502112769157819e-18 6.672453736263939544e-21 7.533571813370804498e-22
3.892000000000000000e+03 1.247598161676661407e-19 1.409340461957902039e-19 8.562934439213100789e-22 1.056396808154125343e-18 6.625058305430580084e-21 7.491626833308208675e-22
3.902000000000000000e+03 1.246233369420257002e-19 1.406848255521308241e-19 8.518134116887318736e-22 1.054557094105166768e-18 6.582807947466749340e-21 7.451801328898242626e-22
3.912000000000000000e+03 1.244856536991187298e-19 1.404705987228340292e-19 8.474138848330681907e-22 1.052711738393407297e-18 6.545268002778329426e-21 7.413200954739179942e-22
3.922000000000000000e+03 1.243466536240625129e-19 1.403002230891985749e-19 8.430538354988530676e-22 1.051122173748811267e-18 6.511726478026410757e-21 7.375425681140007372e-22
3.932000000000000000e+03 1.242176282627997192e-19 1.401921803538182299e-19 8.387125942636998831e-22 1.049387832434759915e-18 6.481358091033607185e-21 7.338218409386712956e-22
3.942000000000000000e+03 1.241053938400617649e-19 1.401414914405629855e-19 8.344002001491547457e-22 1.048056919687917082e-18 6.452958839421407296e-21 7.301504192793473488e-22
3.952000000000000000e+03 1.239839425130457529e-19 1.401685528030976432e-19 8.300543311512213938e-22 1.046858615644400833e-18 6.425452925900275677e-21 7.264661990810075620e-22
3.962000000000000000e+03 1.238908534842943197e-19 1.402757253084327438e-19 8.257561118231312497e-22 1.045779159722474098e-18 6.397448620232489184e-21 7.228147745030440284e-22
3.972000000000000000e+03 1.237842887409769932e-19 1.404457931406311764e-19 8.213555598581486081e-22 1.044734086756199167e-18 6.368064831285587567e-21 7.190680131807907813e-22
3.982000000000000000e+03 1.237083435978553713e-19 1.407102682328608321e-19 8.170574924613693568e-22 1.044138695233909289e-18 6.336668090164837098e-21 7.153772867697696116e-22
3.992000000000000000e+03 1.236523783015943879e-19 1.410436454555097419e-19 8.127303487720985735e-22 1.043491084983573206e-18 6.303029348371071749e-21 7.116375167054572285e-22
4.002000000000000000e+03 1.236026418881276274e-19 1.414449002907092614e-19 8.084434060242890749e-22 1.042936486067877237e-18 6.267188290121660756e-21 7.079017978333700137e-22
4.012000000000000000e+03 1.235700705947754600e-19 1.419070739519686908e-19 8.041792776498881746e-22 1.042492514421691064e-18 6.229370357523058584e-21 7.041597153967236541e-22
4.022000000000000000e+03 1.235573980846300044e-19 1.424110919641185630e-19 7.999660093466411731e-22 1.042046081162615792e-18 6.189905754718795041e-21 7.004363658626915080e-22
4.032000000000000000e+03 1.235612633986730103e-19 1.429447301438929658e-19 7.958175425570308605e-22 1.041539114885168052e-18 6.149249111795668858e-21 6.967476326049177694e-22
4.042000000000000000e+03 1.235817488158726809e-19 1.435019381793298169e-19 7.917745164135452657e-22 1.041177849760714571e-18 6.107797151101605461e-21 6.931295232220230475e-22
4.052000000000000000e+03 1.236241138825533439e-19 1.440634007253082674e-19 7.878794530880414622e-22 1.040693362524047626e-18 6.066289931723876868e-21 6.896235819153224946e-22
4.062000000000000000e+03 1.236977399594919128e-19 1.446064594290210497e-19 7.841169703574137549e-22 1.040438452003159864e-18 6.025142167390440250e-21 6.862232075886173591e-22
4.072000000000000000e+03 1.237670346602859037e-19 1.451046632114523819e-19 7.804528211062529703e-22 1.039933612324824586e-18 5.985184569614793306e-21 6.829110583085481288e-22
4.082000000000000000e+03 1.238610102391914000e-19 1.454928520879370728e-19 7.767810042327711319e-22 1.039591479963563893e-18 5.947073860092931860e-21 6.796143527828616843e-22
4.092000000000000000e+03 1.239518088824889080e-19 1.458623821974123716e-19 7.733451893321556064e-22 1.039094319588716329e-18 5.911169767945645789e-21 6.765255916239985035e-22
4.102000000000000000e+03 1.240782473961173697e-19 1.461951703376659399e-19 7.702072050363963440e-22 1.038878533668387005e-18 5.877313159306217901e-21 6.736910781735555865e-22
4.112000000000000000e+03 1.242194597582399536e-19 1.464538448566314017e-19 7.672528334346671449e-22 1.038636513378330322e-18 5.844954182378426875e-21 6.710147403927249172e-22
4.122000000000000000e+03 1.243200584707967882e-19 1.466250225549220248e-19 7.644415348540006904e-22 1.038136816469361188e-18 5.813439195829232666e-21 6.684550661504322163e-22
4.132000000000000000e+03 1.244835520702396793e-19 1.467391966435115560e-19 7.619563131796616805e-22 1.037982010751807162e-18 5.781824489215982984e-21 6.661433460463328107e-22
4.142000000000000000e+03 1.246093489574764366e-19 1.467691527612257146e-19 7.595931057519504503e-22 1.037532588613356379e-18 5.749558886728358417e-21 6.639123068897703980e-22
4.152000000000000000e+03 1.247757019912026537e-19 1.467415484350744369e-19 7.575262534464796572e-22 1.037278694441489250e-18 5.716250916778513924e-21 6.618925493522905992e-22
4.162000000000000000e+03 1.248996886720872741e-19 1.466476842991990948e-19 7.555840698475738696e-22 1.036851931596116175e-18 5.682273263729172000e-21 6.599547873865893014e-22
4.172000000000000000e+03 1.250450555432293187e-19 1.465178158558101454e-19 7.538537036857015166e-22 1.036227564903691774e-18 5.648778935863508315e-21 6.581831242417593067e-22
4.182000000000000000e+03 1.251906493667098910e-19 1.463447147903996157e-19 7.522279304764355774e-22 1.035799247078434656e-18 5.617966030153092201e-21 6.565250615083813618e-22
4.192000000000000000e+03 1.253385208672935281e-19 1.461580064497450167e-19 7.507932068773515748e-22 1.035377513821660522e-18 5.592127997669270403e-21 6.550789253461066538e-22
4.202000000000000000e+03 1.254586779250756213e-19 1.459678737589656220e-19 7.494410913725042833e-22 1.034645740820407243e-18 5.572877466631752680e-21 6.537843716692195602e-22
4.212000000000000000e+03 1.255759117562934578e-19 1.457878651260164759e-19 7.481614550246610052e-22 1.033992682818010238e-18 5.560811468300839400e-21 6.526437557296384333e-22
4.222000000000000000e+03 1.257053899976001304e-19 1.456356563587145256e-19 7.470339343150354972e-22 1.033540376668640207e-18 5.555558846658932036e-21 6.517136295093313752e-22
4.232000000000000000e+03 1.258142286951478410e-19 1.455160045842314676e-19 7.458279160784812956e-22 1.033056524277556210e-18 5.556042972977716046e-21 6.508025328390473087e-22
4.242000000000000000e+03 1.259421587193615258e-19 1.454424153011730118e-19 7.446363670248430338e-22 1.032871592447186450e-18 5.560847347772435119e-21 6.499626380747699597e-22
4.252000000000000000e+03 1.260640807526784222e-19 1.454239850771364034e-19 7.434893528791186839e-22 1.032863915566765509e-18 5.568656486856247812e-21 6.491977076077897868e-22
4.262000000000000000e+03 1.261652831714838647e-19 1.454593728908535585e-19 7.422213973472704688e-22 1.032891400427437799e-18 5.578154560331293612e-21 6.483626609594352217e-22
4.272000000000000000e+03 1.263068242822674471e-19 1.454892613038018007e-19 7.407923993593360462e-22 1.033497521325553219e-18 5.588352380332703204e-21 6.474135987156708884e-22
4.282000000000000000e+03 1.264256379745688986e-19 1.455781182411280529e-19 7.393105437302368464e-22 1.034329393589992628e-18 5.598036724176913772e-21 6.464160072978378065e-22
4.292000000000000000e+03 1.265704845396987908e-19 1.457306623175964587e-19 7.378235136234805510e-22 1.035403480049503096e-18 5.606192817547087752e-21 6.453943166965006869e-22
4.302000000000000000e+03 1.267013162578190913e-19 1.459436945636020355e-19 7.362814605427407280e-22 1.036517110123369031e-18 5.611969927312199534e-21 6.442982993673387182e-22
4.312000000000000000e+03 1.268438275679258970e-19 1.462096659895693518e-19 7.347211701381523088e-22 1.038056664923510738e-18 5.614959310319747901e-21 6.431518463065268063e-22
4.322000000000000000e+03 1.270158131812524699e-19 1.464934734875693702e-19 7.331013845696655387e-22 1.039838250349478145e-18 5.614850792809904285e-21 6.419194321185694134e-22
4.332000000000000000e+03 1.271773287920116548e-19 1.468034138071134729e-19 7.314022888195335399e-22 1.041524824801124410e-18 5.611812470250949173e-21 6.405874235262685415e-22
4.342000000000000000e+03 1.273502359662780427e-19 1.471043189785584715e-19 7.296931083903318985e-22 1.043336626318418165e-18 5.605918008338373864e-21 6.392101275197613482e-22
4.352000000000000000e+03 1.275473447273144925e-19 1.474105097673405766e-19 7.279836316638273311e-22 1.045220540349784480e-18 5.597163375262717532e-21 6.377958080727057261e-22
4.362000000000000000e+03 1.277426832289194363e-19 1.476903660287015001e-19 7.262864318209901052e-22 1.046995335862804393e-18 5.585488513566625120e-21 6.363521686835349545e-22
4.372000000000000000e+03 1.279437630297767762e-19 1.479339227045032045e-19 7.245901551619025943e-22 1.048525782166229418e-18 5.571275872853934388e-21 6.348754712640970147e-22
4.382000000000000000e+03 1.281811379119131464e-19 1.481342416745126545e-19 7.229844312788171596e-22 1.050370282439748739e-18 5.555078472843537825e-21 6.334425034050178499e-22
4.392000000000000000e+03 1.283862246671080550e-19 1.482753087512736629e-19 7.213571068893751796e-22 1.051607175132620360e-18 5.537433652686061905e-21 6.319717769830028828e-22
4.402000000000000000e+03 1.285932240598706329e-19 1.483546356546322812e-19 7.198141766987450126e-22 1.052870387234447069e-18 5.518723468793659700e-21 6.305505751226898023e-22
4.412000000000000000e+03 1.288328448650988148e-19 1.483715042783960649e-19 7.184164963975593131e-22 1.054272344063420078e-18 5.499008235752769524e-21 6.292270098036485512e-22
4.422000000000000000e+03 1.290336596719211473e-19 1.483204631883697169e-19 7.170165790857986375e-22 1.055146669396468165e-18 5.478147318229688817e-21 6.278838838733564840e-22
4.432000000000000000e+03 1.292484344849601608e-19 1.482087467508703337e-19 7.157323277027507499e-22 1.056096884803122366e-18 5.455675669016160444e-21 6.266069011172712114e-22
4.442000000000000000e+03 1.294325529226263511e-19 1.480372017521349681e-19 7.144966101937776630e-22 1.056604133433291829e-18 5.431342786034842605e-21 6.253397091131412233e-22
4.452000000000000000e+03 1.296139999568068998e-19 1.478152649459399539e-19 7.133489666305292669e-22 1.057162480616448471e-18 5.404838446296307890e-21 6.241090110102007412e-22
4.462000000000000000e+03 1.297878046412771949e-19 1.475451882460394673e-19 7.120872925458310906e-22 1.057442657125996214e-18 5.376939676264585972e-21 6.227698016894584533e-22
4.472000000000000000e+03 1.299265227887813076e-19 1.472392500511263153e-19 7.107882344917243919e-22 1.057532471672900143e-18 5.349127498091729493e-21 6.214001166020764632e-22
4.482000000000000000e+03 1.300624509755527604e-19 1.469171734159437551e-19 7.095773219210598984e-22 1.057419869987397712e-18 5.323585285318500540e-21 6.201266244071556131e-22
4.492000000000000000e+03 1.301629458985548117e-19 1.465848809272470493e-19 7.084343670843214676e-22 1.057248756955781929e-18 5.302231893720657775e-21 6.189598397556552908e-22
4.502000000000000000e+03 1.302580388553382866e-19 1.462520761409583342e-19 7.072795928575095734e-22 1.056735347411851455e-18 5.286231656982488444e-21 6.178561974649459880e-22
4.512000000000000000e+03 1.303225917098057998e-19 1.459264693082572625e-19 7.061241961323634966e-22 1.056273381260443490e-18 5.275453812456891992e-21 6.168227131877204306e-22
4.522000000000000000e+03 1.303741510850979597e-19 1.456148194977301308e-19 7.048548625024774101e-22 1.055584930387799490e-18 5.269014407213578102e-21 6.157614193664927573e-22
4.532000000000000000e+03 1.303959682680925470e-19 1.453253611006589440e-19 7.035219436130887083e-22 1.054925790297513945e-18 5.265417997309575801e-21 6.146900305948852951e-22
4.542000000000000000e+03 1.304253451333183427e-19 1.450607163460046906e-19 7.021225004497602420e-22 1.054265895939553091e-18 5.262724571838249576e-21 6.135805196756637192e-22
4.552000000000000000e+03 1.304081698028126752e-19 1.448248332271176651e-19 7.005850576838941147e-22 1.053411910032201053e-18 5.259114420202740023e-21 6.123522722857318068e-22
4.562000000000000000e+03 1.303991956537962996e-19 1.446185237647083540e-19 6.989487668484368203e-22 1.052682856908019284e-18 5.253319690617534721e-21 6.110193765694323702e-22
4.572000000000000000e+03 1.303738112902879375e-19 1.444404939633242284e-19 6.972227092427766341e-22 1.051858020295352934e-18 5.244667451465571389e-21 6.095791628553071434e-22
4.582000000000000000e+03 1.303426662267531586e-19 1.442854394910657448e-19 6.953652644534944071e-22 1.051011881921838262e-18 5.232897881554279476e-21 6.079965870715868636e-22
4.592000000000000000e+03 1.303031810875160787e-19 1.441506624591556131e-19 6.934313983775941227e-22 1.050156765378736392e-18 5.218089969946373539e-21 6.063146850398564279e-22
4.602000000000000000e+03 1.302613567381192099e-19 1.440307720412690412e-19 6.914108317549695742e-22 1.049097177450767944e-18 5.200543916531261841e-21 6.045296023933255855e-22
4.612000000000000000e+03 1.302110685683634352e-19 1.439188060335821897e-19 6.893253867070079369e-22 1.047943952772555560e-18 5.180867910386309266e-21 6.026659496722066706e-22
4.622000000000000000e+03 1.301602222966592451e-19 1.438067135712899124e-19 6.872363400888706555e-22 1.046604151694170947e-18 5.159745001272918758e-21 6.007797123819292323e-22
4.632000000000000000e+03 1.301041888584525073e-19 1.436898265631796646e-19 6.851511959800993929e-22 1.045247993157598366e-18 5.138455459996820746e-21 5.988937846913706194e-22
4.642000000000000000e+03 1.300547729633678505e-19 1.435610398410483832e-19 6.831485367064496674e-22 1.043807733160305332e-18 5.118162718958478483e-21 5.970841203547443879e-22
4.652000000000000000e+03 1.299915062151945389e-19 1.434147088683994070e-19 6.811678813353654712e-22 1.042379424183383755e-18 5.100707211660209539e-21 5.953291468405432042e-22
4.662000000000000000e+03 1.299239983752218335e-19 1.431952104839327631e-19 6.789110555609643071e-22 1.040922513147452803e-18 5.087895586111581253e-21 5.934250130810673400e-22
4.672000000000000000e+03 1.298376173932679602e-19 1.429886199496171961e-19 6.769583967267451240e-22 1.039398867646473608e-18 5.081467753580476089e-21 5.918396769586541234e-22
4.682000000000000000e+03 1.297502814245960029e-19 1.427681552882831909e-19 6.752024058419468432e-22 1.038036131961327007e-18 5.082730872404770455e-21 5.905081115588280325e-22
4.692000000000000000e+03 1.296519786167120502e-19 1.425236584378776932e-19 6.736409438636449126e-22 1.036784030017895070e-18 5.092744102110460980e-21 5.894412253205695168e-22
4.702000000000000000e+03 1.295325921444010908e-19 1.422545401737616890e-19 6.722341737694502715e-22 1.035511252696069554e-18 5.112387492903350947e-21 5.886176849754424642e-22
4.712000000000000000e+03 1.294036578094491479e-19 1.419647904392738031e-19 6.710339664562844905e-22 1.034341568969739471e-18 5.141837906983529045e-21 5.880764883873418418e-22
4.722000000000000000e+03 1.292613249530312626e-19 1.416529616689955360e-19 6.700638284241272245e-22 1.033323331361010202e-18 5.180776474064972813e-21 5.878272998726067094e-22
4.732000000000000000e+03 1.291050432177606930e-19 1.413243426495337937e-19 6.692958429628160361e-22 1.032308944532580625e-18 5.227770003911305181e-21 5.878258916991055790e-22
4.742000000000000000e+03 1.289249444766086172e-19 1.409782305858667061e-19 6.686811707101405017e-22 1.031241806611450757e-18 5.280860538536916491e-21 5.880057825580360109e-22
4.752000000000000000e+03 1.287240064060030666e-19 1.406214545435965876e-19 6.682094314775661837e-22 1.029979003527709080e-18 5.336900347828073095e-21 5.883175834172628643e-22
4.762000000000000000e+03 1.285076536908780700e-19 1.402569544353585437e-19 6.678825833557228526e-22 1.028698710900533898e-18 5.391640146560037707e-21 5.887114585692604651e-22
4.772000000000000000e+03 1.282736809297733996e-19 1.398880164005556409e-19 6.676553053749436929e-22 1.027245911059309757e-18 5.439451329232817062e-21 5.890881511249537252e-22
4.782000000000000000e+03 1.280229577470976064e-19 1.395178219109970694e-19 6.674774056015809873e-22 1.025645595416090210e-18 5.474407821765423625e-21 5.893447008026450268e-22
4.792000000000000000e+03 1.277534143508183916e-19 1.391483918717497750e-19 6.673034512892509302e-22 1.023843818507902238e-18 5.493278678225760187e-21 5.894140836812491524e-22
4.802000000000000000e+03 1.274696679414949294e-19 1.387820975434005848e-19 6.670922422473696549e-22 1.021871265182190593e-18 5.499426869367429745e-21 5.893066755563855216e-22
4.812000000000000000e+03 1.271741671340409119e-19 1.384192573419676493e-19 6.668020888276085070e-22 1.019770561703927239e-18 5.502328385841274064e-21 5.890999271124446875e-22
4.822000000000000000e+03 1.268634114071616064e-19 1.380612733999140389e-19 6.663607463003667201e-22 1.017473820751236194e-18 5.511232870182569275e-21 5.888432847298660259e-22
4.832000000000000000e+03 1.265430941116543162e-19 1.377076843770474671e-19 6.657573137539604460e-22 1.015065621279847644e-18 5.530271109752171917e-21 5.885741870489073082e-22
4.842000000000000000e+03 1.262135963357747373e-19 1.373572932398898868e-19 6.649283369179481463e-22 1.012561257795746636e-18 5.558609647002765735e-21 5.882306147705601691e-22
4.852000000000000000e+03 1.258776669366449667e-19 1.370083152472698611e-19 6.633274946631071335e-22 1.009969849989561252e-18 5.593354336450406613e-21 5.873481461435561453e-22
4.862000000000000000e+03 1.255352198900385312e-19 1.366625669128813722e-19 6.617842165933563669e-22 1.007294558249716708e-18 5.630454629308049436e-21 5.865281332447471762e-22
4.872000000000000000e+03 1.251902106665072041e-19 1.363197116960779136e-19 6.600342306832290503e-22 1.004584736638412812e-18 5.666234448755519659e-21 5.855226149623593209e-22
4.882000000000000000e+03 1.248420602916452879e-19 1.359768242506451155e-19 6.580989156784119568e-22 1.001848686627528846e-18 5.697631734866863388e-21 5.843161138959622254e-22
4.892000000000000000e+03 1.244925333324188335e-19 1.356335690183290450e-19 6.559033702447446073e-22 9.990928159584864704e-19 5.722600885089301577e-21 5.828297660412536417e-22
4.902000000000000000e+03 1.241429377786380655e-19 1.352904990871222117e-19 6.534746253389759099e-22 9.963179873440247768e-19 5.739745065895572709e-21 5.810725510875243463e-22
4.912000000000000000e+03 1.237925034987088991e-19 1.349457978987056086e-19 6.507536519886114453e-22 9.935142559947376812e-19 5.748799220859160615e-21 5.789971807343271441e-22
4.922000000000000000e+03 1.234424155850080367e-19 1.346004987888769917e-19 6.478127235729406494e-22 9.906873082597050649e-19 5.749752581214910339e-21 5.766626026602527055e-22
4.932000000000000000e+03 1.230928322016371752e-19 1.342545987557053178e-19 6.446421984337276775e-22 9.878378403222235470e-19 5.742918559482075207e-21 5.740658595975481766e-22
4.942000000000000000e+03 1.227441908643236545e-19 1.339089213348167273e-19 6.412701058261614593e-22 9.849753224338811454e-19 5.728819005916676491e-21 5.712355311635699972e-22
4.952000000000000000e+03 1.223966442671582546e-19 1.335635378487318627e-19 6.377233830320393373e-22 9.821080675636287880e-19 5.708851715406908559e-21 5.682076414598239620e-22
4.962000000000000000e+03 1.220507305348204770e-19 1.332198573938383079e-19 6.340358710037970618e-22 9.792462654584719898e-19 5.684754983132162049e-21 5.650267207914171137e-22
4.972000000000000000e+03 1.217066762294991853e-19 1.328780563395940457e-19 6.302382472531280242e-22 9.763970104400569507e-19 5.658215458710772093e-21 5.617339870081924525e-22
4.982000000000000000e+03 1.213646728607571930e-19 1.325387741393178981e-19 6.263672148193998734e-22 9.735668242443748127e-19 5.630547755904865435e-21 5.583716325561808474e-22
4.992000000000000000e+03 1.210250515847631662e-19 1.322040769962044092e-19 6.224628750728873334e-22 9.707543811002478966e-19 5.602313113414043399e-21 5.549770985097665967e-22
5.002000000000000000e+03 1.206879003003707452e-19 1.318752819772101339e-19 6.185682643175252082e-22 9.679634226746928070e-19 5.573009822515105943e-21 5.515797223274567511e-22
