# els,n0s['EB'],n0s[q'EE'],n0s['TT'],n0s['TB'],n0s['TE'], mv
2.000000000000000000e+00 2.230228731618740914e-08 1.025178077843795678e-08 8.772269747541944991e-09 1.867517715663835820e-07 1.016370300085336139e-08 2.776835966100384115e-09
1.200000000000000000e+01 1.720435573989400647e-11 7.938319260205771782e-12 6.776509924827417861e-12 1.440451216042354339e-10 7.868503037116167175e-12 2.147324041331600048e-12
2.200000000000000000e+01 1.522215153504225434e-12 7.087356568408334262e-13 6.015192635961238929e-13 1.274091907127232599e-11 7.021809513756547599e-13 1.910957261046494679e-13
3.200000000000000000e+01 3.399066989969490722e-13 1.605042371986810545e-13 1.349736614470055913e-13 2.843044236535855962e-12 1.589200308264344390e-13 4.305628974049939689e-14
4.200000000000000000e+01 1.145007160542861401e-13 5.510562207967212168e-14 4.575558831535254704e-14 9.566786877690434917e-13 5.452433608455508435e-14 1.467965117232653540e-14
5.200000000000000000e+01 4.872203551213869105e-14 2.401539653970997404e-14 1.961925018246187260e-14 4.066029536601597469e-13 2.374756391646218895e-14 6.340998102177195197e-15
6.200000000000000000e+01 2.411038155279471966e-14 1.223095403733021124e-14 9.795307402774358214e-15 2.010348744101060615e-13 1.208978854470950654e-14 3.194744519468386139e-15
7.200000000000000000e+01 1.326062145602338397e-14 6.957404329058495120e-15 5.441831444621346818e-15 1.105501792638633128e-13 6.876877209970882694e-15 1.794155848934662189e-15
8.200000000000000000e+01 7.885564991128931128e-15 4.300427576899276495e-15 3.272441205882150967e-15 6.579126822298663230e-14 4.252645419009718673e-15 1.092563494158448028e-15
9.200000000000000000e+01 4.979404353571963382e-15 2.836998941065003582e-15 2.091919764188944418e-15 4.161807787003644932e-14 2.808578365935301368e-15 7.085052073507693331e-16
1.020000000000000000e+02 3.297535262391932367e-15 1.972967988171290415e-15 1.403882811168978594e-15 2.763317159607312124e-14 1.956860077026094569e-15 4.831784569057743277e-16
1.120000000000000000e+02 2.269759657193334356e-15 1.433633654489888341e-15 9.801770320778491980e-16 1.908138561641169166e-14 1.425857206421088124e-15 3.433986911503564722e-16
1.220000000000000000e+02 1.613103822122371520e-15 1.081305397996000882e-15 7.071813473501447673e-16 1.360807866488673957e-14 1.079502042323157418e-15 2.526123747129999713e-16
1.320000000000000000e+02 1.177717347897617470e-15 8.422876491511302041e-16 5.245056178910713029e-16 9.969419644559908954e-15 8.450197596872488137e-16 1.913285564284383483e-16
1.420000000000000000e+02 8.798585087974519904e-16 6.749280024192582806e-16 3.982722972844822556e-16 7.471970901699751140e-15 6.813149186099126241e-16 1.485748459160627113e-16
1.520000000000000000e+02 6.705565611728381838e-16 5.545756770526405503e-16 3.085920128650059741e-16 5.710964000470330787e-15 5.640958137588269591e-16 1.178848565894408007e-16
1.620000000000000000e+02 5.200405937796680304e-16 4.660540679538604794e-16 2.433246090446120722e-16 4.440513197590442769e-15 4.784331137854671838e-16 9.529534037565057477e-17
1.720000000000000000e+02 4.095934770897053383e-16 3.996921831875894014e-16 1.948062642479396889e-16 3.505913211755783120e-15 4.148389864919141926e-16 7.829331946020654769e-17
1.820000000000000000e+02 3.270969563839083360e-16 3.491355541707448322e-16 1.580545670410045763e-16 2.806745970207010944e-15 3.671059073854779669e-16 6.523737061494534521e-17
1.920000000000000000e+02 2.644994908681745601e-16 3.100903084510979599e-16 1.297453355881627494e-16 2.275999232588855760e-15 3.310672951062910370e-16 5.502699022392912908e-17
2.020000000000000000e+02 2.163273010368392320e-16 2.795759772045582628e-16 1.076090747527709737e-16 1.867840690754320502e-15 3.038603030917893660e-16 4.690710854076305480e-17
2.120000000000000000e+02 1.787820934080095304e-16 2.554666225249163734e-16 9.006415931437027695e-17 1.550238175727575934e-15 2.834714820834289124e-16 4.034900800712882116e-17
2.220000000000000000e+02 1.491794293882850532e-16 2.361995848350281794e-16 7.598773087086671155e-17 1.300377028489076745e-15 2.684457545992260001e-16 3.497577334632785707e-17
2.320000000000000000e+02 1.255905324160106828e-16 2.205859850929792722e-16 6.456914434866565436e-17 1.101738766378683977e-15 2.576904931666755831e-16 3.051448899776133567e-17
2.420000000000000000e+02 1.066087904125578518e-16 2.076849474713901114e-16 5.521415138289394823e-17 9.421926223016256938e-16 2.503348818192620228e-16 2.676489235087061890e-17
2.520000000000000000e+02 9.119447880387962232e-17 1.967195137886699946e-16 4.748094220883483551e-17 8.127206355627727828e-16 2.456200920978978935e-16 2.357834330326629305e-17
2.620000000000000000e+02 7.856961797680184902e-17 1.870242569442396308e-16 4.103675866761379684e-17 7.065489290489713891e-16 2.428075536637865176e-16 2.084345954894373683e-17
2.720000000000000000e+02 6.814558378858358314e-17 1.780186464805701673e-16 3.562788958825944622e-17 6.185459485309177492e-16 2.411018020183305380e-16 1.847606685770890201e-17
2.820000000000000000e+02 5.947249234284447686e-17 1.692036919414833178e-16 3.105866922105665893e-17 5.447996088163990822e-16 2.395968093300271590e-16 1.641203987867872782e-17
2.920000000000000000e+02 5.220330401609867097e-17 1.601782072331016073e-16 2.717654062235399007e-17 4.823167034657199882e-16 2.372685278882785472e-16 1.460209482541153664e-17
3.020000000000000000e+02 4.606802985712127803e-17 1.506707154804276167e-16 2.386130663324960338e-17 4.288068190366199301e-16 2.330544975399737408e-16 1.300800060718851331e-17
3.120000000000000000e+02 4.085498461362149057e-17 1.405633664086235549e-16 2.101732375996541964e-17 3.825242423617460392e-16 2.260153176797915347e-16 1.159964484959908844e-17
3.220000000000000000e+02 3.639700704345352417e-17 1.299035146163470724e-16 1.856774863106759583e-17 3.421486917004646599e-16 2.155789725795133406e-16 1.035293030370129559e-17
3.320000000000000000e+02 3.256123001749352032e-17 1.188838549376462076e-16 1.645028578293393345e-17 3.066913123239838035e-16 2.017519032926907285e-16 9.248182901223507870e-18
3.420000000000000000e+02 2.924141518377052148e-17 1.077930959501210418e-16 1.461398878052040742e-17 2.754174160680020666e-16 1.851711011187844104e-16 8.268976290874340263e-18
3.520000000000000000e+02 2.635215362552877137e-17 9.695101647328407620e-17 1.301686891077161499e-17 2.477800762606709128e-16 1.669363464602790332e-16 7.401289880337185006e-18
3.620000000000000000e+02 2.382443771352412772e-17 8.664776826388423333e-17 1.162405914413478321e-17 2.233622593427214705e-16 1.482960281713869086e-16 6.632907137447757615e-18
3.720000000000000000e+02 2.160225181050550922e-17 7.710334896872952073e-17 1.040640758968187441e-17 2.018276221167972341e-16 1.303430772202176382e-16 5.953001042637439003e-18
3.820000000000000000e+02 1.963991918621390591e-17 6.845181842443724089e-17 9.339402581230744697e-18 1.828812793622195827e-16 1.138399759125997991e-16 5.351856728945167556e-18
3.920000000000000000e+02 1.790002605346924937e-17 6.074662401572378263e-17 8.402318402302263738e-18 1.662431768439570517e-16 9.919182797498253785e-17 4.820689821185872939e-18
4.020000000000000000e+02 1.635178353642895631e-17 5.397797888898432270e-17 7.577553470438299629e-18 1.516352155550857807e-16 8.651375789422584282e-17 4.351537628784887447e-18
4.120000000000000000e+02 1.496971559792967879e-17 4.809134212725900764e-17 6.850097990935266809e-18 1.387813073605107750e-16 7.572911952283205118e-17 3.937175987123429125e-18
4.220000000000000000e+02 1.373261710512879789e-17 4.300755770527347493e-17 6.207109808644795744e-18 1.274170336495079454e-16 6.665798395440539824e-17 3.571086348516540916e-18
4.320000000000000000e+02 1.262271209306243731e-17 3.863749359197349054e-17 5.637573644769264819e-18 1.173028994933563994e-16 5.908015494842116765e-17 3.247425462295099989e-18
4.420000000000000000e+02 1.162498421580685772e-17 3.489081927929556024e-17 5.132011722721721613e-18 1.082350608199612155e-16 5.277298658870131588e-17 2.960979700110302177e-18
4.520000000000000000e+02 1.072663644861008262e-17 3.168194191155848858e-17 4.682254255083421708e-18 1.000496901509289856e-16 4.753134972825100382e-17 2.707124018342599795e-18
4.620000000000000000e+02 9.916667238034195690e-18 2.893307801608333976e-17 4.281248475871449111e-18 9.262110354818609696e-17 4.317573601908842930e-17 2.481775052146531976e-18
4.720000000000000000e+02 9.185534596104748816e-18 2.657531566947991380e-17 3.922894930558418277e-18 8.585547353010905847e-17 3.955375909443300725e-17 2.281339095952465440e-18
4.820000000000000000e+02 8.524891105293299990e-18 2.454856374176280001e-17 3.601911721575024418e-18 7.968272476058831790e-17 3.653807408833586619e-17 2.102660456008880819e-18
4.920000000000000000e+02 7.927377750971711363e-18 2.280145652362175304e-17 3.313722096227312023e-18 7.404881559724371359e-17 3.402338859867533555e-17 1.942979106903605913e-18
5.020000000000000000e+02 7.386463289932690392e-18 2.128955053301999941e-17 3.054352523541073291e-18 6.890948946019970208e-17 3.192240694351991051e-17 1.799876845129657672e-18
5.120000000000000000e+02 6.896319297974441411e-18 1.997480137843701007e-17 2.820354240177401781e-18 6.422585904636507440e-17 3.016248928252440750e-17 1.671242619764945511e-18
5.220000000000000000e+02 6.451721566248712557e-18 1.882456044222083132e-17 2.608728827349545920e-18 5.996167260452604130e-17 2.868251527451804382e-17 1.555234856406058444e-18
5.320000000000000000e+02 6.047971914448617515e-18 1.781069889053713927e-17 2.416869306833888949e-18 5.608193323937237039e-17 2.743020310824700107e-17 1.450249889115596343e-18
5.420000000000000000e+02 5.680835405175054471e-18 1.690887953947183658e-17 2.242507336533109510e-18 5.255249057838095822e-17 2.635995541242048753e-17 1.354893631208203245e-18
5.520000000000000000e+02 5.346488327668101585e-18 1.609797687389467923e-17 2.083668582395397100e-18 4.934023205466975107e-17 2.543111900716309293e-17 1.267956844142182644e-18
5.620000000000000000e+02 5.041474339183286395e-18 1.535964426300627472e-17 1.938633390601766957e-18 4.641359137840865743e-17 2.460679165155470392e-17 1.188393341155890707e-18
5.720000000000000000e+02 4.762668048896958029e-18 1.467801500762107929e-17 1.805903631183638084e-18 4.374318076311010998e-17 2.385307370607542970e-17 1.115301079387345416e-18
5.820000000000000000e+02 4.507244569024998739e-18 1.403953191034744617e-17 1.684173406124904488e-18 4.130239561462917914e-17 2.313887707557947205e-17 1.047905466911529041e-18
5.920000000000000000e+02 4.272654583013808546e-18 1.343290247197432035e-17 1.572302946092335490e-18 3.906787554365120870e-17 2.243621100630528519e-17 9.855443888671302606e-19
6.020000000000000000e+02 4.056603269850913538e-18 1.284893500860362298e-17 1.469297608332879346e-18 3.701974071970746551e-17 2.172085556116572223e-17 9.276543283557397549e-19
6.120000000000000000e+02 3.857032450011385016e-18 1.228062864182535622e-17 1.374287123499044992e-18 3.514153271033971868e-17 2.097341027118514893e-17 8.737581216550199827e-19
6.220000000000000000e+02 3.672105371054328226e-18 1.172319904344277945e-17 1.286511199605169660e-18 3.341980989158894087e-17 2.018042169108663566e-17 8.234548719775778243e-19
6.320000000000000000e+02 3.500193153763846681e-18 1.117391315763447871e-17 1.205302387673365763e-18 3.184340048980104397e-17 1.933520046518007630e-17 7.764078690173937510e-19
6.420000000000000000e+02 3.339861489190670577e-18 1.063189765296510930e-17 1.130072867513569427e-18 3.040240517998674754e-17 1.843818453813032535e-17 7.323344634586027353e-19
6.520000000000000000e+02 3.189858302003618925e-18 1.009785916746441656e-17 1.060304376621619180e-18 2.908711487229444833e-17 1.749652014008936344e-17 6.909973479180916329e-19
6.620000000000000000e+02 3.049101023653648836e-18 9.573701313607857671e-18 9.955382035742761963e-19 2.788703961064177982e-17 1.652288018610192398e-17 6.521960837609774459e-19
6.720000000000000000e+02 2.916662744773366766e-18 9.062121195196795740e-18 9.353655507884038360e-19 2.679026658155467452e-17 1.553369850776403757e-17 6.157593988438896112e-19
6.820000000000000000e+02 2.791757839019126971e-18 8.566082191560337511e-18 8.794219749395156464e-19 2.578330233005082653e-17 1.454698387011529053e-17 5.815390950080036477e-19
6.920000000000000000e+02 2.673727483547012687e-18 8.088872629872141920e-18 8.273783923691431544e-19 2.485143666989838297e-17 1.358030146247920549e-17 5.494057697869699913e-19
7.020000000000000000e+02 2.562024911784266918e-18 7.633225785042487637e-18 7.789391113734136659e-19 2.397953719022446405e-17 1.264915487741580790e-17 5.192434855372523344e-19
7.120000000000000000e+02 2.456200302154056119e-18 7.201396310079004017e-18 7.338342353246904197e-19 2.315309953688029189e-17 1.176592594388151790e-17 4.909463608978804698e-19
7.220000000000000000e+02 2.355885638130740958e-18 6.795018504294375298e-18 6.918176518749985550e-19 2.235933021106425738e-17 1.093941913677181213e-17 4.644164910046107632e-19
7.320000000000000000e+02 2.260780441730894609e-18 6.415063428238167741e-18 6.526628402596445654e-19 2.158805920104455120e-17 1.017491247552163430e-17 4.395612602339234344e-19
7.420000000000000000e+02 2.170637697113723652e-18 6.061863067905375943e-18 6.161616877989578357e-19 2.083231156385587386e-17 9.474576171518140671e-18 4.162922642127310733e-19
7.520000000000000000e+02 2.085250974783393667e-18 5.735179681008219321e-18 5.821212779719476620e-19 2.008847112365952067e-17 8.838063443751082902e-18 3.945235585853351070e-19
7.620000000000000000e+02 2.004442714860647641e-18 5.434296117995437674e-18 5.503621764751304985e-19 1.935602655278916763e-17 8.263143525019745037e-18 3.741707816581800162e-19
7.720000000000000000e+02 1.928053750887778995e-18 5.158116326346038221e-18 5.207180728664838385e-19 1.863696171063906569e-17 7.746296920127121589e-18 3.551511305596071262e-19
7.820000000000000000e+02 1.855934423917716030e-18 4.905258522286203270e-18 4.930333584014330327e-19 1.793493096482045854e-17 7.283190818588812729e-18 3.373824977365968178e-19
7.920000000000000000e+02 1.787937181447007281e-18 4.674164301729981670e-18 4.671634866523762344e-19 1.725438525876991875e-17 6.869081816413978475e-18 3.207842376863033313e-19
8.020000000000000000e+02 1.723911044780422057e-18 4.463121563950712634e-18 4.429732891896958535e-19 1.659975916863282977e-17 6.499069453013959029e-18 3.052766544742377114e-19
8.120000000000000000e+02 1.663697409988603094e-18 4.270357179941238059e-18 4.203371587890506595e-19 1.597484458073796900e-17 6.168291156136955116e-18 2.907818874332639443e-19
8.220000000000000000e+02 1.607128002704404414e-18 4.094106014948531856e-18 3.991383972513929610e-19 1.538237321341450501e-17 5.872068035409373695e-18 2.772244522964516340e-19
8.320000000000000000e+02 1.554024119268596327e-18 3.932617859986453671e-18 3.792678603601168213e-19 1.482380521174746658e-17 5.605948529647576603e-18 2.645310783959623945e-19
8.420000000000000000e+02 1.504197248556677911e-18 3.784187759605770952e-18 3.606247705867110130e-19 1.429931332841846774e-17 5.365756387276079205e-18 2.526318082401041002e-19
8.520000000000000000e+02 1.457450346797196603e-18 3.647178427700776929e-18 3.431161281737459771e-19 1.380789974100112165e-17 5.147600033065491819e-18 2.414603309450946446e-19
8.620000000000000000e+02 1.413579541151732355e-18 3.520036614486541587e-18 3.266550987625143270e-19 1.334761306737861246e-17 4.947884717467710424e-18 2.309537566269503634e-19
8.720000000000000000e+02 1.372376164180736122e-18 3.401302699142143953e-18 3.111628753095474972e-19 1.291581960715668134e-17 4.763312206313393538e-18 2.210539974590812321e-19
8.820000000000000000e+02 1.333628715438547546e-18 3.289653279058978746e-18 2.965661996052720591e-19 1.250950171748892499e-17 4.590883931686640177e-18 2.117070649444864305e-19
8.920000000000000000e+02 1.297125381068164941e-18 3.183869938844743609e-18 2.827986611816281600e-19 1.212555135926399995e-17 4.427917701463141435e-18 2.028638872343752968e-19
9.020000000000000000e+02 1.262656384412258017e-18 3.082870918666393681e-18 2.697991407784363945e-19 1.176105776696970460e-17 4.272062811446895662e-18 1.944798669627925083e-19
9.120000000000000000e+02 1.230016510077864694e-18 2.985719933530897607e-18 2.575125055770470159e-19 1.141354971235648374e-17 4.121319230542633318e-18 1.865154103632457710e-19
9.220000000000000000e+02 1.199007753499760034e-18 2.891635058183235655e-18 2.458879169431439119e-19 1.108118056476726171e-17 3.974052001829204195e-18 1.789351424327312445e-19
9.320000000000000000e+02 1.169441802779391127e-18 2.799993363052899274e-18 2.348800040263031480e-19 1.076283735590128257e-17 3.829004980408634091e-18 1.717085329742867588e-19
9.420000000000000000e+02 1.141142502498451613e-18 2.710331106374749970e-18 2.244475953777052369e-19 1.045814202784561373e-17 3.685303083521009671e-18 1.648091648411278356e-19
9.520000000000000000e+02 1.113948402660651691e-18 2.622340128231683638e-18 2.145532059343447149e-19 1.016734077920662857e-17 3.542445204236924320e-18 1.582143295275829798e-19
9.620000000000000000e+02 1.087715119551617690e-18 2.535854697545121147e-18 2.051630469055676456e-19 9.891088027578681413e-18 3.400279407204027514e-18 1.519048236025549347e-19
9.720000000000000000e+02 1.062317289223778115e-18 2.450836758122179152e-18 1.962465599470225423e-19 9.630139397294953235e-18 3.258967669963349012e-18 1.458644666127370578e-19
9.820000000000000000e+02 1.037649941047988351e-18 2.367369446427232650e-18 1.877761496814066119e-19 9.385001427875971791e-18 3.118926255127729461e-18 1.400797214190020932e-19
9.920000000000000000e+02 1.013629209557842483e-18 2.285592007127692668e-18 1.797262683042397758e-19 9.155614304657047887e-18 2.980761300054356504e-18 1.345387693117484066e-19
1.002000000000000000e+03 9.901924015711044205e-19 2.205700809398006162e-18 1.720741518507974028e-19 8.941145012352596235e-18 2.845200189999496044e-18 1.292317738207564320e-19
1.012000000000000000e+03 9.672974202188879576e-19 2.127942692157082644e-18 1.647988785261738942e-19 8.739944572131817077e-18 2.713027287617929963e-18 1.241502340823609502e-19
1.022000000000000000e+03 9.449213419325187897e-19 2.052571538447702142e-18 1.578807079340345539e-19 8.549700291482354237e-18 2.585003379760972590e-18 1.192863502831513161e-19
1.032000000000000000e+03 9.230576236660273557e-19 1.979828491325162792e-18 1.513015003757515134e-19 8.367722294736948364e-18 2.461815694225675367e-18 1.146331363926736855e-19
1.042000000000000000e+03 9.017134625158072438e-19 1.909927775735951162e-18 1.450443145959099539e-19 8.191317700501057326e-18 2.344033339377867714e-18 1.101840957772757128e-19
1.052000000000000000e+03 8.809063471063152274e-19 1.843041451890542602e-18 1.390930631235622982e-19 8.018124673597502810e-18 2.232095945280675903e-18 1.059329457013035822e-19
1.062000000000000000e+03 8.606610871509228088e-19 1.779287163789293895e-18 1.334325496360231337e-19 7.846374678991008884e-18 2.126290819106790162e-18 1.018735197898301994e-19
1.072000000000000000e+03 8.410063021799396305e-19 1.718763248728536570e-18 1.280482070099000840e-19 7.675014569322317849e-18 2.026757867284955974e-18 9.799967016894871774e-20
1.082000000000000000e+03 8.219714154540266999e-19 1.661491138674139658e-18 1.229260028585693255e-19 7.503707967241551285e-18 1.933507457384304815e-18 9.430497995826112610e-20
1.092000000000000000e+03 8.035840737717721099e-19 1.607446999428755299e-18 1.180527645541491678e-19 7.332740573622650862e-18 1.846434297120995990e-18 9.078301059740300007e-20
1.102000000000000000e+03 7.858679741726278230e-19 1.556563477204775769e-18 1.134154399276025878e-19 7.162863189272471075e-18 1.765337359672151628e-18 8.742684896209805040e-20
1.112000000000000000e+03 7.688411166237928203e-19 1.508734264761442735e-18 1.090014612574800961e-19 6.995108290333016014e-18 1.689937446383966508e-18 8.422932310751348818e-20
1.122000000000000000e+03 7.525145989837566991e-19 1.463819831942669467e-18 1.047987359279969669e-19 6.830611573152108903e-18 1.619898054795357150e-18 8.118303520086074252e-20
1.132000000000000000e+03 7.368918935845237176e-19 1.421653311146774292e-18 1.007958966304356152e-19 6.670459187880857126e-18 1.554841182668781065e-18 7.828056095128258954e-20
1.142000000000000000e+03 7.219685520005880164e-19 1.382046626317733022e-18 9.698150483304951268e-20 6.515574638588298271e-18 1.494363074589283689e-18 7.551403893507288959e-20
1.152000000000000000e+03 7.077323034518148328e-19 1.344795939847214525e-18 9.334498511003922659e-20 6.366648795958543463e-18 1.438046409024065290e-18 7.287580408997060931e-20
1.162000000000000000e+03 6.941634084361215717e-19 1.309687477720978362e-18 8.987602316912763699e-20 6.224112072673603074e-18 1.385472911826512676e-18 7.035810983552514390e-20
1.172000000000000000e+03 6.812352196898094964e-19 1.276503575202176281e-18 8.656479625819485797e-20 6.088143172462886332e-18 1.336227979880516562e-18 6.795333701441277511e-20
1.182000000000000000e+03 6.689148188312035401e-19 1.245024100684479915e-18 8.340203773667463929e-20 5.958706302491463449e-18 1.289914505198333382e-18 6.565411598468543107e-20
1.192000000000000000e+03 6.571637326458777714e-19 1.215034086149159117e-18 8.037873557317435720e-20 5.835607830591384824e-18 1.246152666812375103e-18 6.345320183721236679e-20
1.202000000000000000e+03 6.459388160729796383e-19 1.186330117548297713e-18 7.748705047574381860e-20 5.718563957140711310e-18 1.204587920809837699e-18 6.134412109822229981e-20
1.212000000000000000e+03 6.351933219106805280e-19 1.158722385277622787e-18 7.471926402504286682e-20 5.607267990075077128e-18 1.164892574101716406e-18 5.932056230947331880e-20
1.222000000000000000e+03 6.248781833354989934e-19 1.132037887687241295e-18 7.206803631930231079e-20 5.501446869168524381e-18 1.126773037707551206e-18 5.737658607818980735e-20
1.232000000000000000e+03 6.149434038321097814e-19 1.106123972988827392e-18 6.952684241553222914e-20 5.400898671581405597e-18 1.089971992931433595e-18 5.550693441395056844e-20
1.242000000000000000e+03 6.053394895033264133e-19 1.080850142885260371e-18 6.708959122170775747e-20 5.305502277655955009e-18 1.054269157830166136e-18 5.370680903482624672e-20
1.252000000000000000e+03 5.960188343213107097e-19 1.056110147744305669e-18 6.475054034005683811e-20 5.215199262837711069e-18 1.019485498907414162e-18 5.197183484961099234e-20
1.262000000000000000e+03 5.869370317502729269e-19 1.031818787513964558e-18 6.250475329408163647e-20 5.129949850343757269e-18 9.854804233748629867e-19 5.029833670340864371e-20
1.272000000000000000e+03 5.780539521149642395e-19 1.007925519147450407e-18 6.034733521600010140e-20 5.049670694501338274e-18 9.521558706462314011e-19 4.868288448624200337e-20
1.282000000000000000e+03 5.693346426264894624e-19 9.843952911445856320e-19 5.827436086505179059e-20 4.974168916695904569e-18 9.194503409256456181e-19 4.712282495082512216e-20
1.292000000000000000e+03 5.607500168516005135e-19 9.612150740137673425e-19 5.628175371504208362e-20 4.903086216867433589e-18 8.873385539168917883e-19 4.561556386178821330e-20
1.302000000000000000e+03 5.522773352006163016e-19 9.383909458240098559e-19 5.436606806226745640e-20 4.835868296252011411e-18 8.558262744496712987e-19 4.415905133327166471e-20
1.312000000000000000e+03 5.439004837236402661e-19 9.159446094619504740e-19 5.252403157362181039e-20 4.771767333752187208e-18 8.249445043447832441e-19 4.275146090363017049e-20
1.322000000000000000e+03 5.356099471321343896e-19 8.939097997323762303e-19 5.075273263245548072e-20 4.709882061517117700e-18 7.947428870916767691e-19 4.139129026064285930e-20
1.332000000000000000e+03 5.274025474221288344e-19 8.723285719615146817e-19 4.904945508117590929e-20 4.649229802458017213e-18 7.652837989969962308e-19 4.007723294454099706e-20
1.342000000000000000e+03 5.192808850879601876e-19 8.512473520127154481e-19 4.741167262169256494e-20 4.588840190320738684e-18 7.366346760613930451e-19 3.880814879006210219e-20
1.352000000000000000e+03 5.112526081920847061e-19 8.307137247903693238e-19 4.583701601195247664e-20 4.527854706007538178e-18 7.088651418492777820e-19 3.758302942001428706e-20
1.362000000000000000e+03 5.033295174305965054e-19 8.107748040928975009e-19 4.432311674128096748e-20 4.465612799189846109e-18 6.820364699600292099e-19 3.640085908081323244e-20
1.372000000000000000e+03 4.955264952361484837e-19 7.914687564127707935e-19 4.286776527860186288e-20 4.401712217359388640e-18 6.562053485888838310e-19 3.526070920951963674e-20
1.382000000000000000e+03 4.878602843995017476e-19 7.728273829330663173e-19 4.146875685812179912e-20 4.336029325938259695e-18 6.314161823915089180e-19 3.416161060211845568e-20
1.392000000000000000e+03 4.803482658159462415e-19 7.548767477503047764e-19 4.012412351235633024e-20 4.268704634478624185e-18 6.076997995855668307e-19 3.310269838734617277e-20
1.402000000000000000e+03 4.730073048646702829e-19 7.376332682699578708e-19 3.883198542188026537e-20 4.200098528726810185e-18 5.850725281696605659e-19 3.208309186574027275e-20
1.412000000000000000e+03 4.658526861530082055e-19 7.211035960950232661e-19 3.759012239321377539e-20 4.130724892640816378e-18 5.635360490206979324e-19 3.110159142163205133e-20
1.422000000000000000e+03 4.588972846964107562e-19 7.052848458857944363e-19 3.639651902538869601e-20 4.061179764021277548e-18 5.430789827869504405e-19 3.015704703555924663e-20
1.432000000000000000e+03 4.521509664978230085e-19 6.901651273298856368e-19 3.524940129802092636e-20 3.992071190193053102e-18 5.236775207111303984e-19 2.924838311833339309e-20
1.442000000000000000e+03 4.456202297377242889e-19 6.757240030775381437e-19 3.414651340957032704e-20 3.923959924408011923e-18 5.052974652686457503e-19 2.837410599818118473e-20
1.452000000000000000e+03 4.393081176359494816e-19 6.619332998724717336e-19 3.308615704721105438e-20 3.857319425751040331e-18 4.878952372523280808e-19 2.753302356932146676e-20
1.462000000000000000e+03 4.332142786629438483e-19 6.487605292224719800e-19 3.206622197972710121e-20 3.792510029884016476e-18 4.714182043536023725e-19 2.672358623846790481e-20
1.472000000000000000e+03 4.273351744780703739e-19 6.361664091694430673e-19 3.108496317958404645e-20 3.729771550241342369e-18 4.558092583548750778e-19 2.594443765074957444e-20
1.482000000000000000e+03 4.216643079958199162e-19 6.241078202969150025e-19 3.014051378018416195e-20 3.669227885040538172e-18 4.410078768897253607e-19 2.519409094643962725e-20
1.492000000000000000e+03 4.161924560295035669e-19 6.125391098732365006e-19 2.923116567903613712e-20 3.610902593188930017e-18 4.269515344518585253e-19 2.447113532592343683e-20
1.502000000000000000e+03 4.109078958461283734e-19 6.014132855855261384e-19 2.835504145746222407e-20 3.554740661932434234e-18 4.135765059060512037e-19 2.377401597186726232e-20
1.512000000000000000e+03 4.057966708000360886e-19 5.906834737311524992e-19 2.751058762512545419e-20 3.500636774062661025e-18 4.008198201582187900e-19 2.310139300416351067e-20
1.522000000000000000e+03 4.008429218429375347e-19 5.803040578313094511e-19 2.669634214668393386e-20 3.448462958764217239e-18 3.886200145112802368e-19 2.245198861996320936e-20
1.532000000000000000e+03 3.960293112598559041e-19 5.702315662805061643e-19 2.591068692940968532e-20 3.398094660833050754e-18 3.769183479319515641e-19 2.182442121221718128e-20
1.542000000000000000e+03 3.913375386391675224e-19 5.604259264038246041e-19 2.515235707186031971e-20 3.349432737144252632e-18 3.656603544419503200e-19 2.121757587370389375e-20
1.552000000000000000e+03 3.867489271843581268e-19 5.508508755709011953e-19 2.441996258812336235e-20 3.302416259776554275e-18 3.547969200198643197e-19 2.063027291036177682e-20
1.562000000000000000e+03 3.822450850845366896e-19 5.414755983561650762e-19 2.371233774049747555e-20 3.257029509130035691e-18 3.442847649590249980e-19 2.006152174861857401e-20
1.572000000000000000e+03 3.778085351496553545e-19 5.322732136162000966e-19 2.302834025487337273e-20 3.213291057765346891e-18 3.340867516198805471e-19 1.951037800575087844e-20
1.582000000000000000e+03 3.734233311723305046e-19 5.232221607146034123e-19 2.236691901494492541e-20 3.171237960565200859e-18 3.241710525849027091e-19 1.897599104585887346e-20
1.592000000000000000e+03 3.690755899580836673e-19 5.143073210927127879e-19 2.172731392894153002e-20 3.130899856130886932e-18 3.145127349888131916e-19 1.845775469221018277e-20
1.602000000000000000e+03 3.647539007045644127e-19 5.055185867464076133e-19 2.110853130058825968e-20 3.092269214601319505e-18 3.050923582640241498e-19 1.795492199367372843e-20
1.612000000000000000e+03 3.604496456040378654e-19 4.968508516068117570e-19 2.050991877265415193e-20 3.055279389165842291e-18 2.958967218561148393e-19 1.746702128712172191e-20
1.622000000000000000e+03 3.561571381451329130e-19 4.883033343136424704e-19 1.993068068981746383e-20 3.019788722821090588e-18 2.869169368359010330e-19 1.699349805963123252e-20
1.632000000000000000e+03 3.518735964164077517e-19 4.798789286069164289e-19 1.937014698250685893e-20 2.985582071951385377e-18 2.781498434494738646e-19 1.653391298610275302e-20
1.642000000000000000e+03 3.475989810523701785e-19 4.715828450013482387e-19 1.882778012111131961e-20 2.952384581596197934e-18 2.695957791601106157e-19 1.608793826381212946e-20
1.652000000000000000e+03 3.433357279855511329e-19 4.634257005097252919e-19 1.830295692649876712e-20 2.919886783606214966e-18 2.612573340085325510e-19 1.565519798355335317e-20
1.662000000000000000e+03 3.390883957378227502e-19 4.554172465363240551e-19 1.779519816073151431e-20 2.887777296006150833e-18 2.531390567422039891e-19 1.523542729105224367e-20
1.672000000000000000e+03 3.348632428894318596e-19 4.475682608876928023e-19 1.730395731089199430e-20 2.855772781043466259e-18 2.452469493064547747e-19 1.482831862766795951e-20
1.682000000000000000e+03 3.306677740287087585e-19 4.398897050630134315e-19 1.682883439732638851e-20 2.823645986811502547e-18 2.375880667030485370e-19 1.443367594593441484e-20
1.692000000000000000e+03 3.265102345988569449e-19 4.323918925827235742e-19 1.636916545289901317e-20 2.791242966154402827e-18 2.301690888515401910e-19 1.405110644399239238e-20
1.702000000000000000e+03 3.223991393879041060e-19 4.250841818106087349e-19 1.592458443164069901e-20 2.758490846247415171e-18 2.229961920190310266e-19 1.368043212144937384e-20
1.712000000000000000e+03 3.183428277232587036e-19 4.179744275837002284e-19 1.549471536633479643e-20 2.725396840013598558e-18 2.160740001899622762e-19 1.332145867459955629e-20
1.722000000000000000e+03 3.143490595783665492e-19 4.110685198947717211e-19 1.507892992203132207e-20 2.692036840744669981e-18 2.094054256374002216e-19 1.297379385062665737e-20
1.732000000000000000e+03 3.104246787166997445e-19 4.043704272470415680e-19 1.467687815308171972e-20 2.658540819978943684e-18 2.029914059447225345e-19 1.263723771726313026e-20
1.742000000000000000e+03 3.065753442410048323e-19 3.978818041219508926e-19 1.428800706488738109e-20 2.625071389510789272e-18 1.968312691749566564e-19 1.231142696545173618e-20
1.752000000000000000e+03 3.028053835782809675e-19 3.916023505503561375e-19 1.391189288528721550e-20 2.591805207335033495e-18 1.909215019580459638e-19 1.199607593745757332e-20
1.762000000000000000e+03 2.991177052482711856e-19 3.855290519051143034e-19 1.354800799189899057e-20 2.558914040808973344e-18 1.852576905174370317e-19 1.169081029368705061e-20
1.772000000000000000e+03 2.955138201768652216e-19 3.796568875902651168e-19 1.319580539330483699e-20 2.526550575304525269e-18 1.798330711450616717e-19 1.139522446140378306e-20
1.782000000000000000e+03 2.919939560813057937e-19 3.739794237485658359e-19 1.285501151599955237e-20 2.494841561157771115e-18 1.746394715298383004e-19 1.110910468712814569e-20
1.792000000000000000e+03 2.885571486994540239e-19 3.684882875059668407e-19 1.252509985395804752e-20 2.463879231008697329e-18 1.696664212105825990e-19 1.083203298387733353e-20
1.802000000000000000e+03 2.852013672781247553e-19 3.631736459530288186e-19 1.220556954015135133e-20 2.433723110450524175e-18 1.649024254684248452e-19 1.056360039203875809e-20
1.812000000000000000e+03 2.819236416499418873e-19 3.580246172589711151e-19 1.189602073980638551e-20 2.404405720009459326e-18 1.603346349399894245e-19 1.030346320960378222e-20
1.822000000000000000e+03 2.787201545834116792e-19 3.530293780289165499e-19 1.159600157521617223e-20 2.375936825953093713e-18 1.559498672129360275e-19 1.005123326122688792e-20
1.832000000000000000e+03 2.755863449912414578e-19 3.481754577306060099e-19 1.130502776931192475e-20 2.348309025317212603e-18 1.517343099193425246e-19 9.806491884231235186e-21
1.842000000000000000e+03 2.725170866833135492e-19 3.434508511018379442e-19 1.102283122350877120e-20 2.321510979539629741e-18 1.476739337164524416e-19 9.568980297473928449e-21
1.852000000000000000e+03 2.695067921218057351e-19 3.388428833225539479e-19 1.074892140689058010e-20 2.295526039630859883e-18 1.437548116414179183e-19 9.338270452154799295e-21
1.862000000000000000e+03 2.665496489855744075e-19 3.343396663963200270e-19 1.048305415442270940e-20 2.270340037772983476e-18 1.399641223074798953e-19 9.114124022302197590e-21
1.872000000000000000e+03 2.636397728778795616e-19 3.299296150091444803e-19 1.022485368531791872e-20 2.245937633368437599e-18 1.362900722745113948e-19 8.896207162059548550e-21
1.882000000000000000e+03 2.607714430287326375e-19 3.256019901859532816e-19 9.974001264074347224e-21 2.222303447006767562e-18 1.327219799104676390e-19 8.684233866305073566e-21
1.892000000000000000e+03 2.579392881862804390e-19 3.213472590888063892e-19 9.730247569567192448e-21 2.199416482573635103e-18 1.292505241854707190e-19 8.477977076219357856e-21
1.902000000000000000e+03 2.551384687711770847e-19 3.171570382498817161e-19 9.493319808211454797e-21 2.177244023838022195e-18 1.258674873483414313e-19 8.277197319109793833e-21
1.912000000000000000e+03 2.523648492433249964e-19 3.130242861259585292e-19 9.262993778644688530e-21 2.155740415778128929e-18 1.225662891564524521e-19 8.081699947109062679e-21
1.922000000000000000e+03 2.496151196301369461e-19 3.089434284746251731e-19 9.039084514810521342e-21 2.134839157536589954e-18 1.193414770961277597e-19 7.891326050379315796e-21
1.932000000000000000e+03 2.468868744940771891e-19 3.049103127252769242e-19 8.821395695026125671e-21 2.114451443265588600e-18 1.161895655426768571e-19 7.705917639891948656e-21
1.942000000000000000e+03 2.441786403657808767e-19 3.009223633515004538e-19 8.609750198598974292e-21 2.094470338552703258e-18 1.131076305040554442e-19 7.525334918261207080e-21
1.952000000000000000e+03 2.414899137037024304e-19 2.969780429185987497e-19 8.403967302055780633e-21 2.074778967570929067e-18 1.100947281250460425e-19 7.349444906825454000e-21
1.962000000000000000e+03 2.388210157675812673e-19 2.930768017549094896e-19 8.203769793974141262e-21 2.055252910847416721e-18 1.071505886456038373e-19 7.178044448907253850e-21
1.972000000000000000e+03 2.361730962113270418e-19 2.892200417029562355e-19 8.009193219731667713e-21 2.035777323104048540e-18 1.042760852308785729e-19 7.011176342024363098e-21
1.982000000000000000e+03 2.335479310535936838e-19 2.854097829463006240e-19 7.820126352851034181e-21 2.016256765115865834e-18 1.014722177905195968e-19 6.848772564936802812e-21
1.992000000000000000e+03 2.309477209806262830e-19 2.816487725203878270e-19 7.636385500732403555e-21 1.996615232354157323e-18 9.874037388999330641e-20 6.690711798331531611e-21
2.002000000000000000e+03 2.283749677240658469e-19 2.779403542772893917e-19 7.457806658219464582e-21 1.976810924606478827e-18 9.608202252967356094e-20 6.536888581579814224e-21
2.012000000000000000e+03 2.258322418758472934e-19 2.742884539035152768e-19 7.284358753701937485e-21 1.956830248366118962e-18 9.349832057279885690e-20 6.387298336661158833e-21
2.022000000000000000e+03 2.233220367845248313e-19 2.706969352394839614e-19 7.115798391703259977e-21 1.936690804567146390e-18 9.099049742981916829e-20 6.241773414430027839e-21
2.032000000000000000e+03 2.208466587160936947e-19 2.671699332919982554e-19 6.952125863279667127e-21 1.916437050208073546e-18 8.855926430390320793e-20 6.100330900579124085e-21
2.042000000000000000e+03 2.184080453151000468e-19 2.637113321276588292e-19 6.793021231612248590e-21 1.896125171323806824e-18 8.620498211811657579e-20 5.962738957248784507e-21
2.052000000000000000e+03 2.160078002703267357e-19 2.603250362611919883e-19 6.638535978604667243e-21 1.875829921031412325e-18 8.392780292573502058e-20 5.829050161798899672e-21
2.062000000000000000e+03 2.136470611846679971e-19 2.570141270546515898e-19 6.488471049379122565e-21 1.855625603356770199e-18 8.172741700241485295e-20 5.699120697564800163e-21
2.072000000000000000e+03 2.113265631570069680e-19 2.537813155191332554e-19 6.342707345534384662e-21 1.835586714281706716e-18 7.960308899076622887e-20 5.572865314445553456e-21
2.082000000000000000e+03 2.090466060251049353e-19 2.506283469518066961e-19 6.201039357577926863e-21 1.815778251383379133e-18 7.755342600816063984e-20 5.450127457235045256e-21
2.092000000000000000e+03 2.068071714489759362e-19 2.475564851299273406e-19 6.063390180794322500e-21 1.796259329743465697e-18 7.557666386815313268e-20 5.330846981942481273e-21
2.102000000000000000e+03 2.046079007317966539e-19 2.445661163180948723e-19 5.929641521932695413e-21 1.777072557072886548e-18 7.367046724309670358e-20 5.214927687657924690e-21
2.112000000000000000e+03 2.024481063566044107e-19 2.416563358691184669e-19 5.799592870832487619e-21 1.758245095486663707e-18 7.183198192052545900e-20 5.102205691358196053e-21
2.122000000000000000e+03 2.003269173619870253e-19 2.388258494201844010e-19 5.673179189438554222e-21 1.739800600894578237e-18 7.005832222930616117e-20 4.992620881819243976e-21
2.132000000000000000e+03 1.982431373736306109e-19 2.360721505112111199e-19 5.550199856073022322e-21 1.721740755410337610e-18 6.834641968038765715e-20 4.886005870537272605e-21
2.142000000000000000e+03 1.961954448505938074e-19 2.333916147982732917e-19 5.430558581061520880e-21 1.704069933413498470e-18 6.669312574758812764e-20 4.782272649404654834e-21
2.152000000000000000e+03 1.941823098604593373e-19 2.307801811272271893e-19 5.314083854575120676e-21 1.686781473882405023e-18 6.509542481718282484e-20 4.681274795791788231e-21
2.162000000000000000e+03 1.922020191946134872e-19 2.282334316927583795e-19 5.200690104026663828e-21 1.669864891931675860e-18 6.354974333757401019e-20 4.582928994524978604e-21
2.172000000000000000e+03 1.902528746807668092e-19 2.257464959645416978e-19 5.090331657353357867e-21 1.653319781049578214e-18 6.205272592935949296e-20 4.487183674595926870e-21
2.182000000000000000e+03 1.883329741639162356e-19 2.233132264902371394e-19 4.982818471534019030e-21 1.637132221541174920e-18 6.060089593291368714e-20 4.393873478412393025e-21
2.192000000000000000e+03 1.864405378028846033e-19 2.209275325262147890e-19 4.878067579541274503e-21 1.621301499218216534e-18 5.919118962609985635e-20 4.302918285799993355e-21
2.202000000000000000e+03 1.845739450744785651e-19 2.185848234604547811e-19 4.776104856220988249e-21 1.605825267875417049e-18 5.782048218835472371e-20 4.214322832170651142e-21
2.212000000000000000e+03 1.827314288425384187e-19 2.162774261001781077e-19 4.676647054495552883e-21 1.590691727752955668e-18 5.648616236472314335e-20 4.127852456736310377e-21
2.222000000000000000e+03 1.809116988093736079e-19 2.140010662478165684e-19 4.579783010932257427e-21 1.575893578639120940e-18 5.518582073079884339e-20 4.043564621191145576e-21
2.232000000000000000e+03 1.791134303477310568e-19 2.117496784319779394e-19 4.485327663694216824e-21 1.561417006840825749e-18 5.391730668113065296e-20 3.961303951537698881e-21
2.242000000000000000e+03 1.773357697391591783e-19 2.095193347878080618e-19 4.393299316537618238e-21 1.547244923477109996e-18 5.267861734152879400e-20 3.881075182869517043e-21
2.252000000000000000e+03 1.755779734047523711e-19 2.073057893692986412e-19 4.303568170305292158e-21 1.533350014545725160e-18 5.146834645702545101e-20 3.802770482627028245e-21
2.262000000000000000e+03 1.738396896780492892e-19 2.051064669550272167e-19 4.216171236358434712e-21 1.519706027144756566e-18 5.028558652808945463e-20 3.726415563013852470e-21
2.272000000000000000e+03 1.721205372252519872e-19 2.029181892592933332e-19 4.130905109156363360e-21 1.506270852724269397e-18 4.912971487476024981e-20 3.651849519697312233e-21
2.282000000000000000e+03 1.704205665782163851e-19 2.007401615064891173e-19 4.047809671397817602e-21 1.493009891350765689e-18 4.800046559972052398e-20 3.579104363164082453e-21
2.292000000000000000e+03 1.687400527491379101e-19 1.985723770508862547e-19 3.966863462939744135e-21 1.479889734287102866e-18 4.689767498827709124e-20 3.508165069770289146e-21
2.302000000000000000e+03 1.670792750370239208e-19 1.964150931745040080e-19 3.887977640146532301e-21 1.466879585517993946e-18 4.582139337200069505e-20 3.438965127118049214e-21
2.312000000000000000e+03 1.654386518312197902e-19 1.942697582817561942e-19 3.811084169754110199e-21 1.453952336980830444e-18 4.477166448226567324e-20 3.371454598315990757e-21
2.322000000000000000e+03 1.638186021739793186e-19 1.921386485326321682e-19 3.736142644694263556e-21 1.441086725800603676e-18 4.374882420909398125e-20 3.305607011898859072e-21
2.332000000000000000e+03 1.622196663200308665e-19 1.900249214350077896e-19 3.663132481503224111e-21 1.428279566348294415e-18 4.275287613469889709e-20 3.241409864578459654e-21
2.342000000000000000e+03 1.606422384595542356e-19 1.879312528653500956e-19 3.591892165264225289e-21 1.415525092465842420e-18 4.178414526560571360e-20 3.178741833330851250e-21
2.352000000000000000e+03 1.590866127248642250e-19 1.858622359751333802e-19 3.522468463465358771e-21 1.402832087258035708e-18 4.084282474252668036e-20 3.117644439716790943e-21
2.362000000000000000e+03 1.575532339491709591e-19 1.838226016595652954e-19 3.454850498183160072e-21 1.390214559591467188e-18 3.992907915049659783e-20 3.058113967614673813e-21
2.372000000000000000e+03 1.560422167139009642e-19 1.818162024905820921e-19 3.388927086378608312e-21 1.377689613269554614e-18 3.904262685530077063e-20 3.000065039572624131e-21
2.382000000000000000e+03 1.545536435008391408e-19 1.798472138394886899e-19 3.324647436102438886e-21 1.365275370107352789e-18 3.818313248491378429e-20 2.943459198360762898e-21
2.392000000000000000e+03 1.530875013480936551e-19 1.779199464634913305e-19 3.261989510514454412e-21 1.352993835456062153e-18 3.734986384907520024e-20 2.888278029077960948e-21
2.402000000000000000e+03 1.516436271811633624e-19 1.760374034650346224e-19 3.200881057923809866e-21 1.340855845623212102e-18 3.654210137842486578e-20 2.834463187837698869e-21
2.412000000000000000e+03 1.502219054173267619e-19 1.742021644190967345e-19 3.141281052793896837e-21 1.328888019836605223e-18 3.575892195254031387e-20 2.781979382861049902e-21
2.422000000000000000e+03 1.488220562318692888e-19 1.724166174558489736e-19 3.083129920680877916e-21 1.317092931161663236e-18 3.499912352873750030e-20 2.730774675261373134e-21
2.432000000000000000e+03 1.474436991697161811e-19 1.706805289035083253e-19 3.026346627402950910e-21 1.305479042654917235e-18 3.426131798262722242e-20 2.680778268872462384e-21
2.442000000000000000e+03 1.460866328794401739e-19 1.689954899527053713e-19 2.970963278812981414e-21 1.294057117580441411e-18 3.354437041878735575e-20 2.632010016114877689e-21
2.452000000000000000e+03 1.447504222562918320e-19 1.673598661306664585e-19 2.916898993562659414e-21 1.282825440758645374e-18 3.284715845239464728e-20 2.584400120019056117e-21
2.462000000000000000e+03 1.434345395521457530e-19 1.657711528324412027e-19 2.864080203552073087e-21 1.271782503135397691e-18 3.216859738023755760e-20 2.537884379355848029e-21
2.472000000000000000e+03 1.421384765874287124e-19 1.642263870230944076e-19 2.812468175951550800e-21 1.260927087830809530e-18 3.150764686925791377e-20 2.492426008204013762e-21
2.482000000000000000e+03 1.408619979724384649e-19 1.627240875924650690e-19 2.762092704031700441e-21 1.250264166633498785e-18 3.086326257711198997e-20 2.448042380909592698e-21
2.492000000000000000e+03 1.396043572683198235e-19 1.612574977586536299e-19 2.712842513583502543e-21 1.239783587861136403e-18 3.023439848254121425e-20 2.404638570727404456e-21
2.502000000000000000e+03 1.383651103207882141e-19 1.598227819033838763e-19 2.664729316485159615e-21 1.229486266870789878e-18 2.962001358831586539e-20 2.362217028384473921e-21
2.512000000000000000e+03 1.371437490611905435e-19 1.584151224574017973e-19 2.617716082904930915e-21 1.219365343514288860e-18 2.901943890392472646e-20 2.320743964069168003e-21
2.522000000000000000e+03 1.359396696851562139e-19 1.570291958615694094e-19 2.571760556856247462e-21 1.209412205726489096e-18 2.843178360571080340e-20 2.280179896328116838e-21
2.532000000000000000e+03 1.347524678281284206e-19 1.556594329297484592e-19 2.526837852299133123e-21 1.199627626563565600e-18 2.785670209731067269e-20 2.240502517185034168e-21
2.542000000000000000e+03 1.335814288833939945e-19 1.543000917498107439e-19 2.482835386571191344e-21 1.189991481116466565e-18 2.729381214454166354e-20 2.201620166175529869e-21
2.552000000000000000e+03 1.324264695555854841e-19 1.529492847041598689e-19 2.439882947799490671e-21 1.180508807590198317e-18 2.674302857652412322e-20 2.163634754679185972e-21
2.562000000000000000e+03 1.312871772114118818e-19 1.516020619232810059e-19 2.397928368342760086e-21 1.171169376157597432e-18 2.620412586663580590e-20 2.126503485369274562e-21
2.572000000000000000e+03 1.301628212318465829e-19 1.502545285173447371e-19 2.356910964771428225e-21 1.161948605618713602e-18 2.567703636394190343e-20 2.090178007518858798e-21
2.582000000000000000e+03 1.290533958642210550e-19 1.489047237439677298e-19 2.316835675585498335e-21 1.152844637539866723e-18 2.516180793513700978e-20 2.054663019866337063e-21
2.592000000000000000e+03 1.279589682660443927e-19 1.475520323376093593e-19 2.277685202664047285e-21 1.143849981349852056e-18 2.465832992498521177e-20 2.019944948628277008e-21
2.602000000000000000e+03 1.268787116341817623e-19 1.461943955796120668e-19 2.239396419456635206e-21 1.134934944230437418e-18 2.416669653056993906e-20 1.985974989672972700e-21
2.612000000000000000e+03 1.258128300388763514e-19 1.448335968858794333e-19 2.202008962632933948e-21 1.126096597850770347e-18 2.368683398373644999e-20 1.952785101838460735e-21
2.622000000000000000e+03 1.247608599199767326e-19 1.434694111278780086e-19 2.165417271799292500e-21 1.117332247325268559e-18 2.321889633249298794e-20 1.920294056114081629e-21
2.632000000000000000e+03 1.237233589820140402e-19 1.421068828124038932e-19 2.129720624747118704e-21 1.108644783326579233e-18 2.276296049634142034e-20 1.888582406686113838e-21
2.642000000000000000e+03 1.226997097756544634e-19 1.407475385504723973e-19 2.094820679431363841e-21 1.100014786668946404e-18 2.231905791099859974e-20 1.857573988897419506e-21
2.652000000000000000e+03 1.216899530343746817e-19 1.393957630177552475e-19 2.060719524043376423e-21 1.091457687976896731e-18 2.188718755372002760e-20 1.827272137962105286e-21
2.662000000000000000e+03 1.206938629031688422e-19 1.380558030973926823e-19 2.027379621345277982e-21 1.082965062553940047e-18 2.146717889927041639e-20 1.797647654946048456e-21
2.672000000000000000e+03 1.197113087949617835e-19 1.367324532465035354e-19 1.994786822898499561e-21 1.074537202197703353e-18 2.105870809490485171e-20 1.768688731054186562e-21
2.682000000000000000e+03 1.187424176088437737e-19 1.354306997115363690e-19 1.962927504565909360e-21 1.066194299479816420e-18 2.066136858113564772e-20 1.740383435061394729e-21
2.692000000000000000e+03 1.177873028992726596e-19 1.341561833849054873e-19 1.931788681993886911e-21 1.057942117055040948e-18 2.027459786927285587e-20 1.712719184559552198e-21
2.702000000000000000e+03 1.168455910089345184e-19 1.329129532911571165e-19 1.901361069174378182e-21 1.049786785499530856e-18 1.989801307462593255e-20 1.685687103541165589e-21
2.712000000000000000e+03 1.159170373615450053e-19 1.317045733565832804e-19 1.871604174814857609e-21 1.041727189730732171e-18 1.953095800386458837e-20 1.659251665931104453e-21
2.722000000000000000e+03 1.150017460534161140e-19 1.305327518458196324e-19 1.842480724749232831e-21 1.033773260934818742e-18 1.917309143751296947e-20 1.633381851062518179e-21
2.732000000000000000e+03 1.140994331832053776e-19 1.293963080940232769e-19 1.813958329461618294e-21 1.025925752822333057e-18 1.882411988994274643e-20 1.608050223114821326e-21
2.742000000000000000e+03 1.132096670118203577e-19 1.283020138346676341e-19 1.786062590895988556e-21 1.018182189031176159e-18 1.848377363322268629e-20 1.583276246448499298e-21
2.752000000000000000e+03 1.123331737357498831e-19 1.272526518708815109e-19 1.758821866676943784e-21 1.010560522685832789e-18 1.815174943499024315e-20 1.559080884268538835e-21
2.762000000000000000e+03 1.114692742200455726e-19 1.262438413007825381e-19 1.732156850475051568e-21 1.003044461611378675e-18 1.782767062752082824e-20 1.535398473553219790e-21
2.772000000000000000e+03 1.106175001423702458e-19 1.252706581812375145e-19 1.706041409243572633e-21 9.956310754856734335e-19 1.751128269741727811e-20 1.512206041381410437e-21
2.782000000000000000e+03 1.097786229763013503e-19 1.243375952668908090e-19 1.680552995639300599e-21 9.883390865582094478e-19 1.720226764144604935e-20 1.489563168522447667e-21
2.792000000000000000e+03 1.089511827976891739e-19 1.234332460125102962e-19 1.655569135904496396e-21 9.811392412965544711e-19 1.690043323870767083e-20 1.467370458780680537e-21
2.802000000000000000e+03 1.081361511971980838e-19 1.225602603522454959e-19 1.631172490366987095e-21 9.740634728124808889e-19 1.660545911206111753e-20 1.445691328219748095e-21
2.812000000000000000e+03 1.073322816985813998e-19 1.217072470044908451e-19 1.607263703830364487e-21 9.670621431233621210e-19 1.631694478348849630e-20 1.424443025548406246e-21
2.822000000000000000e+03 1.065397063095130354e-19 1.208725625653054223e-19 1.583898753485712379e-21 9.601664754274618635e-19 1.603435553671542392e-20 1.403665575320609208e-21
2.832000000000000000e+03 1.057588896289029549e-19 1.200505894046665086e-19 1.561048710527861579e-21 9.533790239482700928e-19 1.575735035703278397e-20 1.383333193330344219e-21
2.842000000000000000e+03 1.049894004381908802e-19 1.192370257294850955e-19 1.538726015101136601e-21 9.466913388104970550e-19 1.548565630869677746e-20 1.363453096501980289e-21
2.852000000000000000e+03 1.042295051682216902e-19 1.184232955174383155e-19 1.516871982451834460e-21 9.400848697065254813e-19 1.521902595639636446e-20 1.343976060301394613e-21
2.862000000000000000e+03 1.034797442163812042e-19 1.176081586389884013e-19 1.495494552364685065e-21 9.335525659882845040e-19 1.495727270819994973e-20 1.324907023323948987e-21
2.872000000000000000e+03 1.027411675538014852e-19 1.167898898640707140e-19 1.474637292077677414e-21 9.271263145725269377e-19 1.470023944978650312e-20 1.306279171264601220e-21
2.882000000000000000e+03 1.020118188650117019e-19 1.159607281626519097e-19 1.454213270152214310e-21 9.207800240882880590e-19 1.444781620773370164e-20 1.288022275922851648e-21
2.892000000000000000e+03 1.012928962881109932e-19 1.151228289564241447e-19 1.434266534062569102e-21 9.145237342622231943e-19 1.420006861855340983e-20 1.270172120429467964e-21
2.902000000000000000e+03 1.005826198070876360e-19 1.142738109876808846e-19 1.414768763728486655e-21 9.083201561605656340e-19 1.395736755532546594e-20 1.252709048961991681e-21
2.912000000000000000e+03 9.988200344928599708e-20 1.134126034509446631e-19 1.395679738681058489e-21 9.022022543991579127e-19 1.372012324372796067e-20 1.235605245784992724e-21
2.922000000000000000e+03 9.919091935832546842e-20 1.125410656904981806e-19 1.376988468084054041e-21 8.961651963290697685e-19 1.348896929002775321e-20 1.218857843595356176e-21
2.932000000000000000e+03 9.850822515761220216e-20 1.116600676050702533e-19 1.358674063987266091e-21 8.901765007785130788e-19 1.326422711239580355e-20 1.202453479476330114e-21
2.942000000000000000e+03 9.783509804248394469e-20 1.107749885332381020e-19 1.340794972399358015e-21 8.842718597909046937e-19 1.304630453156815170e-20 1.186442699274625790e-21
2.952000000000000000e+03 9.716938531574955514e-20 1.098867095197262269e-19 1.323279992265609430e-21 8.784154987133128053e-19 1.283539450546978219e-20 1.170771638097314530e-21
2.962000000000000000e+03 9.651370434382094210e-20 1.090027809345345266e-19 1.306156476605680276e-21 8.726455115823493369e-19 1.263167363265802483e-20 1.155465090898497522e-21
2.972000000000000000e+03 9.586602326846860960e-20 1.081256625880925621e-19 1.289383943617059898e-21 8.669493987018048322e-19 1.243493121441270360e-20 1.140490148602620598e-21
2.982000000000000000e+03 9.522669071150294193e-20 1.072611239694233503e-19 1.272927429930069337e-21 8.613166442047158587e-19 1.224499917955544698e-20 1.125819260072129945e-21
2.992000000000000000e+03 9.459682276564245571e-20 1.064150728522796845e-19 1.256806895688034180e-21 8.557607048860230117e-19 1.206140520048729308e-20 1.111465352370932387e-21
3.002000000000000000e+03 9.397413802599353125e-20 1.055919855084016633e-19 1.240995072503587520e-21 8.502848527002115349e-19 1.188350765328778997e-20 1.097402206358397785e-21
3.012000000000000000e+03 9.336054251430549225e-20 1.047970565064353937e-19 1.225485442002623504e-21 8.448945414791393763e-19 1.171042545634278729e-20 1.083618323626161874e-21
3.022000000000000000e+03 9.275555859097752584e-20 1.040335931333106879e-19 1.210260742532166111e-21 8.395882590097969708e-19 1.154143561663892731e-20 1.070094476286458186e-21
3.032000000000000000e+03 9.216005829661243284e-20 1.033071890828739666e-19 1.195347616132021191e-21 8.343753667331293987e-19 1.137593505522379402e-20 1.056847120347878823e-21
3.042000000000000000e+03 9.157191256959221681e-20 1.026146449234083069e-19 1.180656351590706295e-21 8.292374152429416854e-19 1.121334843277659287e-20 1.043800543144475290e-21
3.052000000000000000e+03 9.099225991022868495e-20 1.019602338703754084e-19 1.166230140256921802e-21 8.241786525558172325e-19 1.105322626337798826e-20 1.030985194679403631e-21
3.062000000000000000e+03 9.042172365954657902e-20 1.013465983711859140e-19 1.152106329221793666e-21 8.192272045841266799e-19 1.089513982819291570e-20 1.018426837143209288e-21
3.072000000000000000e+03 8.985940022150646506e-20 1.007655569806309495e-19 1.138199795054396153e-21 8.143380072978232122e-19 1.073872963062240700e-20 1.006054667950728025e-21
3.082000000000000000e+03 8.930635232356638600e-20 1.002206631286992678e-19 1.124560241487994365e-21 8.095339162504146051e-19 1.058373301498019680e-20 9.939055878486818418e-22
3.092000000000000000e+03 8.876142375292713391e-20 9.970364475863532399e-20 1.111160382647235080e-21 8.048021986519604439e-19 1.043014858467420769e-20 9.819571043120870188e-22
3.102000000000000000e+03 8.822535527668602725e-20 9.921404949370101533e-20 1.098018164615829968e-21 8.001623111770059139e-19 1.027788392360340693e-20 9.702223127985316819e-22
3.112000000000000000e+03 8.769795678352559051e-20 9.874143179415511699e-20 1.085098115059397140e-21 7.955744739212024250e-19 1.012723031032281424e-20 9.586748637682404383e-22
3.122000000000000000e+03 8.717628393324492914e-20 9.828102122052954989e-20 1.072383968738389422e-21 7.910111527014125087e-19 9.978429912237742160e-21 9.473033131712320301e-22
3.132000000000000000e+03 8.666450632391690289e-20 9.783485490762520200e-20 1.059950821401747957e-21 7.865426668031609010e-19 9.831833459437511966e-21 9.361701687175582507e-22
3.142000000000000000e+03 8.616069138621291956e-20 9.739525162564224887e-20 1.047770555817614840e-21 7.821340004912830867e-19 9.687549893926379664e-21 9.252534752182900427e-22
3.152000000000000000e+03 8.566397606817530912e-20 9.695550566218811893e-20 1.035829941687377820e-21 7.777759024003833177e-19 9.545709125493260010e-21 9.145434234566802819e-22
3.162000000000000000e+03 8.517546583265918116e-20 9.651252602477719738e-20 1.024141583401318421e-21 7.734693102757476705e-19 9.406242722875819947e-21 9.040491385833921450e-22
3.172000000000000000e+03 8.469467509339976335e-20 9.605954797723852036e-20 1.012700998223340091e-21 7.692259185229775293e-19 9.269202619632023124e-21 8.937670501802522265e-22
3.182000000000000000e+03 8.421838007146401750e-20 9.559187198177570008e-20 1.001478987659632459e-21 7.650230856924331728e-19 9.134583664233373515e-21 8.836736871155000738e-22
3.192000000000000000e+03 8.375086967368179529e-20 9.511368704798911891e-20 9.905212597880989489e-22 7.608596698282023048e-19 9.002289578098962637e-21 8.738046824040958338e-22
3.202000000000000000e+03 8.328783337957926289e-20 9.461486063444248635e-20 9.797624152332997084e-22 7.567277485321154365e-19 8.872238239548503775e-21 8.641071159000842507e-22
3.212000000000000000e+03 8.283295475489478162e-20 9.410159605199080357e-20 9.692594898283707089e-22 7.526706807016679871e-19 8.744602424823731428e-21 8.546280866069536471e-22
3.222000000000000000e+03 8.238429370093676683e-20 9.357425380418543690e-20 9.589837187806452702e-22 7.486446107342982119e-19 8.619748693043920152e-21 8.453486130927333542e-22
3.232000000000000000e+03 8.194052142796352713e-20 9.303092684803420864e-20 9.489041323773054709e-22 7.446696819117447271e-19 8.498120848585588250e-21 8.362488609315056747e-22
3.242000000000000000e+03 8.150225911216305307e-20 9.247716391986220104e-20 9.390346714745936277e-22 7.407149547378377528e-19 8.380139894759615847e-21 8.273445437515587838e-22
3.252000000000000000e+03 8.107033220663689786e-20 9.191765465421029886e-20 9.293559220033403940e-22 7.368128658738516068e-19 8.266091078845493248e-21 8.186242575061967276e-22
3.262000000000000000e+03 8.064408517683089686e-20 9.135488012402895601e-20 9.198499998780313714e-22 7.329614027409089234e-19 8.156131489122919754e-21 8.100762245359968800e-22
3.272000000000000000e+03 8.022298481927083536e-20 9.079402471047404087e-20 9.105295474243554474e-22 7.291928912984846706e-19 8.050138074329205537e-21 8.017098577914271450e-22
3.282000000000000000e+03 7.980855704350992757e-20 9.024243783422090665e-20 9.013761854330765315e-22 7.254615306016768639e-19 7.948049287014027985e-21 7.935113467672752210e-22
3.292000000000000000e+03 7.939853728153532292e-20 8.970669259910697643e-20 8.923903897299261804e-22 7.217671809168001485e-19 7.849427622369803960e-21 7.854773133482789113e-22
3.302000000000000000e+03 7.899623508975804950e-20 8.918960090910178171e-20 8.835305879354332041e-22 7.181698099072041623e-19 7.754029873293638292e-21 7.775739856616336811e-22
3.312000000000000000e+03 7.859769691289572645e-20 8.868179931701972924e-20 8.747313785696277082e-22 7.146439589597893453e-19 7.661467780785479416e-21 7.697459164466235622e-22
3.322000000000000000e+03 7.820627473557599093e-20 8.821069777870384317e-20 8.660963711521013074e-22 7.111740817320707114e-19 7.571488517910190780e-21 7.620733379111373145e-22
3.332000000000000000e+03 7.782164802907551854e-20 8.777502037018983584e-20 8.576138896873807154e-22 7.078083033437087937e-19 7.483618916074436670e-21 7.545424107635794904e-22
3.342000000000000000e+03 7.744189112665903973e-20 8.737775246815555607e-20 8.492648112163875388e-22 7.044807713981174918e-19 7.397435541901346597e-21 7.471340121793620737e-22
3.352000000000000000e+03 7.706875644839551078e-20 8.701539977840700197e-20 8.410101519285425767e-22 7.012415214111421593e-19 7.312607508630597488e-21 7.398145463062807330e-22
3.362000000000000000e+03 7.670582818269690289e-20 8.669637367041599224e-20 8.329096642517580168e-22 6.981107027172831012e-19 7.228697876152689890e-21 7.326266781785169341e-22
3.372000000000000000e+03 7.634710906042039406e-20 8.641692132636456153e-20 8.248957445709702996e-22 6.949778302378453214e-19 7.145415533772010218e-21 7.255140514202221230e-22
3.382000000000000000e+03 7.599913099033833978e-20 8.617783151039421507e-20 8.170461808766376146e-22 6.919737867157639508e-19 7.062376921478451298e-21 7.185335238828067881e-22
3.392000000000000000e+03 7.565231164259815922e-20 8.596653966132243136e-20 8.092599792690808261e-22 6.889611383805907478e-19 6.979536972678301622e-21 7.116044490076625250e-22
3.402000000000000000e+03 7.531682470020346268e-20 8.578848298775873584e-20 8.016344105746443460e-22 6.860263811995404477e-19 6.896880431462780827e-21 7.048030813978609434e-22
3.412000000000000000e+03 7.498930342816015204e-20 8.563416525818095520e-20 7.941495705071486037e-22 6.831499531637047880e-19 6.814577284242804503e-21 6.981146322006536163e-22
3.422000000000000000e+03 7.467029853020476103e-20 8.550196901104054415e-20 7.868131267367437313e-22 6.803202890553947432e-19 6.732827155953589509e-21 6.915468758395085414e-22
3.432000000000000000e+03 7.435600232544755689e-20 8.538175431426255643e-20 7.795969659277206744e-22 6.774865052739260192e-19 6.651789762241878326e-21 6.850786043057166083e-22
3.442000000000000000e+03 7.404965281263319475e-20 8.526662903174099748e-20 7.725393278348097605e-22 6.746916332987449875e-19 6.571581916116361245e-21 6.787403842750168295e-22
3.452000000000000000e+03 7.375153171841045682e-20 8.515234870325701942e-20 7.656592541848886490e-22 6.719435091994499453e-19 6.492220071693408335e-21 6.725467662046241871e-22
3.462000000000000000e+03 7.345835454024842708e-20 8.502968222934835551e-20 7.589188756548867324e-22 6.691968079333106879e-19 6.413590592396080209e-21 6.664663368745334155e-22
3.472000000000000000e+03 7.317449377077879732e-20 8.489326749770014499e-20 7.523622661238939977e-22 6.665128468378836507e-19 6.335595891892527602e-21 6.605320448763437407e-22
3.482000000000000000e+03 7.289503912645450319e-20 8.474217163582819995e-20 7.459739119255516513e-22 6.638703975655614892e-19 6.258233308664308067e-21 6.547312947927649457e-22
3.492000000000000000e+03 7.262006101729098883e-20 8.456184512970030361e-20 7.397336391852208732e-22 6.612433360007842400e-19 6.181496142140597603e-21 6.490474761472912957e-22
3.502000000000000000e+03 7.235467084409010990e-20 8.435774011485329782e-20 7.335825483759563112e-22 6.586043482812393348e-19 6.105594204135705249e-21 6.434382150452583808e-22
3.512000000000000000e+03 7.208874783752092549e-20 8.412680636084846705e-20 7.276138411316302977e-22 6.559881005189413690e-19 6.030496862322658417e-21 6.379739069615528252e-22
3.522000000000000000e+03 7.183265960967843540e-20 8.387627963873841278e-20 7.218389381683563509e-22 6.534319249763089245e-19 5.956432709288699882e-21 6.326670307909420989e-22
3.532000000000000000e+03 7.157884624149777963e-20 8.360184224895054141e-20 7.162013293607234652e-22 6.508889246938637036e-19 5.883788857831150880e-21 6.274776046131303406e-22
3.542000000000000000e+03 7.132452924975572220e-20 8.330002461169262424e-20 7.106784373151495835e-22 6.483086173364659806e-19 5.813263026101428580e-21 6.223959440105238826e-22
3.552000000000000000e+03 7.108480682350099826e-20 8.299219601109259817e-20 7.053944140159962571e-22 6.458335807321723548e-19 5.745546066465798965e-21 6.175279554607274170e-22
3.562000000000000000e+03 7.083966910345416498e-20 8.266101627797818406e-20 7.001336823796665218e-22 6.433510327122126754e-19 5.681490505419460354e-21 6.127161302936867567e-22
3.572000000000000000e+03 7.060403168051555734e-20 8.232944116685900738e-20 6.950557695329131207e-22 6.408958640992672197e-19 5.621613863641668220e-21 6.080918287197701147e-22
3.582000000000000000e+03 7.036745835459910623e-20 8.199362628363764882e-20 6.900329881094895649e-22 6.384416909109606700e-19 5.566119739984704630e-21 6.035593297942109824e-22
3.592000000000000000e+03 7.013553636945129812e-20 8.166498776024143461e-20 6.851394823987215189e-22 6.360466364576272434e-19 5.514741398603461509e-21 5.991739375499557288e-22
3.602000000000000000e+03 6.990740754754281126e-20 8.134718019989834103e-20 6.802900107151487563e-22 6.337192494754745081e-19 5.467146475623649464e-21 5.948671167209391966e-22
3.612000000000000000e+03 6.968999108320853250e-20 8.105230522816444826e-20 6.755549993782822848e-22 6.315069646466842339e-19 5.422846328700187992e-21 5.906884337982437485e-22
3.622000000000000000e+03 6.946751362651378848e-20 8.077625276469493336e-20 6.708017572625658198e-22 6.293419465014293178e-19 5.381204954544991972e-21 5.865276567595317854e-22
3.632000000000000000e+03 6.924944290462311326e-20 8.053273013745504647e-20 6.661085620300294620e-22 6.271836845462370590e-19 5.341503945727236032e-21 5.824375500533466774e-22
3.642000000000000000e+03 6.904256912449460078e-20 8.032668251792666154e-20 6.614800338699416061e-22 6.252113072341825490e-19 5.302944203930285806e-21 5.784130384524545392e-22
3.652000000000000000e+03 6.883985320882305562e-20 8.015680634112279465e-20 6.568822404642738342e-22 6.233253858354771791e-19 5.264746341210754465e-21 5.744182159648075646e-22
3.662000000000000000e+03 6.864097431697295070e-20 8.002568885927529880e-20 6.522901424032572482e-22 6.215646500153362480e-19 5.226175182439611607e-21 5.704252665082584489e-22
3.672000000000000000e+03 6.844788414940735375e-20 7.993396397637569986e-20 6.477321199188789487e-22 6.198695370421808316e-19 5.186751090953434019e-21 5.664502059754644403e-22
3.682000000000000000e+03 6.826394111143200612e-20 7.988151067724260376e-20 6.432106464243944501e-22 6.182603556063715686e-19 5.146005240305798559e-21 5.624894468256557295e-22
3.692000000000000000e+03 6.808419942778060371e-20 7.983900004992736674e-20 6.386416432348307652e-22 6.167633224766668252e-19 5.103973730335034814e-21 5.584771987070787522e-22
3.702000000000000000e+03 6.791143760063073504e-20 7.983502546640272145e-20 6.341255557819424619e-22 6.153578015329707573e-19 5.060797961093959167e-21 5.544933849786038517e-22
3.712000000000000000e+03 6.774858787837357428e-20 7.986759620576541349e-20 6.296812806607346116e-22 6.140018702962266831e-19 5.016795690983668630e-21 5.505561162653346316e-22
3.722000000000000000e+03 6.759322384407522331e-20 7.992166867202622652e-20 6.252739978412728128e-22 6.127053320539824498e-19 4.972194098426649470e-21 5.466404366204605625e-22
3.732000000000000000e+03 6.744133209239821642e-20 7.999082091152087041e-20 6.209131699482930106e-22 6.113853016821878810e-19 4.927305612285495548e-21 5.427565748851337007e-22
3.742000000000000000e+03 6.729938786295253903e-20 8.007352349508879281e-20 6.166400698211095241e-22 6.101863682055616728e-19 4.882325636274663408e-21 5.389387766201757959e-22
3.752000000000000000e+03 6.716571394563719598e-20 8.015890623593611128e-20 6.124333034391795623e-22 6.089815682309064795e-19 4.837555049547253371e-21 5.351735561540925912e-22
3.762000000000000000e+03 6.703875567586774500e-20 8.023466363119622602e-20 6.083117619721345790e-22 6.077732921035191227e-19 4.793124046829816321e-21 5.314762443610697010e-22
3.772000000000000000e+03 6.691959273499193301e-20 8.030138035118571810e-20 6.042914080320676717e-22 6.066669640493126917e-19 4.748963633510644699e-21 5.278583176078632416e-22
3.782000000000000000e+03 6.679774880546266157e-20 8.033922468722792987e-20 6.003326924269934713e-22 6.054344062206291619e-19 4.704821694901072086e-21 5.242847571648220682e-22
3.792000000000000000e+03 6.669187888026341310e-20 8.035881019249152840e-20 5.965139380221126900e-22 6.042646261041273236e-19 4.660601021244766426e-21 5.208157600971802757e-22
3.802000000000000000e+03 6.659038729461686069e-20 8.034701950384488332e-20 5.928149917673914386e-22 6.031635987340233933e-19 4.616253320185265505e-21 5.174339179270742072e-22
3.812000000000000000e+03 6.649150915401740621e-20 8.030233667143950675e-20 5.891948449293800338e-22 6.019698207147139214e-19 4.571760476023628764e-21 5.141073107034742647e-22
3.822000000000000000e+03 6.638907886642008786e-20 8.021965863633096038e-20 5.856675951284308892e-22 6.007940749674133385e-19 4.527156725907318727e-21 5.108464626256969767e-22
3.832000000000000000e+03 6.630234657143767707e-20 8.011519621709400337e-20 5.823049887015079542e-22 5.997041967658077085e-19 4.482567308166430672e-21 5.077091814247247551e-22
3.842000000000000000e+03 6.621141800822293322e-20 7.997382600447007479e-20 5.790021773207142696e-22 5.985515159877364262e-19 4.438359066158864281e-21 5.046183573104764218e-22
3.852000000000000000e+03 6.612343973878347828e-20 7.980933397504388475e-20 5.757945162116166871e-22 5.973225053866270912e-19 4.395028779338643217e-21 5.016082304405078663e-22
3.862000000000000000e+03 6.604132427099717555e-20 7.962468777160050612e-20 5.726744305413548520e-22 5.961579009066891228e-19 4.353436511269418141e-21 4.986847664835849219e-22
3.872000000000000000e+03 6.595545869287029090e-20 7.942707585473182230e-20 5.696402925302775409e-22 5.950218878212651213e-19 4.314216631451580951e-21 4.958551195723474783e-22
3.882000000000000000e+03 6.587274745368691316e-20 7.921942192119333019e-20 5.666292085627957792e-22 5.938591729077695786e-19 4.278133044430470686e-21 4.930827356891446295e-22
3.892000000000000000e+03 6.578950928126408133e-20 7.899916320189465078e-20 5.635338324162134992e-22 5.926490780130606891e-19 4.245564785949190613e-21 4.902917414929542277e-22
3.902000000000000000e+03 6.571492273035750053e-20 7.879385845257071780e-20 5.605737114817816081e-22 5.915879811906855929e-19 4.216617371077550240e-21 4.876520175691551064e-22
3.912000000000000000e+03 6.563982429274495382e-20 7.860640874000911339e-20 5.576663855754773485e-22 5.905240360657237156e-19 4.190908997315467318e-21 4.850958683392363987e-22
3.922000000000000000e+03 6.556372684637518947e-20 7.844206947403775570e-20 5.547806767950100357e-22 5.896035241830198040e-19 4.167875146111452943e-21 4.825926006397198493e-22
3.932000000000000000e+03 6.549267372711673954e-20 7.831157159053829620e-20 5.519008649887044967e-22 5.886021380370336896e-19 4.146883667376904883e-21 4.801224791115114493e-22
3.942000000000000000e+03 6.543036212818153156e-20 7.821234879724325846e-20 5.490351158009139153e-22 5.878267276059031957e-19 4.127076844869832038e-21 4.776804563482277377e-22
3.952000000000000000e+03 6.536293961766803685e-20 7.815616953644993158e-20 5.461353562880169704e-22 5.871256563525008642e-19 4.107700289778990730e-21 4.752195748772714214e-22
3.962000000000000000e+03 6.530992790436880990e-20 7.814472124535702087e-20 5.432628140164935694e-22 5.864912087963105629e-19 4.087805026414744560e-21 4.727745222889644475e-22
3.972000000000000000e+03 6.524965040094032153e-20 7.816841164907416273e-20 5.403043422318282731e-22 5.858761031954385365e-19 4.066825305378995772e-21 4.702504784231298749e-22
3.982000000000000000e+03 6.520509400649023700e-20 7.824542711077590438e-20 5.374141831194944494e-22 5.855126581654848737e-19 4.044346074503344756e-21 4.677606726258366409e-22
3.992000000000000000e+03 6.517042301681210418e-20 7.836151512329303518e-20 5.344931954882720717e-22 5.851200687215160034e-19 4.020223401157218209e-21 4.652269803311683438e-22
4.002000000000000000e+03 6.513873906515265785e-20 7.851640171428256897e-20 5.315935490515083986e-22 5.847795920954904535e-19 3.994505499993036355e-21 4.626891170908168525e-22
4.012000000000000000e+03 6.511537868762975136e-20 7.870633390354246731e-20 5.287021700401173650e-22 5.845010768720016576e-19 3.967370760174397859e-21 4.601395331350170681e-22
4.022000000000000000e+03 6.510183086337166379e-20 7.892082077748518911e-20 5.258402524349740236e-22 5.842211905775004643e-19 3.939075836951404150e-21 4.575972007252645501e-22
4.032000000000000000e+03 6.509641799716581221e-20 7.915313638718609659e-20 5.230183070693359524e-22 5.839076002876880548e-19 3.909962867852405623e-21 4.550741611371441719e-22
4.042000000000000000e+03 6.509929443702522868e-20 7.939995399401642290e-20 5.202670530551463121e-22 5.836755883396400887e-19 3.880339081696115844e-21 4.525976100941767532e-22
4.052000000000000000e+03 6.511299495419230975e-20 7.965049520027120858e-20 5.176177904303344929e-22 5.833747768897871924e-19 3.850722470005388963e-21 4.501977974399024961e-22
4.062000000000000000e+03 6.514209444969548063e-20 7.989213522624999704e-20 5.150597145831007001e-22 5.832023730140865836e-19 3.821420654493127247e-21 4.478705864803455089e-22
4.072000000000000000e+03 6.516885889346281503e-20 8.011002193694007190e-20 5.125671286937410800e-22 5.828904354623350564e-19 3.792984114933744352e-21 4.456026547063333392e-22
4.082000000000000000e+03 6.520770347800221173e-20 8.026801280288065755e-20 5.100605888340735501e-22 5.826694309435452140e-19 3.765834405074838798e-21 4.433396598809618916e-22
4.092000000000000000e+03 6.524467051168917827e-20 8.041618895986165327e-20 5.077229511429591668e-22 5.823619470862468436e-19 3.740199046726986367e-21 4.412239189922969855e-22
4.102000000000000000e+03 6.529951323547797499e-20 8.054424147915233939e-20 5.056005431730380899e-22 5.822117790957943443e-19 3.715952201600598349e-21 4.392894937303461462e-22
4.112000000000000000e+03 6.536141788291561947e-20 8.063118695922756089e-20 5.036076822495972269e-22 5.820470560770739070e-19 3.692699785434368861e-21 4.374650314659645751e-22
4.122000000000000000e+03 6.540265429875401512e-20 8.066930448866005297e-20 5.017139958971626391e-22 5.817385962280087773e-19 3.669966458794160496e-21 4.357194688240034568e-22
4.132000000000000000e+03 6.547558299799882835e-20 8.067501082476681320e-20 5.000570799807385644e-22 5.816228712689693481e-19 3.647083807575507037e-21 4.341500738677126574e-22
4.142000000000000000e+03 6.552915453666585653e-20 8.063300187765454710e-20 4.984834039760870473e-22 5.813427521954516751e-19 3.623648891669001801e-21 4.326322054909427820e-22
4.152000000000000000e+03 6.560298785491353537e-20 8.055768856244142493e-20 4.971236526141840545e-22 5.811719053729590721e-19 3.599392346690979687e-21 4.312623889669963508e-22
4.162000000000000000e+03 6.565523633031519086e-20 8.044412778114804543e-20 4.958490773642619629e-22 5.809047251152677841e-19 3.574636059604214412e-21 4.299457262383641341e-22
4.172000000000000000e+03 6.571803505576699139e-20 8.030873016798926730e-20 4.947249458772187816e-22 5.805274296763178041e-19 3.550252277262149173e-21 4.287454321745612421e-22
4.182000000000000000e+03 6.578097942324772743e-20 8.014755980786233451e-20 4.936708093712758403e-22 5.802597504585114486e-19 3.527823078364115156e-21 4.276237076859088716e-22
4.192000000000000000e+03 6.584500683329801896e-20 7.997688003823288524e-20 4.927513514118243070e-22 5.799959056914658914e-19 3.508960034311069841e-21 4.266537806387775111e-22
4.202000000000000000e+03 6.589478484559003396e-20 7.980231322763192454e-20 4.918852064107367403e-22 5.795592052371438630e-19 3.494758976740162779e-21 4.257910944344811677e-22
4.212000000000000000e+03 6.594275073091990381e-20 7.963134877323383666e-20 4.910646869033077600e-22 5.791665098960238897e-19 3.485588963394328673e-21 4.250370071539907881e-22
4.222000000000000000e+03 6.599700663703466306e-20 7.947379105343634289e-20 4.903493779582050670e-22 5.788860514021882887e-19 3.481150141070877008e-21 4.244327185706417485e-22
4.232000000000000000e+03 6.604062573971238140e-20 7.933235609282345161e-20 4.895663661726334152e-22 5.785881404192178368e-19 3.480666062736692481e-21 4.238363797491251477e-22
4.242000000000000000e+03 6.609368752601500810e-20 7.921460983681727180e-20 4.887852045427546156e-22 5.784570982676357142e-19 3.483131593907209820e-21 4.232859566376010959e-22
4.252000000000000000e+03 6.614348842151125327e-20 7.912571304608496443e-20 4.880280477084113128e-22 5.784249479925129421e-19 3.487600589647941427e-21 4.227832417794034350e-22
4.262000000000000000e+03 6.618275981619689955e-20 7.906521964055282037e-20 4.871712198910714912e-22 5.784124994818777587e-19 3.493141610921730326e-21 4.222209842599703786e-22
4.272000000000000000e+03 6.624197718197932828e-20 7.900204454641949160e-20 4.861846548805924165e-22 5.787227334208054236e-19 3.499034786386018793e-21 4.215661807338414982e-22
4.282000000000000000e+03 6.628951114476135187e-20 7.897081753740997294e-20 4.851494845394899457e-22 5.791587916731203540e-19 3.504426255925651194e-21 4.208667988616858534e-22
4.292000000000000000e+03 6.634984165131415557e-20 7.897426489920484554e-20 4.841015289262859122e-22 5.797298550672669294e-19 3.508616968984705930e-21 4.201409009506821292e-22
4.302000000000000000e+03 6.640278364612537754e-20 7.901088610095037110e-20 4.830035815964713955e-22 5.803228025901971323e-19 3.511029346771304900e-21 4.193515556092544118e-22
4.312000000000000000e+03 6.646142078935066658e-20 7.907689271539077668e-20 4.818833823897379691e-22 5.811530332648777651e-19 3.511386482524669527e-21 4.185165745007522751e-22
4.322000000000000000e+03 6.653428215638400382e-20 7.915399055843028976e-20 4.807105912599756836e-22 5.821178933240819274e-19 3.509488527205270567e-21 4.176103184529153856e-22
4.332000000000000000e+03 6.660161225137501666e-20 7.924663745415885586e-20 4.794703331557945030e-22 5.830295068971769509e-19 3.505458557813993329e-21 4.166227789797028333e-22
4.342000000000000000e+03 6.667440906056445645e-20 7.933654130620615572e-20 4.782146445149668322e-22 5.840106397000076868e-19 3.499356912358342419e-21 4.155942461205583881e-22
4.352000000000000000e+03 6.675863015711108878e-20 7.943118778810155883e-20 4.769510800524867080e-22 5.850315639425417182e-19 3.491233544666924785e-21 4.145316632538791475e-22
4.362000000000000000e+03 6.684180105704982942e-20 7.951405573696237682e-20 4.756892343800122261e-22 5.859914819902656778e-19 3.481083238065268488e-21 4.134412549104583985e-22
4.372000000000000000e+03 6.692752415982617937e-20 7.957987078185290873e-20 4.744208206513436150e-22 5.868151193426037663e-19 3.469198828058895776e-21 4.123208182345524987e-22
4.382000000000000000e+03 6.703088860848277241e-20 7.962490265249598661e-20 4.732128350232537493e-22 5.878135569298270406e-19 3.455979877517142225e-21 4.112271319913775283e-22
4.392000000000000000e+03 6.711793330456787798e-20 7.964063028318886194e-20 4.719818152751526133e-22 5.884736096493901688e-19 3.441806160547193947e-21 4.101006671222886047e-22
4.402000000000000000e+03 6.720561597798957979e-20 7.962554648232431538e-20 4.708068462728592948e-22 5.891483822584983965e-19 3.426946621353699522e-21 4.090056325291851451e-22
4.412000000000000000e+03 6.730916607542882149e-20 7.957903326555418932e-20 4.697332315660620024e-22 5.899004278137943000e-19 3.411453085457454064e-21 4.079773827247602011e-22
4.422000000000000000e+03 6.739335554068998186e-20 7.949800287784377854e-20 4.686512743202532203e-22 5.903589132684006571e-19 3.395237484654040262e-21 4.069301801629160447e-22
4.432000000000000000e+03 6.748416313211964904e-20 7.938592082924901281e-20 4.676486696386905478e-22 5.908596929998850831e-19 3.377993161213674295e-21 4.059267576469551747e-22
4.442000000000000000e+03 6.755974307957326259e-20 7.924295573232592519e-20 4.666753034407657407e-22 5.911141465447407250e-19 3.359543515649730556e-21 4.049255426381885124e-22
4.452000000000000000e+03 6.763381951854866668e-20 7.907373267179274846e-20 4.657607631431562529e-22 5.913971722497020899e-19 3.339682245352052561e-21 4.039461471839548920e-22
4.462000000000000000e+03 6.770396928457809666e-20 7.887914218031867833e-20 4.647551806043183974e-22 5.915254928527293043e-19 3.318916733251974260e-21 4.028827137743920019e-22
4.472000000000000000e+03 6.775672174512821753e-20 7.866543250142172741e-20 4.637155776167552111e-22 5.915480759089674617e-19 3.298230898255867471e-21 4.017922555775386889e-22
4.482000000000000000e+03 6.780803347726385962e-20 7.844272300911876416e-20 4.627349516266237806e-22 5.914581211398379287e-19 3.279087410033005845e-21 4.007672867485308326e-22
4.492000000000000000e+03 6.784192680023715781e-20 7.821399858353889020e-20 4.617982640398529505e-22 5.913358785025817055e-19 3.262761846754371463e-21 3.998155723591342289e-22
4.502000000000000000e+03 6.787297391136483357e-20 7.798421921068297430e-20 4.608465357534192162e-22 5.910233898922718070e-19 3.250002621452983960e-21 3.989053554133501320e-22
4.512000000000000000e+03 6.788909338958225974e-20 7.775741499255020034e-20 4.598882799813507646e-22 5.907397674166171589e-19 3.240687869446649107e-21 3.980415050582519928e-22
4.522000000000000000e+03 6.789878917232966240e-20 7.753712047533094230e-20 4.588398797179143224e-22 5.903303282306199239e-19 3.234193172838406057e-21 3.971525023253949067e-22
4.532000000000000000e+03 6.789383400276225150e-20 7.732767411230713447e-20 4.577386841842901008e-22 5.899375500892057430e-19 3.229495980108251364e-21 3.962507733458707574e-22
4.542000000000000000e+03 6.789252207387104405e-20 7.713058134341477093e-20 4.565828008681931667e-22 5.895445745903782786e-19 3.225329751377513293e-21 3.953163745982652342e-22
4.552000000000000000e+03 6.786843328459326155e-20 7.694805542669900953e-20 4.553199235963308460e-22 5.890440145852603496e-19 3.220500967300155811e-21 3.942912184542606922e-22
4.562000000000000000e+03 6.784826832156889778e-20 7.678073308977527506e-20 4.539792557191951868e-22 5.886131138781766750e-19 3.214196029627254441e-21 3.931860246584070201e-22
4.572000000000000000e+03 6.782009926563241815e-20 7.662818073369880585e-20 4.525678519372062725e-22 5.881293557623797694e-19 3.205995447689940344e-21 3.919994095176651796e-22
4.582000000000000000e+03 6.778896907943614757e-20 7.648794449614029253e-20 4.510556614589322216e-22 5.876338967033038535e-19 3.195751233515002166e-21 3.907067876645757286e-22
4.592000000000000000e+03 6.775372834176611453e-20 7.635890539274880915e-20 4.494834124210322812e-22 5.871337227331433066e-19 3.183534666068770699e-21 3.893397170001649256e-22
4.602000000000000000e+03 6.771726845690696811e-20 7.623857584633931494e-20 4.478440461889848510e-22 5.865200885909713816e-19 3.169560055641947266e-21 3.878960401315775053e-22
4.612000000000000000e+03 6.767660646906335234e-20 7.612365614460660678e-20 4.461539073234221315e-22 5.858546299649895244e-19 3.154235267565275114e-21 3.863938899329567161e-22
4.622000000000000000e+03 6.763559036732766341e-20 7.601028116204561567e-20 4.444580323799666968e-22 5.850856813702004656e-19 3.138011696955992722e-21 3.848737352818075492e-22
4.632000000000000000e+03 6.759199243214713986e-20 7.589626658477099534e-20 4.427619640397090843e-22 5.843078675791278321e-19 3.121712388265804916e-21 3.833519617362544887e-22
4.642000000000000000e+03 6.755153501886244573e-20 7.577815341572574430e-20 4.411230794065241366e-22 5.834835735771908487e-19 3.106086883028287862e-21 3.818829708061711186e-22
4.652000000000000000e+03 6.750429097383605626e-20 7.565319283771484523e-20 4.394975525240926745e-22 5.826660671063565159e-19 3.092306057564194916e-21 3.804513277711057962e-22
4.662000000000000000e+03 6.745495478944251342e-20 7.549376618673427850e-20 4.376700823991623087e-22 5.818328495785460379e-19 3.081509111115510388e-21 3.789124750163277267e-22
4.672000000000000000e+03 6.739647110796083410e-20 7.534260998942340626e-20 4.360606827580664020e-22 5.809627888686621872e-19 3.074791376522284984e-21 3.775984898871283001e-22
4.682000000000000000e+03 6.733750677256835995e-20 7.518633001987605606e-20 4.345911350651405893e-22 5.801822888146837506e-19 3.072962505237783118e-21 3.764625569418461586e-22
4.692000000000000000e+03 6.727326232058580483e-20 7.501975747404287974e-20 4.332594830230483745e-22 5.794634469354329892e-19 3.076676500579599799e-21 3.755118212083897887e-22
4.702000000000000000e+03 6.719884024505183225e-20 7.484245492348985410e-20 4.320366799305558955e-22 5.787332656159988879e-19 3.086479916470335792e-21 3.747307803944188953e-22
4.712000000000000000e+03 6.711987100635474944e-20 7.465624641433544828e-20 4.309596734955190375e-22 5.780604950036552352e-19 3.102480487132784410e-21 3.741466426387231533e-22
4.722000000000000000e+03 6.703445643851776919e-20 7.446021175381104270e-20 4.300446592123627715e-22 5.774720300078564968e-19 3.124470875117974186e-21 3.737656214809114583e-22
4.732000000000000000e+03 6.694240749048128932e-20 7.425681089142925135e-20 4.292711239551061035e-22 5.768858178243028388e-19 3.151525759176551881e-21 3.735559515435497235e-22
4.742000000000000000e+03 6.683893314684093788e-20 7.404548675906341118e-20 4.286036906701677503e-22 5.762704744421088585e-19 3.182434017028359025e-21 3.734709480050820588e-22
4.752000000000000000e+03 6.672554020525852705e-20 7.382947260420122213e-20 4.280346999292654417e-22 5.755466687063742109e-19 3.215214147567550201e-21 3.734758314876688662e-22
4.762000000000000000e+03 6.660480621967925855e-20 7.361006006974458242e-20 4.275653778833252554e-22 5.748132940901947115e-19 3.247183747001015379e-21 3.735355303981685216e-22
4.772000000000000000e+03 6.647570539995435747e-20 7.338875462331268279e-20 4.271633461784882392e-22 5.739843310613517162e-19 3.274761473614173120e-21 3.735801229605691868e-22
4.782000000000000000e+03 6.633865419579320351e-20 7.316702694802232116e-20 4.267928661621988182e-22 5.730736511794367398e-19 3.294127490805617245e-21 3.735365778192097970e-22
4.792000000000000000e+03 6.619267892220090327e-20 7.294582441589742214e-20 4.264217445262158011e-22 5.720513617496923799e-19 3.303154087058598195e-21 3.733570291524434012e-22
4.802000000000000000e+03 6.603999281764233486e-20 7.272627412129080916e-20 4.260208341243826535e-22 5.709344975679010872e-19 3.304003227243520720e-21 3.730493861674880899e-22
4.812000000000000000e+03 6.588176855954280599e-20 7.250853191347475222e-20 4.255607274445548599e-22 5.697467030914138889e-19 3.302850462679563295e-21 3.726705725991156635e-22
4.822000000000000000e+03 6.571634116333686811e-20 7.229332173455449399e-20 4.249904996660907379e-22 5.684503683751677431e-19 3.305657771153109625e-21 3.722572944935532604e-22
4.832000000000000000e+03 6.554643884675685584e-20 7.208046065145592898e-20 4.243027440976988235e-22 5.670924137174880515e-19 3.314971641220866057e-21 3.718353200943183040e-22
4.842000000000000000e+03 6.537224765543536808e-20 7.186944269646882185e-20 4.234531055549185514e-22 5.656813327054952247e-19 3.330144671635216416e-21 3.713602865569230593e-22
4.852000000000000000e+03 6.519507977079584383e-20 7.165946227682660161e-20 4.220576322714485318e-22 5.642221659820213417e-19 3.349249104222184408e-21 3.705096713567997719e-22
4.862000000000000000e+03 6.501487961056451043e-20 7.145150770973170292e-20 4.207020557977082808e-22 5.627166983106027492e-19 3.369668254372942168e-21 3.696997177336041857e-22
4.872000000000000000e+03 6.483357636671492524e-20 7.124554566164651410e-20 4.192008062958295452e-22 5.611923261392593973e-19 3.389077835133145847e-21 3.687588799872275123e-22
4.882000000000000000e+03 6.465088617949528308e-20 7.104023128380065968e-20 4.175698925942028766e-22 5.596536199189542336e-19 3.405567652713770066e-21 3.676772681009042404e-22
4.892000000000000000e+03 6.446765574130769471e-20 7.083550974107594539e-20 4.157580282510591698e-22 5.581041510339894708e-19 3.417886110597326789e-21 3.664017849489344833e-22
4.902000000000000000e+03 6.428451428067935656e-20 7.063173700358449981e-20 4.137854568182788796e-22 5.565444285316090383e-19 3.425202002772640656e-21 3.649401289787123390e-22
4.912000000000000000e+03 6.410107977534671545e-20 7.042809261668696664e-20 4.116122250470319285e-22 5.549688966845009310e-19 3.427392659782793018e-21 3.632613182082122697e-22
4.922000000000000000e+03 6.391793356945457907e-20 7.022516526216728764e-20 4.092899746950672125e-22 5.533807173448163821e-19 3.424474428329917671e-21 3.614070468859291685e-22
4.932000000000000000e+03 6.373514111178114638e-20 7.002298728704818003e-20 4.068131459080444224e-22 5.517802811555556404e-19 3.416697921306111649e-21 3.593768322939822167e-22
4.942000000000000000e+03 6.355292000980832210e-20 6.982200590332476656e-20 4.042023020265849011e-22 5.501728479160447225e-19 3.404411222581401164e-21 3.571913484483438099e-22
4.952000000000000000e+03 6.337132831631263267e-20 6.962224102932761803e-20 4.014770749204568993e-22 5.485630224706464269e-19 3.388517046017855789e-21 3.548763666884101545e-22
4.962000000000000000e+03 6.319063549655542966e-20 6.942440664802601397e-20 3.986617054783483359e-22 5.469564262856660788e-19 3.370124780980612409e-21 3.524632873107327864e-22
4.972000000000000000e+03 6.301094869074428289e-20 6.922856373980866801e-20 3.957780210429925053e-22 5.453570059071471344e-19 3.350301252881261629e-21 3.499809590455555764e-22
4.982000000000000000e+03 6.283235561732774876e-20 6.903497105292564007e-20 3.928517816527560991e-22 5.437683892275553406e-19 3.329877508580382246e-21 3.474586355738690087e-22
4.992000000000000000e+03 6.265501636102695771e-20 6.884460577110297182e-20 3.899107998122596900e-22 5.421898271246016652e-19 3.309220743721735346e-21 3.449221003031641167e-22
5.002000000000000000e+03 6.247897608470539318e-20 6.865807756781954409e-20 3.869845920100178346e-22 5.406233849532680508e-19 3.287971499172055491e-21 3.423905765241774431e-22
