# els,n0s['EB'],n0s[q'EE'],n0s['TT'],n0s['TB'],n0s['TE'], mv
2.000000000000000000e+00 2.969983889431229075e-08 1.190865245997001638e-08 9.530044211129294106e-09 2.436464918160240416e-07 1.132830789893747109e-08 3.175078681593439862e-09
1.200000000000000000e+01 2.291037240482522888e-11 9.221787349377408570e-12 7.362241122039686774e-12 1.879251696757796647e-10 8.770026087031264965e-12 2.455425318548976222e-12
2.200000000000000000e+01 2.026963909930633548e-12 8.234291992511995961e-13 6.535891746191472176e-13 1.662138704912513133e-11 7.826143319607797917e-13 2.185444915581531200e-13
3.200000000000000000e+01 4.525823729941728769e-13 1.865162389365822463e-13 1.466850470314741045e-13 3.708680280899368182e-12 1.771180321184199444e-13 4.925156419325770128e-14
4.200000000000000000e+01 1.524437044370763431e-13 6.405419005443096587e-14 4.973846159696610145e-14 1.247851036038119192e-12 6.076548486337815306e-14 1.679688914448404950e-14
5.200000000000000000e+01 6.486163591959392884e-14 2.792526695128492744e-14 2.133396074423232625e-14 5.303042523109284671e-13 2.646470720481608080e-14 7.258326650710801898e-15
6.200000000000000000e+01 3.209421362279099685e-14 1.422852242859733813e-14 1.065557817274947038e-14 2.621728822749283059e-13 1.347253679693786363e-14 3.658627542344880857e-15
7.200000000000000000e+01 1.765005287260185969e-14 8.097977247771320819e-15 5.922460947049758256e-15 1.441608201406217567e-13 7.663163288527082170e-15 2.055817410561393670e-15
8.200000000000000000e+01 1.049478278323896191e-14 5.008540368148185967e-15 3.563317929885160849e-15 8.579073735619705884e-14 4.738796369712787846e-15 1.252721459910766721e-15
9.200000000000000000e+01 6.626360500778522653e-15 3.306528742725157409e-15 2.279185726013641145e-15 5.426898407713431938e-14 3.129651153163589470e-15 8.129759267088650972e-16
1.020000000000000000e+02 4.387753157037989587e-15 2.301408039812698405e-15 1.530532516680536995e-15 3.603369710966579819e-14 2.180624066029980954e-15 5.548997980813871750e-16
1.120000000000000000e+02 3.019850974921456448e-15 1.673876467221730638e-15 1.069342157932462762e-15 2.488303942580359825e-14 1.588995600918554754e-15 3.947531656865083496e-16
1.220000000000000000e+02 2.145946361716062728e-15 1.263866878566980853e-15 7.720847505700607166e-16 1.774632295195026400e-14 1.203130951657185460e-15 2.907038887650493562e-16
1.320000000000000000e+02 1.566560504163657031e-15 9.856961254885130912e-16 5.730937308431867273e-16 1.300164275958009475e-14 9.419322662400178429e-16 2.204425814706921137e-16
1.420000000000000000e+02 1.170222097696489996e-15 7.909305377659704865e-16 4.355256096666037162e-16 9.744880614207741258e-15 7.596064076962484648e-16 1.714078759524547039e-16
1.520000000000000000e+02 8.917469158103955342e-16 6.509031191677722715e-16 3.377459931867575510e-16 7.448337790274156241e-15 6.290866478816204803e-16 1.361954246547226911e-16
1.620000000000000000e+02 6.915085104073820117e-16 5.479635042537126298e-16 2.665471562249221923e-16 5.791468438376647812e-15 5.337399706066244484e-16 1.102660625088415250e-16
1.720000000000000000e+02 5.445941178177792922e-16 4.708643840302096283e-16 2.135897543876888824e-16 4.572592390403720848e-15 4.629976927234692578e-16 9.074090301159545798e-17
1.820000000000000000e+02 4.348744899090839131e-16 4.122162227422765494e-16 1.734511426586287900e-16 3.660791198847145117e-15 4.099472840786950988e-16 7.573898152633449683e-17
1.920000000000000000e+02 3.516333118495377904e-16 3.670266959112486551e-16 1.425126945069501312e-16 2.968686817052089420e-15 3.699514762040624668e-16 6.399879451021653980e-17
2.020000000000000000e+02 2.875852998061543075e-16 3.318313315100673907e-16 1.183034101635409698e-16 2.436507097143708955e-15 3.398270355933171108e-16 5.465452360914950498e-17
2.120000000000000000e+02 2.376752451906123786e-16 3.041591252413644737e-16 9.910090202283694227e-17 2.022468733814923190e-15 3.173387387733899977e-16 4.709971257028452983e-17
2.220000000000000000e+02 1.983304901210363297e-16 2.821925037878422483e-16 8.368216377590496287e-17 1.696805461597712812e-15 3.008753021745724708e-16 4.090192685831846471e-17
2.320000000000000000e+02 1.669841740136162781e-16 2.645451561984726547e-16 7.116410300716667066e-17 1.437961014588225666e-15 2.892310259715866115e-16 3.574803467419054633e-17
2.420000000000000000e+02 1.417644396989270934e-16 2.501132745760782167e-16 6.089926523900847088e-17 1.230101923308200875e-15 2.814485862335062754e-16 3.140832690779353414e-17
2.520000000000000000e+02 1.212877538540273142e-16 2.379747141526791163e-16 5.240622384045361368e-17 1.061455621765979024e-15 2.766951117670012760e-16 2.771244233363295042e-17
2.620000000000000000e+02 1.045189610320827192e-16 2.273250233127436168e-16 4.532233049468422313e-17 9.231777164269759761e-16 2.741567595542083851e-16 2.453291070019984931e-17
2.720000000000000000e+02 9.067493304133364799e-17 2.174446005738571606e-16 3.937104778554782930e-17 8.085671613784520559e-16 2.729469928425542959e-16 2.177362539706646633e-17
2.820000000000000000e+02 7.915719858916537457e-17 2.076957234313599095e-16 3.433906711699343254e-17 7.125147469309246655e-16 2.720382057908051088e-16 1.936160540564650098e-17
2.920000000000000000e+02 6.950416345088440340e-17 1.975471272986513643e-16 3.006003432230541837e-17 6.311112709092515141e-16 2.702436435308190541e-16 1.724097994898845431e-17
3.020000000000000000e+02 6.135677741704568083e-17 1.866232607435241993e-16 2.640283816718947249e-17 5.613661683042139020e-16 2.663011376097593459e-16 1.536859922910264090e-17
3.120000000000000000e+02 5.443358177491578093e-17 1.747458349153997365e-16 2.326310044524213048e-17 5.010019383486407867e-16 2.590582738857776328e-16 1.371059846527172833e-17
3.220000000000000000e+02 4.851236845556912744e-17 1.619608149669935411e-16 2.055690949013032969e-17 4.482990597879871030e-16 2.477699813368643185e-16 1.223994213828155755e-17
3.320000000000000000e+02 4.341656571174225207e-17 1.485203955669320702e-16 1.821618452953399323e-17 4.019735057141318770e-16 2.323721725190492855e-16 1.093455803711192205e-17
3.420000000000000000e+02 3.900503793335310029e-17 1.348194906211267005e-16 1.618519733572882810e-17 3.610755642849293923e-16 2.135713674676465835e-16 9.775967228646951647e-18
3.520000000000000000e+02 3.516436886431876734e-17 1.213052353649617775e-16 1.441796498234915558e-17 3.249022400182731296e-16 1.926602910009116280e-16 8.748309988595933649e-18
3.620000000000000000e+02 3.180296955343272733e-17 1.083892123551460729e-16 1.287625682171381082e-17 2.929203833119825812e-16 1.711389004983659653e-16 7.837663765490641151e-18
3.720000000000000000e+02 2.884654111919491503e-17 9.638747161473637090e-17 1.152806827684977302e-17 2.647010185876303434e-16 1.503355402403461300e-16 7.031585822622535737e-18
3.820000000000000000e+02 2.623454311964491178e-17 8.549638951433406675e-17 1.034645039262686018e-17 2.398669131496709882e-16 1.311835887640149901e-16 6.318816993719769728e-18
3.920000000000000000e+02 2.391742888518561090e-17 7.579954261121146829e-17 9.308587246895527628e-18 2.180571170248155463e-16 1.141829687360815320e-16 5.689100191184190578e-18
4.020000000000000000e+02 2.185446230647401512e-17 6.729223914829099845e-17 8.395074833742184707e-18 1.989101032759879950e-16 9.948072185887410243e-17 5.133078735877611810e-18
4.120000000000000000e+02 2.001196729132017571e-17 5.990738273936646720e-17 7.589346607291080997e-18 1.820643963271326415e-16 8.699088564123258588e-17 4.642219478361800701e-18
4.220000000000000000e+02 1.836193684401522654e-17 5.354394797549953206e-17 6.877211939566237537e-18 1.671721662478753434e-16 7.650255659685853483e-17 4.208792986473243211e-18
4.320000000000000000e+02 1.688090810516124152e-17 4.808727882510499301e-17 6.246484612897956816e-18 1.539176271683383247e-16 6.775647687902965816e-17 3.825850311634210794e-18
4.420000000000000000e+02 1.554906772857800285e-17 4.342099184724674421e-17 5.686671023353121083e-18 1.420319433528582153e-16 6.049063596502235285e-17 3.487177936968836710e-18
4.520000000000000000e+02 1.434952989726654241e-17 3.943498062354520232e-17 5.188718903206061986e-18 1.312994343965430142e-16 5.446414042716922965e-17 3.187255319545770816e-18
4.620000000000000000e+02 1.326777115618225490e-17 3.602947853137323826e-17 4.744807776031029409e-18 1.215552533241565774e-16 4.946672647486156886e-17 2.921203390520816350e-18
4.720000000000000000e+02 1.229118353055446343e-17 3.311637606807939546e-17 4.348171337756306274e-18 1.126770113923061533e-16 4.532039995677967108e-17 2.684726269528916487e-18
4.820000000000000000e+02 1.140872307546927928e-17 3.061907515664147734e-17 3.992947939829976709e-18 1.045738875460902647e-16 4.187680443074566134e-17 2.474051376886222126e-18
4.920000000000000000e+02 1.061063775271907340e-17 2.847238597813482823e-17 3.674056172433163537e-18 9.717623110114864907e-17 3.901361638198201958e-17 2.285880460325377254e-18
5.020000000000000000e+02 9.888256637812390493e-18 2.661995522655907446e-17 3.387084661506237697e-18 9.042714596080075050e-17 3.662964324973052586e-17 2.117325517187805177e-18
5.120000000000000000e+02 9.233826820981434398e-18 2.501362749204871848e-17 3.128203572679648645e-18 8.427655885517309455e-17 3.464084233640066664e-17 1.965867380001772582e-18
5.220000000000000000e+02 8.640385546568684862e-18 2.361210576104267755e-17 2.894083865730445489e-18 7.867757324288681571e-17 3.297658191537149221e-17 1.829311101449365914e-18
5.320000000000000000e+02 8.101659353235691429e-18 2.237979221965148681e-17 2.681831327786799764e-18 7.358465878959799864e-17 3.157644435054985933e-17 1.705747719086956910e-18
5.420000000000000000e+02 7.611983317304133425e-18 2.128583605662257972e-17 2.488928381032107840e-18 6.895315434885223428e-17 3.038765257809604303e-17 1.593520248425507366e-18
5.520000000000000000e+02 7.166234084881473474e-18 2.030338327490061811e-17 2.313184461441920323e-18 6.473957641648033790e-17 2.936297551667023531e-17 1.491193780670712061e-18
5.620000000000000000e+02 6.759773138488177434e-18 1.940902973994303210e-17 2.152692594106799147e-18 6.090234905935933239e-17 2.845928042005534009e-17 1.397529248716713059e-18
5.720000000000000000e+02 6.388399653033761762e-18 1.858245596910048265e-17 2.005792333595304008e-18 5.740269318753248791e-17 2.763661139811829624e-17 1.311460453712177509e-18
5.820000000000000000e+02 6.048311157943192486e-18 1.780624376905522008e-17 1.871037380478480631e-18 5.420547194026031706e-17 2.685794915437907321e-17 1.232073944294096795e-18
5.920000000000000000e+02 5.736071481776020306e-18 1.706587184871307145e-17 1.747166541278896397e-18 5.127983709266729263e-17 2.608956668503689219e-17 1.158590877284087016e-18
6.020000000000000000e+02 5.448583789011883737e-18 1.634951371551432438e-17 1.633080136901962670e-18 4.859956680500151961e-17 2.530189339615877724e-17 1.090349998804280943e-18
6.120000000000000000e+02 5.183067913623119751e-18 1.564822907133857691e-17 1.527817297636205010e-18 4.614300135674697974e-17 2.447089248338547954e-17 1.026793057483697844e-18
6.220000000000000000e+02 4.937041148365705787e-18 1.495605074310114548e-17 1.430538826269042322e-18 4.389250663913949020e-17 2.357958864037476967e-17 9.674521676830760379e-19
6.320000000000000000e+02 4.708301218477439070e-18 1.426977846706957452e-17 1.340509008964795353e-18 4.183347079994785614e-17 2.261924176903472043e-17 9.119355333543650176e-19
6.420000000000000000e+02 4.494909425329355514e-18 1.358873309246950805e-17 1.257080904577716539e-18 3.995295746764810390e-17 2.158996867162918909e-17 8.599152767044072872e-19
6.520000000000000000e+02 4.295175048528425590e-18 1.291437792142325039e-17 1.179684520113212126e-18 3.823824077884748329e-17 2.050035454723530601e-17 8.111167162236117414e-19
6.620000000000000000e+02 4.107639029959891627e-18 1.224978271340981286e-17 1.107815589664147168e-18 3.667548813156062728e-17 1.936605464104581112e-17 7.653081669935477999e-19
6.720000000000000000e+02 3.931055885867520771e-18 1.159905878697841873e-17 1.041025394098369531e-18 3.524888607071249120e-17 1.820760413376081092e-17 7.222919953041014638e-19
6.820000000000000000e+02 3.764374662123389792e-18 1.096660211406403185e-17 9.789135468931816974e-19 3.394041876168579850e-17 1.704763607756042157e-17 6.818968121129010080e-19
6.920000000000000000e+02 3.606719590926645495e-18 1.035725380564698339e-17 9.211191441749767984e-19 3.273035289737745403e-17 1.590829533397309390e-17 6.439731386849567863e-19
7.020000000000000000e+02 3.457370014844613300e-18 9.774975674139121601e-18 8.673171281221946723e-19 3.159831057369081698e-17 1.480915983432117474e-17 6.083860864253321959e-19
7.120000000000000000e+02 3.315739574444044791e-18 9.223018523181947637e-18 8.172110934564226006e-19 3.052469831387936949e-17 1.376588014688308928e-17 5.750120515112160346e-19
7.220000000000000000e+02 3.181355177252642621e-18 8.703735623324712787e-18 7.705303200126716630e-19 2.949219519845312034e-17 1.278960125132508745e-17 5.437359710779725954e-19
7.320000000000000000e+02 3.053836925106799747e-18 8.218537479639856734e-18 7.270255762123128660e-19 2.848702288487424867e-17 1.188703608189627834e-17 5.144484252027247570e-19
7.420000000000000000e+02 2.932878262312437236e-18 7.767938637686450207e-18 6.864672732479006184e-19 2.749975915731551900e-17 1.106100793836187002e-17 4.870442381098824079e-19
7.520000000000000000e+02 2.818227627938559595e-18 7.351664939087324902e-18 6.486423993260940829e-19 2.652559020330590919e-17 1.031120644843077150e-17 4.614207544839973655e-19
7.620000000000000000e+02 2.709671761233445770e-18 6.968785719350915598e-18 6.133526606572653422e-19 2.556398332017249916e-17 9.634990392696115939e-18 4.374769478095616122e-19
7.720000000000000000e+02 2.607020753906687989e-18 6.617857414496686894e-18 5.804137494503039046e-19 2.461785911912608768e-17 9.028135286760116098e-18 4.151133553784773622e-19
7.820000000000000000e+02 2.510095324655043764e-18 6.297053043648291739e-18 5.496532409274127563e-19 2.369245497979211814e-17 8.485425243364425551e-18 3.942314164559042045e-19
7.920000000000000000e+02 2.418716272348218214e-18 6.004317549390370600e-18 5.209105096323617534e-19 2.279411398505781621e-17 8.001150517590709688e-18 3.747342452264772883e-19
8.020000000000000000e+02 2.332696638556405780e-18 5.737385662589049070e-18 4.940353477423619308e-19 2.192915549669375275e-17 7.569416250744227971e-18 3.565262635863066641e-19
8.120000000000000000e+02 2.251835820107057906e-18 5.493916013949671967e-18 4.688878759920740667e-19 2.110300409379726308e-17 7.184378346538442076e-18 3.395141693275565682e-19
8.220000000000000000e+02 2.175916820665295938e-18 5.271587105945117279e-18 4.453379320916305109e-19 2.031960927256087937e-17 6.840420228808662286e-18 3.236076536306609583e-19
8.320000000000000000e+02 2.104705394661099596e-18 5.068098976849254840e-18 4.232639639974642967e-19 1.958115265245947202e-17 6.532200747480524459e-18 3.087193771660297755e-19
8.420000000000000000e+02 2.037951164514164496e-18 4.881213297161962897e-18 4.025534894926731907e-19 1.888802653307727991e-17 6.254709832708847860e-18 2.947660433309644323e-19
8.520000000000000000e+02 1.975389633096090025e-18 4.708782939417650836e-18 3.831025503111794386e-19 1.823899641989788882e-17 6.003276802080977186e-18 2.816688164300661957e-19
8.620000000000000000e+02 1.916744727623947029e-18 4.548773320977792667e-18 3.648144814475571701e-19 1.763150111678634729e-17 5.773584035198509011e-18 2.693533089430357660e-19
8.720000000000000000e+02 1.861731754438706328e-18 4.399273963954757908e-18 3.476010950538897001e-19 1.706202687689181361e-17 5.561664159448670018e-18 2.577507300950921551e-19
8.820000000000000000e+02 1.810060225358089451e-18 4.258562897418902335e-18 3.313807943689108493e-19 1.652651828405368756e-17 5.363903190167726034e-18 2.467974687959252358e-19
8.920000000000000000e+02 1.761437495722075404e-18 4.125054650849415437e-18 3.160793908139125140e-19 1.602078215786222196e-17 5.177061334050328400e-18 2.364356865411515657e-19
9.020000000000000000e+02 1.715572180458329180e-18 3.997347741851139742e-18 3.016288540929086080e-19 1.554088384763669187e-17 4.998292971813456900e-18 2.266130165995470704e-19
9.120000000000000000e+02 1.672177862155286091e-18 3.874236436309452497e-18 2.879676768585752210e-19 1.508348156095810524e-17 4.825171662443401244e-18 2.172829437349326490e-19
9.220000000000000000e+02 1.630977015783609002e-18 3.754722918649673717e-18 2.750395090807346076e-19 1.464608300091245788e-17 4.655710671314043983e-18 2.084041229926389625e-19
9.320000000000000000e+02 1.591704735523014337e-18 3.638023167779798906e-18 2.627938659705128188e-19 1.422719790530126224e-17 4.488382805615935157e-18 1.999407798483641268e-19
9.420000000000000000e+02 1.554112472787447414e-18 3.523566483591688219e-18 2.511850559651662818e-19 1.382634247300252686e-17 4.322126503181507295e-18 1.918620083332917407e-19
9.520000000000000000e+02 1.517971935322196416e-18 3.410990010927147244e-18 2.401716536180964085e-19 1.344388934339667305e-17 4.156340685254398097e-18 1.841413114651635619e-19
9.620000000000000000e+02 1.483078770363387897e-18 3.300119064553898268e-18 2.297163508564305298e-19 1.308077194715357351e-17 3.990856110127821180e-18 1.767562687451924506e-19
9.720000000000000000e+02 1.449255666961815886e-18 3.190946382870059259e-18 2.197854831744180393e-19 1.273806251021257541e-17 3.825894370143400993e-18 1.696879973046696699e-19
9.820000000000000000e+02 1.416354615899434658e-18 3.083626666245697014e-18 2.103486376871901133e-19 1.241648930035936987e-17 3.661993283150658567e-18 1.629206596269383179e-19
9.920000000000000000e+02 1.384258208508030853e-18 2.978375118933055175e-18 2.013778890332560009e-19 1.211599832943168546e-17 3.499927925038925008e-18 1.564405087941682973e-19
1.002000000000000000e+03 1.352879961182525943e-18 2.875477389544425629e-18 1.928481848821801971e-19 1.183546610543381565e-17 3.340624379617990591e-18 1.502359760988252175e-19
1.012000000000000000e+03 1.322163653687165656e-18 2.775285155158752062e-18 1.847365321565690705e-19 1.157263811942136252e-17 3.185080247109488570e-18 1.442970541924439981e-19
1.022000000000000000e+03 1.292081372752984876e-18 2.678152800023214291e-18 1.770213957833078535e-19 1.132433675870547073e-17 3.034262315639797088e-18 1.386146206058627708e-19
1.032000000000000000e+03 1.262629470982596865e-18 2.584411565842424199e-18 1.696829072302920018e-19 1.108685580265975062e-17 2.889044571340927199e-18 1.331804268164149530e-19
1.042000000000000000e+03 1.233824698737237235e-18 2.494352097662289243e-18 1.627024694727314114e-19 1.085647848578437334e-17 2.750151952712064051e-18 1.279867466635042599e-19
1.052000000000000000e+03 1.205699088725309514e-18 2.408204007267960017e-18 1.560624632426610060e-19 1.062994224320410557e-17 2.618148441860146410e-18 1.230261153320553960e-19
1.062000000000000000e+03 1.178295510545562302e-18 2.326119420326578921e-18 1.497461790067007242e-19 1.040480580049166333e-17 2.493407091121917706e-18 1.182911487307566854e-19
1.072000000000000000e+03 1.151662404199998483e-18 2.248232192675470349e-18 1.437375840592513497e-19 1.017962235544283680e-17 2.376117140624896240e-18 1.137744869954952576e-19
1.082000000000000000e+03 1.125849254832600080e-18 2.174565128369289876e-18 1.380212207574150054e-19 9.953944608689873065e-18 2.266307278894663740e-18 1.094684490078909937e-19
1.092000000000000000e+03 1.100902686074905239e-18 2.105081401940629625e-18 1.325824274813300033e-19 9.728194607037429282e-18 2.163862464719897294e-18 1.053652538546142340e-19
1.102000000000000000e+03 1.076863179275997555e-18 2.039686964241394123e-18 1.274067654567251568e-19 9.503445607554315748e-18 2.068549194339745268e-18 1.014566460599445410e-19
1.112000000000000000e+03 1.053762446960091111e-18 1.978236828940953878e-18 1.224802852439583173e-19 9.281166047901619413e-18 1.980036901231880906e-18 9.773406886592472198e-20
1.122000000000000000e+03 1.031621623112781248e-18 1.920542982315860984e-18 1.177895214171637477e-19 9.062969597069248590e-18 1.897923751865182732e-18 9.418870808465614056e-20
1.132000000000000000e+03 1.010450205683914560e-18 1.866382298866156851e-18 1.133216836680235431e-19 8.850401177055757802e-18 1.821755913999564815e-18 9.081167102218918130e-20
1.142000000000000000e+03 9.902456509854951877e-19 1.815504890780535535e-18 1.090640646139380510e-19 8.644778460129941522e-18 1.751047496534241768e-18 8.759368734324888217e-20
1.152000000000000000e+03 9.709935676585941483e-19 1.767641160815063450e-18 1.050047529925509691e-19 8.447093761005626400e-18 1.685294800489197642e-18 8.452564530752231060e-20
1.162000000000000000e+03 9.526682851669159476e-19 1.722509674192808110e-18 1.011322009982872458e-19 8.257975066371098996e-18 1.623992624801462165e-18 8.159841231757302476e-20
1.172000000000000000e+03 9.352337009982795128e-19 1.679825397616670123e-18 9.743538519637865705e-20 8.077697997708287413e-18 1.566639008910386952e-18 7.880301335574231265e-20
1.182000000000000000e+03 9.186442091224171868e-19 1.639300360401667134e-18 9.390389109893469656e-20 7.906237477243337877e-18 1.512753259699816023e-18 7.613077934297151098e-20
1.192000000000000000e+03 9.028457196156911576e-19 1.600654724992243429e-18 9.052768165947817081e-20 7.743346539682308036e-18 1.461874910052105289e-18 7.357326116966526535e-20
1.202000000000000000e+03 8.877769109633633702e-19 1.563625622305171716e-18 8.729781114724219630e-20 7.588650177272633171e-18 1.413573599657480867e-18 7.112278426246513542e-20
1.212000000000000000e+03 8.733707707407476165e-19 1.527969239447969721e-18 8.420562174520701913e-20 7.441738912393853816e-18 1.367451041693632187e-18 6.877196454407068173e-20
1.222000000000000000e+03 8.595564716613072069e-19 1.493464707200306191e-18 8.124294764953203143e-20 7.302247588733889806e-18 1.323150410027157119e-18 6.651390000370511916e-20
1.232000000000000000e+03 8.462614333549369462e-19 1.459918630764091259e-18 7.840244699543162035e-20 7.169907525805456049e-18 1.280358782086994408e-18 6.434242750689239234e-20
1.242000000000000000e+03 8.334134737063596737e-19 1.427167023886263640e-18 7.567730201423146857e-20 7.044560453128119363e-18 1.238808351032416465e-18 6.225194141925319822e-20
1.252000000000000000e+03 8.209429123320401549e-19 1.395077891036704627e-18 7.306116667470487528e-20 6.926133683894860302e-18 1.198282062150990106e-18 6.023737946790329880e-20
1.262000000000000000e+03 8.087845806974636890e-19 1.363545356575122707e-18 7.054848936392286177e-20 6.814579163296138872e-18 1.158610105000319938e-18 5.829441932593048717e-20
1.272000000000000000e+03 7.968795066116771175e-19 1.332511943886983705e-18 6.813392016698239686e-20 6.709787209186079325e-18 1.119675372586855602e-18 5.641912385062665051e-20
1.282000000000000000e+03 7.851763273831005806e-19 1.301937001414052648e-18 6.581301998527476693e-20 6.611494492732607562e-18 1.081406020467145868e-18 5.460833994379895315e-20
1.292000000000000000e+03 7.736323968960734294e-19 1.271807953137854463e-18 6.358137062993816721e-20 6.519205918761184313e-18 1.043775323900289046e-18 5.285910491168054697e-20
1.302000000000000000e+03 7.622145811888239659e-19 1.242136205962336609e-18 6.143516956566527344e-20 6.432151127713422403e-18 1.006795105490205422e-18 5.116902721724157663e-20
1.312000000000000000e+03 7.508997299938215663e-19 1.212952524279907703e-18 5.937085820599758208e-20 6.349287168872344510e-18 9.705084815927243061e-19 4.953600566967681633e-20
1.322000000000000000e+03 7.396746904731509169e-19 1.184302347590749285e-18 5.738524942159879115e-20 6.269353522510964361e-18 9.349815379969679001e-19 4.795829205402243377e-20
1.332000000000000000e+03 7.285359369093729410e-19 1.156241061709271465e-18 5.547538557658122849e-20 6.190972430278896218e-18 9.002960276860242667e-19 4.643437120950116988e-20
1.342000000000000000e+03 7.174887411041323204e-19 1.128828878316420430e-18 5.363851587071754195e-20 6.112780136456151039e-18 8.665396626961100742e-19 4.496291558923554410e-20
1.352000000000000000e+03 7.065460707192818867e-19 1.102126926307628513e-18 5.187206335508733106e-20 6.033567165184148564e-18 8.338028517485089251e-19 4.354274983200213181e-20
1.362000000000000000e+03 6.957272129148081472e-19 1.076195884177769542e-18 5.017347259225348843e-20 5.952400734585441461e-18 8.021649321524976128e-19 4.217270296827144995e-20
1.372000000000000000e+03 6.850561286567323334e-19 1.051082782643896723e-18 4.854033985504124804e-20 5.868711059194450084e-18 7.716998750642497617e-19 4.085168998929765401e-20
1.382000000000000000e+03 6.745595727457130694e-19 1.026826448389678117e-18 4.697027751969493813e-20 5.782321636597390139e-18 7.424660359005176801e-19 3.957858860713815283e-20
1.392000000000000000e+03 6.642652106939727314e-19 1.003459118240853736e-18 4.546109359371623680e-20 5.693430122505276887e-18 7.145045590541517765e-19 3.835235371982377546e-20
1.402000000000000000e+03 6.541998425145824645e-19 9.810004357395256355e-19 4.401066599053933534e-20 5.602546438960930337e-18 6.878383229834604847e-19 3.717190567520492014e-20
1.412000000000000000e+03 6.443877758359287388e-19 9.594575739338911237e-19 4.261659711585959824e-20 5.510399691916464380e-18 6.624719399531078782e-19 3.603587313527522807e-20
1.422000000000000000e+03 6.348495651851874361e-19 9.388256150054525875e-19 4.127664866141550027e-20 5.417836983900456158e-18 6.383936004826561796e-19 3.494289977304854110e-20
1.432000000000000000e+03 6.256011183103414611e-19 9.190882907651094453e-19 3.998877427776799745e-20 5.325724021219680358e-18 6.155756628377907217e-19 3.389166578535614845e-20
1.442000000000000000e+03 6.166531798645874616e-19 9.002187081551264732e-19 3.875053863572924759e-20 5.234861291461184701e-18 5.939779015140708866e-19 3.288047871821645642e-20
1.452000000000000000e+03 6.080112300514748989e-19 8.821801500408528226e-19 3.755995580877740579e-20 5.145926696554781658e-18 5.735479867503977159e-19 3.190787762117289471e-20
1.462000000000000000e+03 5.996756132034003426e-19 8.649315297927362305e-19 3.641470761911889915e-20 5.059439239154504465e-18 5.542223128125199722e-19 3.097208256542206875e-20
1.472000000000000000e+03 5.916418711814422959e-19 8.484226768609249868e-19 3.531278143236465114e-20 4.975748018867747197e-18 5.359315989082156739e-19 3.007146867919461395e-20
1.482000000000000000e+03 5.839010990476717000e-19 8.325988567593144783e-19 3.425207620173486469e-20 4.895038589185900149e-18 5.186023623320295583e-19 2.920429738295148939e-20
1.492000000000000000e+03 5.764402905947715570e-19 8.174023310303180184e-19 3.323063403305897713e-20 4.817354576126753051e-18 5.021586224184881139e-19 2.836889632129363855e-20
1.502000000000000000e+03 5.692426644318750728e-19 8.027739037270662033e-19 3.224637838705813427e-20 4.742628334752253746e-18 4.865228331819989224e-19 2.756347879321479682e-20
1.512000000000000000e+03 5.622880370636795402e-19 7.886546735195312077e-19 3.129751863655310453e-20 4.670720052572286473e-18 4.716182673434399040e-19 2.678645319103358767e-20
1.522000000000000000e+03 5.555532984324373441e-19 7.749874568804813502e-19 3.038236809546281413e-20 4.601456679548176526e-18 4.573698920954665388e-19 2.603630063777776991e-20
1.532000000000000000e+03 5.490130298939680084e-19 7.617179035899778132e-19 2.949913593593578502e-20 4.534668544687679330e-18 4.437060579130033326e-19 2.531143316546822680e-20
1.542000000000000000e+03 5.426402670467150499e-19 7.487958871477188702e-19 2.864635583568654270e-20 4.470220157791713602e-18 4.305603018540673459e-19 2.461051960139089647e-20
1.552000000000000000e+03 5.364073847896181884e-19 7.361760086329637840e-19 2.782249190582199593e-20 4.408028638791095965e-18 4.178729394314996149e-19 2.393220493109118160e-20
1.562000000000000000e+03 5.302870940013533816e-19 7.238198829963155062e-19 2.702621672799493928e-20 4.348072887682570650e-18 4.055913568929756359e-19 2.327532073913944259e-20
1.572000000000000000e+03 5.242534148399022045e-19 7.116933595525843928e-19 2.625626153033051607e-20 4.290379509034391674e-18 3.936707312107154306e-19 2.263877530670336049e-20
1.582000000000000000e+03 5.182826245271931316e-19 6.997687866892409138e-19 2.551146119481845337e-20 4.235000113678199278e-18 3.820726828365768437e-19 2.202158523292386736e-20
1.592000000000000000e+03 5.123540823198238796e-19 6.880266824509885950e-19 2.479092474111969156e-20 4.181975135740904927e-18 3.707674516086857515e-19 2.142301124014224093e-20
1.602000000000000000e+03 5.064508789854247346e-19 6.764536332669497395e-19 2.409359161609886008e-20 4.131292598882952115e-18 3.597320643244031952e-19 2.084221854991058011e-20
1.612000000000000000e+03 5.005603332135895386e-19 6.650422059380947002e-19 2.341871304692085454e-20 4.082856693812539221e-18 3.489513116410684328e-19 2.027863834517592062e-20
1.622000000000000000e+03 4.946742270780597299e-19 6.537902698940838179e-19 2.276543731136407408e-20 4.036465939501658303e-18 3.384152218784708283e-19 1.973164821802999426e-20
1.632000000000000000e+03 4.887887668219181514e-19 6.427000798840941849e-19 2.213304266482012177e-20 3.991814820332685829e-18 3.281210498958728444e-19 1.920075187119665884e-20
1.642000000000000000e+03 4.829043401711813136e-19 6.317764128710538220e-19 2.152093321561802189e-20 3.948513259197758684e-18 3.180702979072815980e-19 1.868556491317361963e-20
1.652000000000000000e+03 4.770251093263864367e-19 6.210321303465527622e-19 2.092845020708057479e-20 3.906122112873170776e-18 3.082670754847762406e-19 1.818567228940881068e-20
1.662000000000000000e+03 4.711584616373564513e-19 6.104780836439450270e-19 2.035506606505734748e-20 3.864199109373437822e-18 2.987178586182993981e-19 1.770076485120694791e-20
1.672000000000000000e+03 4.653143557302784375e-19 6.001266704624522406e-19 1.980020302174612743e-20 3.822341869457863336e-18 2.894309095262825886e-19 1.723050388415435984e-20
1.682000000000000000e+03 4.595046098775316285e-19 5.899907248294400504e-19 1.926341138297139058e-20 3.780227344031776462e-18 2.804157357100551813e-19 1.677465297732707519e-20
1.692000000000000000e+03 4.537421227235706284e-19 5.800825613286010080e-19 1.874401214632475097e-20 3.737636707904205238e-18 2.716813776924229634e-19 1.633279988473212537e-20
1.702000000000000000e+03 4.480401381687211605e-19 5.704135608633885370e-19 1.824158552415524620e-20 3.694466783256645048e-18 2.632361729600016779e-19 1.590472482015115325e-20
1.712000000000000000e+03 4.424115613919325669e-19 5.609935324361670308e-19 1.775570099745253443e-20 3.650728692332782147e-18 2.550864338208061538e-19 1.549018998404188441e-20
1.722000000000000000e+03 4.368683449086129349e-19 5.518301995526685587e-19 1.728570225730430687e-20 3.606532172777849858e-18 2.472364292441015180e-19 1.508877402964218622e-20
1.732000000000000000e+03 4.314209812145730921e-19 5.429291303120060361e-19 1.683117465007614127e-20 3.562064335896040861e-18 2.396878088524186299e-19 1.470022447543509379e-20
1.742000000000000000e+03 4.260781162769866425e-19 5.342933274841541556e-19 1.639152341872171078e-20 3.517559641731512863e-18 2.324403573803385521e-19 1.432413824506548143e-20
1.752000000000000000e+03 4.208463407656603404e-19 5.259236012825574904e-19 1.596625903022726049e-20 3.473273002966807187e-18 2.254901202294922606e-19 1.396017161946031667e-20
1.762000000000000000e+03 4.157300920498079909e-19 5.178174358806888019e-19 1.555479949587990056e-20 3.429452963107781116e-18 2.188322436999488041e-19 1.360789890501123259e-20
1.772000000000000000e+03 4.107317124311854171e-19 5.099699107135894429e-19 1.515654335955602300e-20 3.386321314513599369e-18 2.124588352166031712e-19 1.326686042927572156e-20
1.782000000000000000e+03 4.058516331946542151e-19 5.023744104067048867e-19 1.477113051263017764e-20 3.344062623534327381e-18 2.063601966306267557e-19 1.293676787439649701e-20
1.792000000000000000e+03 4.010885375172887060e-19 4.950218979553126722e-19 1.439797490520564981e-20 3.302812764981037315e-18 2.005237460911683077e-19 1.261714189197297267e-20
1.802000000000000000e+03 3.964395565123516041e-19 4.879013840119705960e-19 1.403651556853205167e-20 3.262661043124662333e-18 1.949356149079141639e-19 1.230751106401343075e-20
1.812000000000000000e+03 3.919004516064331333e-19 4.810003577534759703e-19 1.368628065399440603e-20 3.223657654978989035e-18 1.895801049997049922e-19 1.200745993006770378e-20
1.822000000000000000e+03 3.874657554392526335e-19 4.743048987306965984e-19 1.334675937567978375e-20 3.185820174409002435e-18 1.844411486928656560e-19 1.171653703239874820e-20
1.832000000000000000e+03 3.831289221805478898e-19 4.677999998155785598e-19 1.301741374109156897e-20 3.149141671807116470e-18 1.795018894473401621e-19 1.143426283483490400e-20
1.842000000000000000e+03 3.788825652789995267e-19 4.614709573174424578e-19 1.269790491660787725e-20 3.113608154328729318e-18 1.747450318896967820e-19 1.116030733849412766e-20
1.852000000000000000e+03 3.747186260843386905e-19 4.553018782622276209e-19 1.238769932663339232e-20 3.079198030390636001e-18 1.701534792896216794e-19 1.089418834943143418e-20
1.862000000000000000e+03 3.706286958961416981e-19 4.492773514846776813e-19 1.208649402840998469e-20 3.045892251411936638e-18 1.657115030528254582e-19 1.063560631562288589e-20
1.872000000000000000e+03 3.666042586589765365e-19 4.433820600523636363e-19 1.179387307093606001e-20 3.013669900252266754e-18 1.614047432735758526e-19 1.038417905296374008e-20
1.882000000000000000e+03 3.626370254736927735e-19 4.376014135933090700e-19 1.150947792276715184e-20 2.982509295853034531e-18 1.572202466098520389e-19 1.013957438125234424e-20
1.892000000000000000e+03 3.587192163279217793e-19 4.319220075611498149e-19 1.123302239385924792e-20 2.952380392112398246e-18 1.531467677885752016e-19 9.901523616166921723e-21
1.902000000000000000e+03 3.548438332071425286e-19 4.263316750126102461e-19 1.096420448745168045e-20 2.923236254552695008e-18 1.491744634354439968e-19 9.669752147028856440e-21
1.912000000000000000e+03 3.510049141563499130e-19 4.208197865698278420e-19 1.070277342525113553e-20 2.895010680482525351e-18 1.452955376238682321e-19 9.444034522000285887e-21
1.922000000000000000e+03 3.471977179374344852e-19 4.153774545182552063e-19 1.044852043368637332e-20 2.867607840907956056e-18 1.415035889765435184e-19 9.224184799674345511e-21
1.932000000000000000e+03 3.434188451002824699e-19 4.099976142020663812e-19 1.020123403402256923e-20 2.840900255674013709e-18 1.377947691248572436e-19 9.010026793614996767e-21
1.942000000000000000e+03 3.396662788959441636e-19 4.046753555292477346e-19 9.960721290090548953e-21 2.814734459296829797e-18 1.341657931643797882e-19 8.801402419103343921e-21
1.952000000000000000e+03 3.359394177617524845e-19 3.994070710927593623e-19 9.726790321193405112e-21 2.788942182918115940e-18 1.306159467035384416e-19 8.598166363325262905e-21
1.962000000000000000e+03 3.322388919404445888e-19 3.941907237707273747e-19 9.499162665583685998e-21 2.763345140942623021e-18 1.271453376520620560e-19 8.400110186648560754e-21
1.972000000000000000e+03 3.285665188823576982e-19 3.890269686403452895e-19 9.277854819425949937e-21 2.737778202632362777e-18 1.237554233972732690e-19 8.207263651475208726e-21
1.982000000000000000e+03 3.249250192790115550e-19 3.839176382369757296e-19 9.062744625225229244e-21 2.712103397099424890e-18 1.204477721485576323e-19 8.019549819917959261e-21
1.992000000000000000e+03 3.213177251890413106e-19 3.788658402003368431e-19 8.853645936873183875e-21 2.686211965990587749e-18 1.172244055290408772e-19 7.836844514836650237e-21
2.002000000000000000e+03 3.177483659294759346e-19 3.738758014733214319e-19 8.650387831460708352e-21 2.660043303180239959e-18 1.140874102829736119e-19 7.659036513632965328e-21
2.012000000000000000e+03 3.142207453880534779e-19 3.689527956390512392e-19 8.452924394229666725e-21 2.633578248777652919e-18 1.110383802576623319e-19 7.486110863299103746e-21
2.022000000000000000e+03 3.107385205209822104e-19 3.641024420757509594e-19 8.261010573224259902e-21 2.606842229857585456e-18 1.080790514317401846e-19 7.317897186315559312e-21
2.032000000000000000e+03 3.073050331043053737e-19 3.593309001456072770e-19 8.074627658864266234e-21 2.579899194049006478e-18 1.052104371621460244e-19 7.154399323617431342e-21
2.042000000000000000e+03 3.039230805168788444e-19 3.546445534196908671e-19 7.893452884697306980e-21 2.552831516653893747e-18 1.024331492564116235e-19 6.995380146238940060e-21
2.052000000000000000e+03 3.005949347912484618e-19 3.500497692633652211e-19 7.717513280487940165e-21 2.525747167907456079e-18 9.974749212494905522e-20 6.840875179767227583e-21
2.062000000000000000e+03 2.973221985264410076e-19 3.455521539896103357e-19 7.546597429131066331e-21 2.498754624036025213e-18 9.715323817275974334e-20 6.690729181859390092e-21
2.072000000000000000e+03 2.941058811522392060e-19 3.411568784529883626e-19 7.380566939477229306e-21 2.471962364324006883e-18 9.464960776572282508e-20 6.544840725340111144e-21
2.082000000000000000e+03 2.909463804285796071e-19 3.368679669956141314e-19 7.219200429539921775e-21 2.445465910233633885e-18 9.223498956284606739e-20 6.403037831252093040e-21
2.092000000000000000e+03 2.878436267597700547e-19 3.326886700825642888e-19 7.062397212806733225e-21 2.419351571864355052e-18 8.990726833564902009e-20 6.265239881646542337e-21
2.102000000000000000e+03 2.847970787099165033e-19 3.286209768878743628e-19 6.910017199519343420e-21 2.393682814406657389e-18 8.766359857374860210e-20 6.131330359998333076e-21
2.112000000000000000e+03 2.818057514690127908e-19 3.246651159627419411e-19 6.761840376460308571e-21 2.368501172999236118e-18 8.550048810485804262e-20 6.001125084672602510e-21
2.122000000000000000e+03 2.788683862929182568e-19 3.208203978820798650e-19 6.617776856068020823e-21 2.343841508893402105e-18 8.341436172527321429e-20 5.874540826823694500e-21
2.132000000000000000e+03 2.759833082240765059e-19 3.170843562012163608e-19 6.477608387755472573e-21 2.319709048925369342e-18 8.140149368862408554e-20 5.751390971072374936e-21
2.142000000000000000e+03 2.731486485015809753e-19 3.134528295582783619e-19 6.341213585161890759e-21 2.296110737663103880e-18 7.945800306960343862e-20 5.631563292043011465e-21
2.152000000000000000e+03 2.703622654371225746e-19 3.099206352530964788e-19 6.208402515939233073e-21 2.273038522647851695e-18 7.758023523946180048e-20 5.514891658852432610e-21
2.162000000000000000e+03 2.676217791098108625e-19 3.064817028811639004e-19 6.079069138905728615e-21 2.250478794603702099e-18 7.576377984042802726e-20 5.401271461805597388e-21
2.172000000000000000e+03 2.649247978851954536e-19 3.031290376938769716e-19 5.953146909989925766e-21 2.228430174731041538e-18 7.400450985610529031e-20 5.290630132284049909e-21
2.182000000000000000e+03 2.622686992865267053e-19 2.998539378192604833e-19 5.830431778611635810e-21 2.206874235208991336e-18 7.229816094742530147e-20 5.182784778260896440e-21
2.192000000000000000e+03 2.596509977168840974e-19 2.966474231740107226e-19 5.710824365976304394e-21 2.185809166542360061e-18 7.064099926497575640e-20 5.077637628164681883e-21
2.202000000000000000e+03 2.570694057591122093e-19 2.935018080406961728e-19 5.594333907023947775e-21 2.165230895655416452e-18 6.902917733458164716e-20 4.975176432985959679e-21
2.212000000000000000e+03 2.545215184896995945e-19 2.904061684908942388e-19 5.480670333772793328e-21 2.145123020348175736e-18 6.745958200344381951e-20 4.875154808263692647e-21
2.222000000000000000e+03 2.520055060035746405e-19 2.873529956780880052e-19 5.369909515287842539e-21 2.125474289692406802e-18 6.592931188086973493e-20 4.777617932331357383e-21
2.232000000000000000e+03 2.495195701236433986e-19 2.843331840177393816e-19 5.261859652072571522e-21 2.106264339011843463e-18 6.443576881823594023e-20 4.682400164335691551e-21
2.242000000000000000e+03 2.470625002361852437e-19 2.813399510115871482e-19 5.156530606374334809e-21 2.087467627296345667e-18 6.297650306627377279e-20 4.589496915700607872e-21
2.252000000000000000e+03 2.446332845599584862e-19 2.783665325311231728e-19 5.053788015071929454e-21 2.069044770329241389e-18 6.154984630108406095e-20 4.498793379164999958e-21
2.262000000000000000e+03 2.422314128856715684e-19 2.754082818683592381e-19 4.953663150594053779e-21 2.050956807953820893e-18 6.015473888746548602e-20 4.410309830386733474e-21
2.272000000000000000e+03 2.398564142605998343e-19 2.724604353460352327e-19 4.855950055917968928e-21 2.033144157125255863e-18 5.879048271689909521e-20 4.323880272501050312e-21
2.282000000000000000e+03 2.375083483548465043e-19 2.695211817061423254e-19 4.760685067888272037e-21 2.015556502981423081e-18 5.745680184322433581e-20 4.239533924574064157e-21
2.292000000000000000e+03 2.351875678854785426e-19 2.665900671252098635e-19 4.667843695201537936e-21 1.998145335319103719e-18 5.615352750636346697e-20 4.157252776799252793e-21
2.302000000000000000e+03 2.328944639333580561e-19 2.636674689426857598e-19 4.577334749235228302e-21 1.980866342330569026e-18 5.488076418410355334e-20 4.076967580753308188e-21
2.312000000000000000e+03 2.306295988325805424e-19 2.607555121961219629e-19 4.489087329421059252e-21 1.963680844780990608e-18 5.363860699086987705e-20 3.998625556781916356e-21
2.322000000000000000e+03 2.283935416277006082e-19 2.578576668122789938e-19 4.403060149883130620e-21 1.946559080995786629e-18 5.242757000693058690e-20 3.922200050160949946e-21
2.332000000000000000e+03 2.261869848982802904e-19 2.549787548264030356e-19 4.319227520304469483e-21 1.929495834768230873e-18 5.124770731288028664e-20 3.847674630924496221e-21
2.342000000000000000e+03 2.240104455563909949e-19 2.521234515561835221e-19 4.237423661943493680e-21 1.912484212675439561e-18 5.009960245309405992e-20 3.774924522463395622e-21
2.352000000000000000e+03 2.218643054288313459e-19 2.492986909936812731e-19 4.157692341168870196e-21 1.895537066238157373e-18 4.898363388363828152e-20 3.703990614522033877e-21
2.362000000000000000e+03 2.197490815403303583e-19 2.465117462728631332e-19 4.080017550467661842e-21 1.878675071691520506e-18 4.790020085862299645e-20 3.634866591163366610e-21
2.372000000000000000e+03 2.176649002746878957e-19 2.437690751345380922e-19 4.004282089788332684e-21 1.861923678743148583e-18 4.684912443626503864e-20 3.567462169095180934e-21
2.382000000000000000e+03 2.156118246484286365e-19 2.410774351993076812e-19 3.930428949997891016e-21 1.845309928509039278e-18 4.583016775465513866e-20 3.501734440116543028e-21
2.392000000000000000e+03 2.135897887171113820e-19 2.384435900700184466e-19 3.858428623255529710e-21 1.828866026162338486e-18 4.484253085489423938e-20 3.437658885263307274e-21
2.402000000000000000e+03 2.115985397783903787e-19 2.358727182039884252e-19 3.788202300586836410e-21 1.812609498667397718e-18 4.388547237951440538e-20 3.375171573964178175e-21
2.412000000000000000e+03 2.096378598359393207e-19 2.333692184254727649e-19 3.719701468154160623e-21 1.796577853540880603e-18 4.295794459460508987e-20 3.314230553476628614e-21
2.422000000000000000e+03 2.077073401741972398e-19 2.309369117657888272e-19 3.652858273890004521e-21 1.780777086556972281e-18 4.205848003192985371e-20 3.254775532859959831e-21
2.432000000000000000e+03 2.058064445943115657e-19 2.285764171307578321e-19 3.587582332884378260e-21 1.765220054110745442e-18 4.118536783096510020e-20 3.196725981014922151e-21
2.442000000000000000e+03 2.039348347678548970e-19 2.262897622003201022e-19 3.523899792440935701e-21 1.749922506713755213e-18 4.033719068127173681e-20 3.140095757757457175e-21
2.452000000000000000e+03 2.020919030426930795e-19 2.240751099350296316e-19 3.461720693922092334e-21 1.734883208173706567e-18 3.951255889725482147e-20 3.084805648888903052e-21
2.462000000000000000e+03 2.002769328963493102e-19 2.219292216077855021e-19 3.400962405085249973e-21 1.720100626152237743e-18 3.871012263067503202e-20 3.030782054715081861e-21
2.472000000000000000e+03 1.984892297899396897e-19 2.198479031501357231e-19 3.341578875269524549e-21 1.705573607820012689e-18 3.792856426837131418e-20 2.977980324494335506e-21
2.482000000000000000e+03 1.967284034280853207e-19 2.178280934087597033e-19 3.283594584727132526e-21 1.691308658177793732e-18 3.716654208234622622e-20 2.926411864380663211e-21
2.492000000000000000e+03 1.949934832505879083e-19 2.158608399430784306e-19 3.226889343814605585e-21 1.677292272701969181e-18 3.642273959510541723e-20 2.875971973365250969e-21
2.502000000000000000e+03 1.932838398488459627e-19 2.139399692640310741e-19 3.171469983864993281e-21 1.663525240913175219e-18 3.569582231154664665e-20 2.826657273640493735e-21
2.512000000000000000e+03 1.915987845601413900e-19 2.120580884339288629e-19 3.117295566290307653e-21 1.649998183016213320e-18 3.498498455512570386e-20 2.778429432957290097e-21
2.522000000000000000e+03 1.899375148149561549e-19 2.102071725741028782e-19 3.064317260287171986e-21 1.636699010161789781e-18 3.428910010203046097e-20 2.731241666180460684e-21
2.532000000000000000e+03 1.882994596675170487e-19 2.083789218268386746e-19 3.012506228011214543e-21 1.623628005424600645e-18 3.360779965591987445e-20 2.685067880435878572e-21
2.542000000000000000e+03 1.866837123175378916e-19 2.065649707152596314e-19 2.961742932901087041e-21 1.610757614432803935e-18 3.294066651518434502e-20 2.639809522220826461e-21
2.552000000000000000e+03 1.850900826283874109e-19 2.047611823155871479e-19 2.912160873199927757e-21 1.598093251778674319e-18 3.228764963331333937e-20 2.595572373510093011e-21
2.562000000000000000e+03 1.835180105902572843e-19 2.029604727866917604e-19 2.863704090137896324e-21 1.585619815448689570e-18 3.164849526231479176e-20 2.552309834203282785e-21
2.572000000000000000e+03 1.819665960145211495e-19 2.011572199681057674e-19 2.816308945761964565e-21 1.573303582629554609e-18 3.102313220909383804e-20 2.509970559304526435e-21
2.582000000000000000e+03 1.804357608614085707e-19 1.993482070420707052e-19 2.769979938591537698e-21 1.561140582778225059e-18 3.041161196309406578e-20 2.468558795376714149e-21
2.592000000000000000e+03 1.789255294348055616e-19 1.975320695539483091e-19 2.724697641126659443e-21 1.549119453356718518e-18 2.981373237489370831e-20 2.428058420926059720e-21
2.602000000000000000e+03 1.774349044847207503e-19 1.957063669124854432e-19 2.680397534711171148e-21 1.537199772744200461e-18 2.922958005076903203e-20 2.388419003696104830e-21
2.612000000000000000e+03 1.759640729058671730e-19 1.938731276384557344e-19 2.637121098708316996e-21 1.525376473060837370e-18 2.865899933415217645e-20 2.349673662974581607e-21
2.622000000000000000e+03 1.745124566820883928e-19 1.920326853322281654e-19 2.594757425184505846e-21 1.513645265535650869e-18 2.810215238209862600e-20 2.311736262381783506e-21
2.632000000000000000e+03 1.730806577109920383e-19 1.901913229061616715e-19 2.553411479114541445e-21 1.502009588657016415e-18 2.755912357517681567e-20 2.274692617857425699e-21
2.642000000000000000e+03 1.716679331362315420e-19 1.883519376628029132e-19 2.512979736549965092e-21 1.490443674128375220e-18 2.702999909383887801e-20 2.238462258935190379e-21
2.652000000000000000e+03 1.702742851707389768e-19 1.865207284006198979e-19 2.473464251473628983e-21 1.478968055263807111e-18 2.651484117204230287e-20 2.203049063469755105e-21
2.662000000000000000e+03 1.688994152440424038e-19 1.847039614659003272e-19 2.434825144622302434e-21 1.467572247846074870e-18 2.601353198143398856e-20 2.168422259477621783e-21
2.672000000000000000e+03 1.675431377080094283e-19 1.829086071179570687e-19 2.397046745591600680e-21 1.456257249648679157e-18 2.552577656875170524e-20 2.134569144486327793e-21
2.682000000000000000e+03 1.662055524835792581e-19 1.811418830627037439e-19 2.360113884111132606e-21 1.445050871565326989e-18 2.505118721719082776e-20 2.101476815898302300e-21
2.692000000000000000e+03 1.648867539708172890e-19 1.794116967317580935e-19 2.324011569141726082e-21 1.433961814626946856e-18 2.458917302897802704e-20 2.069131024052247121e-21
2.702000000000000000e+03 1.635862719978309293e-19 1.777241268063334943e-19 2.288730040862212628e-21 1.422999203766857066e-18 2.413941169082380378e-20 2.037523115172425529e-21
2.712000000000000000e+03 1.623037879780143485e-19 1.760845343153684918e-19 2.254223352233082339e-21 1.412162744793835967e-18 2.370117283251286717e-20 2.006612672914068337e-21
2.722000000000000000e+03 1.610393661078070910e-19 1.744959686710299962e-19 2.220449784932161483e-21 1.401466397490206068e-18 2.327416700567578167e-20 1.976365480928951442e-21
2.732000000000000000e+03 1.597926632409341712e-19 1.729579273466408518e-19 2.187372798184311391e-21 1.390912184252869953e-18 2.285812893814980760e-20 1.946751028788788200e-21
2.742000000000000000e+03 1.585631155000486954e-19 1.714785798050875364e-19 2.155017775297266698e-21 1.380497407816004315e-18 2.245278620921879073e-20 1.917788828845827617e-21
2.752000000000000000e+03 1.573515409702347518e-19 1.700612151079905452e-19 2.123412756942925448e-21 1.370246386062900715e-18 2.205777944158235608e-20 1.889499408815074966e-21
2.762000000000000000e+03 1.561571090995892532e-19 1.687008787791470751e-19 2.092470458286394821e-21 1.360137934931057760e-18 2.167262952138018511e-20 1.861809689862389275e-21
2.772000000000000000e+03 1.549791927215431267e-19 1.673916403049368611e-19 2.062160147300056878e-21 1.350168229707871939e-18 2.129700021340671394e-20 1.834692377824937648e-21
2.782000000000000000e+03 1.538187154878805999e-19 1.661377770307577774e-19 2.032562046957275216e-21 1.340362550721981866e-18 2.093041150769607420e-20 1.808208407732758833e-21
2.792000000000000000e+03 1.526738771018232327e-19 1.649255821896168570e-19 2.003543246691912401e-21 1.330681809981437237e-18 2.057259461906166965e-20 1.782248909896876300e-21
2.802000000000000000e+03 1.515458345578767418e-19 1.637568238286190938e-19 1.975190594645358075e-21 1.321168570552176535e-18 2.022307078927113233e-20 1.756879761140472887e-21
2.812000000000000000e+03 1.504330138999617109e-19 1.626173991557184426e-19 1.947394795291985943e-21 1.311756477589530455e-18 1.988126441423365296e-20 1.732008453137810698e-21
2.822000000000000000e+03 1.493355559625644807e-19 1.615040069922997592e-19 1.920214563588019834e-21 1.302487104997525916e-18 1.954640623896568736e-20 1.707675576219170989e-21
2.832000000000000000e+03 1.482540081070171952e-19 1.604088589855339335e-19 1.893617206268754366e-21 1.293363753024362678e-18 1.921802675513163395e-20 1.683851090840312012e-21
2.842000000000000000e+03 1.471877902064971895e-19 1.593256872128486303e-19 1.867614803962895392e-21 1.284374857748997533e-18 1.889576353723535237e-20 1.660541162560497294e-21
2.852000000000000000e+03 1.461347777661336401e-19 1.582435179401550830e-19 1.842142687213831187e-21 1.275495539446071045e-18 1.857930213833978334e-20 1.637690917961907960e-21
2.862000000000000000e+03 1.450956273415146384e-19 1.571597650510616742e-19 1.817208377356096311e-21 1.266715769074386272e-18 1.826839996037302457e-20 1.615304411549452190e-21
2.872000000000000000e+03 1.440715697672701650e-19 1.560713815695068620e-19 1.792858955836790097e-21 1.258078301118768577e-18 1.796283415245835411e-20 1.593417160482743653e-21
2.882000000000000000e+03 1.430601686447898044e-19 1.549688432309143467e-19 1.768998922963272502e-21 1.249547713963191771e-18 1.766242880399661104e-20 1.571951136538808642e-21
2.892000000000000000e+03 1.420628843900865894e-19 1.538539759408301088e-19 1.745676348642801437e-21 1.241137260029704469e-18 1.736721187306102121e-20 1.550945077806074638e-21
2.902000000000000000e+03 1.410775704207002830e-19 1.527238008720444325e-19 1.722861578788303808e-21 1.232796756561613226e-18 1.707761641119433676e-20 1.530378562202581789e-21
2.912000000000000000e+03 1.401053630151832761e-19 1.515769769247409996e-19 1.700508991231439570e-21 1.224569996122438024e-18 1.679408580379006499e-20 1.510219496647961056e-21
2.922000000000000000e+03 1.391461367570720090e-19 1.504157563915324288e-19 1.678607070841871387e-21 1.216450508931040140e-18 1.651738743532223336e-20 1.490465597696851393e-21
2.932000000000000000e+03 1.381984797086161729e-19 1.492415340684235642e-19 1.657133203924556859e-21 1.208394569389065004e-18 1.624785562006254933e-20 1.471102178029941583e-21
2.942000000000000000e+03 1.372637996887739826e-19 1.480609470077015076e-19 1.636152049228599256e-21 1.200449763872603353e-18 1.598596822663176289e-20 1.452185545783737247e-21
2.952000000000000000e+03 1.363394439985040718e-19 1.468758146664863478e-19 1.615585795230969624e-21 1.192568277871504845e-18 1.573196313735047419e-20 1.433656764368584149e-21
2.962000000000000000e+03 1.354285984205369550e-19 1.456955826581493633e-19 1.595465015957392384e-21 1.184801190926764725e-18 1.548611244341609020e-20 1.415544149050966933e-21
2.972000000000000000e+03 1.345287690768419317e-19 1.445240905477986200e-19 1.575744360410309813e-21 1.177131895759041622e-18 1.524821901352877154e-20 1.397811049133896642e-21
2.982000000000000000e+03 1.336403860571474194e-19 1.433690248272754207e-19 1.556386797411094286e-21 1.169546397334070777e-18 1.501820530943366136e-20 1.380429039147834331e-21
2.992000000000000000e+03 1.327648048504249907e-19 1.422381640001713862e-19 1.537414797438119126e-21 1.162062970421528356e-18 1.479561786952964731e-20 1.363413422106329218e-21
3.002000000000000000e+03 1.318992044874197919e-19 1.411377928299206865e-19 1.518798377580265149e-21 1.154686267535414841e-18 1.457976581397555834e-20 1.346735495763341512e-21
3.012000000000000000e+03 1.310459308439225588e-19 1.400747707493926270e-19 1.500530413339607033e-21 1.147423732298427473e-18 1.436965691372729793e-20 1.330382422964781124e-21
3.022000000000000000e+03 1.302044086433110890e-19 1.390537357049505624e-19 1.482591997500787672e-21 1.140273677886885783e-18 1.416451615213229875e-20 1.314333277435941077e-21
3.032000000000000000e+03 1.293757215952462621e-19 1.380818382054148757e-19 1.465012754662916564e-21 1.133249082615364031e-18 1.396370665361019048e-20 1.298606748700648003e-21
3.042000000000000000e+03 1.285572024116749386e-19 1.371558225234609461e-19 1.447692651282026534e-21 1.126324925469721730e-18 1.376661871683913974e-20 1.283118425596413376e-21
3.052000000000000000e+03 1.277502950673272854e-19 1.362809057188134304e-19 1.430679612891949257e-21 1.119507257337053549e-18 1.357276111570231288e-20 1.267902314647227881e-21
3.062000000000000000e+03 1.269557965902955423e-19 1.354602336296732063e-19 1.414014964964157793e-21 1.112834118066289030e-18 1.338162978948317168e-20 1.252986790127389906e-21
3.072000000000000000e+03 1.261724994308508124e-19 1.346839814101164226e-19 1.397603302130389403e-21 1.106244738121005128e-18 1.319279414853081127e-20 1.238291988085103837e-21
3.082000000000000000e+03 1.254017799355037933e-19 1.339560538311583237e-19 1.381499585183653198e-21 1.099770013970798973e-18 1.300589707095570986e-20 1.223858254295932678e-21
3.092000000000000000e+03 1.246421754899662597e-19 1.332661192922869757e-19 1.365674108641700113e-21 1.093392896023080826e-18 1.282093214390761673e-20 1.209660986092928054e-21
3.102000000000000000e+03 1.238946317150459000e-19 1.326130769790791857e-19 1.350145050839409208e-21 1.087139648979424874e-18 1.263772705461810668e-20 1.195712746719014397e-21
3.112000000000000000e+03 1.231588796537498027e-19 1.319837694835707973e-19 1.334872192594585610e-21 1.080956624000043938e-18 1.245665133861826965e-20 1.181983951941538656e-21
3.122000000000000000e+03 1.224312530368194345e-19 1.313718938735789982e-19 1.319836703416143610e-21 1.074806690073919631e-18 1.227800123820723919e-20 1.168461544286013918e-21
3.132000000000000000e+03 1.217169355659352730e-19 1.307790668512212870e-19 1.305122344024476596e-21 1.068784663952115550e-18 1.210221093876193492e-20 1.155215797691485601e-21
3.142000000000000000e+03 1.210134484875474380e-19 1.301954918797796911e-19 1.290696961723026280e-21 1.062843027380016026e-18 1.192939416558747182e-20 1.142221505331190914e-21
3.152000000000000000e+03 1.203197040591125998e-19 1.296124978546597923e-19 1.276545309209190876e-21 1.056969384200691356e-18 1.175969176701136307e-20 1.129467311788775506e-21
3.162000000000000000e+03 1.196371274608201791e-19 1.290258410533257670e-19 1.262679929653589436e-21 1.051164879517507737e-18 1.159297503097394205e-20 1.116961765002727377e-21
3.172000000000000000e+03 1.189650596749982085e-19 1.284269140221689754e-19 1.249096546483885591e-21 1.045445467728471483e-18 1.142928583680371864e-20 1.104701329046734862e-21
3.182000000000000000e+03 1.182993530803285617e-19 1.278098191505085267e-19 1.235762193523050678e-21 1.039780299204484693e-18 1.126858951600534807e-20 1.092659215414000657e-21
3.192000000000000000e+03 1.176455617737328826e-19 1.271793385266813602e-19 1.222727984705582729e-21 1.034167805689328806e-18 1.111067682695985153e-20 1.080874383506902659e-21
3.202000000000000000e+03 1.169979805136733762e-19 1.265231734576328727e-19 1.209920019343309928e-21 1.028597222724861735e-18 1.095535466960396529e-20 1.069285965545006049e-21
3.212000000000000000e+03 1.163614317985655735e-19 1.258487214425654381e-19 1.197402794259424464e-21 1.023127281134895246e-18 1.080274855980406821e-20 1.057946645976281620e-21
3.222000000000000000e+03 1.157335208947063039e-19 1.251565845600625905e-19 1.185143908076741744e-21 1.017698676993217407e-18 1.065323740222858673e-20 1.046834643463317309e-21
3.232000000000000000e+03 1.151122874557962905e-19 1.244445806538256918e-19 1.173108288051038365e-21 1.012338428724183019e-18 1.050729577597339181e-20 1.035927114425353993e-21
3.242000000000000000e+03 1.144986746382039094e-19 1.237196741270116870e-19 1.161311992440709379e-21 1.007004876491182502e-18 1.036538062338198213e-20 1.025241873276261481e-21
3.252000000000000000e+03 1.138938430721580964e-19 1.229878556616370993e-19 1.149733119309233120e-21 1.001741894408177299e-18 1.022779473355992143e-20 1.014765752063670239e-21
3.262000000000000000e+03 1.132967831506023890e-19 1.222524800405335609e-19 1.138351698348850931e-21 9.965467548289164599e-19 1.009472272815752267e-20 1.004485602011616756e-21
3.272000000000000000e+03 1.127067545929502811e-19 1.215202386058303533e-19 1.127182146997981969e-21 9.914633121852596949e-19 9.966019800359602620e-21 9.944121034211536117e-22
3.282000000000000000e+03 1.121258793173503162e-19 1.208005490307333616e-19 1.116205258684126853e-21 9.864296585497344776e-19 9.841696602536319678e-21 9.845315505328044258e-22
3.292000000000000000e+03 1.115512227398037570e-19 1.201019351106243927e-19 1.105420590139928803e-21 9.814456336203760558e-19 9.721281822934159307e-21 9.748395851496491662e-22
3.302000000000000000e+03 1.109870270326929315e-19 1.194282527557405927e-19 1.094781135220394910e-21 9.765924927731569143e-19 9.604623080806211045e-21 9.652990745003696182e-22
3.312000000000000000e+03 1.104282294276965254e-19 1.187681198157393860e-19 1.084212567069106227e-21 9.718358613023584044e-19 9.491393969186449626e-21 9.558480711690522865e-22
3.322000000000000000e+03 1.098792780057345291e-19 1.181558661935636536e-19 1.073833368116191304e-21 9.671548251868724102e-19 9.381407151534433802e-21 9.465795453026632124e-22
3.332000000000000000e+03 1.093396166784441636e-19 1.175901543322923268e-19 1.063630388599645673e-21 9.626144004446107544e-19 9.274180309731235135e-21 9.374784122451085329e-22
3.342000000000000000e+03 1.088068227638353868e-19 1.170749278249153930e-19 1.053582080768151217e-21 9.581256333191664250e-19 9.169263133793342822e-21 9.285233782453114915e-22
3.352000000000000000e+03 1.082831615371112822e-19 1.166058977144577188e-19 1.043643913480102092e-21 9.537562106871174251e-19 9.066303012316919233e-21 9.196762227317026488e-22
3.362000000000000000e+03 1.077735645781475453e-19 1.161934562809855775e-19 1.033883243503198548e-21 9.495336025730372821e-19 8.964755681621877794e-21 9.109846471179932458e-22
3.372000000000000000e+03 1.072699743239094678e-19 1.158331014021842416e-19 1.024224088019076634e-21 9.453079806036993686e-19 8.864251031967689383e-21 9.023847387991315930e-22
3.382000000000000000e+03 1.067811584304335434e-19 1.155253846340165442e-19 1.014755167111745049e-21 9.412567707259984004e-19 8.764255052300738742e-21 8.939405074214496636e-22
3.392000000000000000e+03 1.062943121497899201e-19 1.152545595484463587e-19 1.005360869572582840e-21 9.371937055397645974e-19 8.664658911031275479e-21 8.855588955014593012e-22
3.402000000000000000e+03 1.058230563514947060e-19 1.150269730820537277e-19 9.961524813810915151e-22 9.332359967078096915e-19 8.565384910807035347e-21 8.773266941406655388e-22
3.412000000000000000e+03 1.053628453398019369e-19 1.148303897589960196e-19 9.871072232939647966e-22 9.293571359062594889e-19 8.466606051731125720e-21 8.692267679244826338e-22
3.422000000000000000e+03 1.049144892555753132e-19 1.146625371636352051e-19 9.782337312007236328e-22 9.255414500583223127e-19 8.368526199537408143e-21 8.612676897870459533e-22
3.432000000000000000e+03 1.044729029316034592e-19 1.145103961373950542e-19 9.694996053822763272e-22 9.217199127923888679e-19 8.271303587881724176e-21 8.534247426315418321e-22
3.442000000000000000e+03 1.040424270662195732e-19 1.143648568835924769e-19 9.609485874524091337e-22 9.179508338179680274e-19 8.175041339091950355e-21 8.457326683991964481e-22
3.452000000000000000e+03 1.036233509294950194e-19 1.142203783824507036e-19 9.526024994692335889e-22 9.142448646987983111e-19 8.079725951640402256e-21 8.382078516877447743e-22
3.462000000000000000e+03 1.032111833465808399e-19 1.140652235243000367e-19 9.444175325035660553e-22 9.105403981898744200e-19 7.985187027820287485e-21 8.308134630169273184e-22
3.472000000000000000e+03 1.028119278716697491e-19 1.138924099773717267e-19 9.364444625655451435e-22 9.069207524598091315e-19 7.891296582407742665e-21 8.235873970420380586e-22
3.482000000000000000e+03 1.024190699788649804e-19 1.137009108910819639e-19 9.286661355114964379e-22 9.033570270804712344e-19 7.798082263938792120e-21 8.165160286936061775e-22
3.492000000000000000e+03 1.020322325539783844e-19 1.134722439621033189e-19 9.210582664748975188e-22 8.998137250303774444e-19 7.705576974409895966e-21 8.095798082786584578e-22
3.502000000000000000e+03 1.016588931203112444e-19 1.132136656731577526e-19 9.135530281703124809e-22 8.962538083153624459e-19 7.614108502365249521e-21 8.027307129138687918e-22
3.512000000000000000e+03 1.012849302878944154e-19 1.129212666183124870e-19 9.062579518975790896e-22 8.927243691944233483e-19 7.523659037693364711e-21 7.960505220403366991e-22
3.522000000000000000e+03 1.009244964560701483e-19 1.126044401837403158e-19 8.991862828000537364e-22 8.892759563647309568e-19 7.434499924191136978e-21 7.895537618313017247e-22
3.532000000000000000e+03 1.005674563798980469e-19 1.122579682601883049e-19 8.922729821568413652e-22 8.858449835708474102e-19 7.347060875337395598e-21 7.831941608840126758e-22
3.542000000000000000e+03 1.002096252678131975e-19 1.118775689904780739e-19 8.854921056491940955e-22 8.823628235840894565e-19 7.262136681909164610e-21 7.769604440690431854e-22
3.552000000000000000e+03 9.987198283382754620e-20 1.114904693081324524e-19 8.789863084131044385e-22 8.790232541311677980e-19 7.180484532194298026e-21 7.709741568665936589e-22
3.562000000000000000e+03 9.952700109387705535e-20 1.110749134029807801e-19 8.725079217797261206e-22 8.756730178682551121e-19 7.103088330909366096e-21 7.650537708522979172e-22
3.572000000000000000e+03 9.919521903802573016e-20 1.106601114360436939e-19 8.662413974446732348e-22 8.723596443072298160e-19 7.030525615636507001e-21 7.593512463695633935e-22
3.582000000000000000e+03 9.886227446968142402e-20 1.102413830485346862e-19 8.600395634913800437e-22 8.690472157576471793e-19 6.962994413662841311e-21 7.537553879539780771e-22
3.592000000000000000e+03 9.853576511431702273e-20 1.098333042279965042e-19 8.539883869931307080e-22 8.658147596828172041e-19 6.900151769726339047e-21 7.483300566399332120e-22
3.602000000000000000e+03 9.821460524396237787e-20 1.094407130521143073e-19 8.479898117177797152e-22 8.626740108364385056e-19 6.841632502219858868e-21 7.429962928207922233e-22
3.612000000000000000e+03 9.790825391654428510e-20 1.090791201445361578e-19 8.421255753012830722e-22 8.596894825926913158e-19 6.786910040005113330e-21 7.378122677476885294e-22
3.622000000000000000e+03 9.759504572202185337e-20 1.087434247197274294e-19 8.362426875270125055e-22 8.567690294746586987e-19 6.735291891663555796e-21 7.326510112335085840e-22
3.632000000000000000e+03 9.728818799503937697e-20 1.084511733867754843e-19 8.304320163833768066e-22 8.538575312159597831e-19 6.685982223806102148e-21 7.275744545567823275e-22
3.642000000000000000e+03 9.699699768782897240e-20 1.082087009467244158e-19 8.246991819855423085e-22 8.511986879827489872e-19 6.638071603904824644e-21 7.225771219492519209e-22
3.652000000000000000e+03 9.671161016115469498e-20 1.080142959025347647e-19 8.190052624400711027e-22 8.486572639262322871e-19 6.590662923603116754e-21 7.176177331196689855e-22
3.662000000000000000e+03 9.643167958667667697e-20 1.078712349987393543e-19 8.133215545097431740e-22 8.462860064250354466e-19 6.542893924363016221e-21 7.126641217208102014e-22
3.672000000000000000e+03 9.616007031344035639e-20 1.077801393528521056e-19 8.076818657072845192e-22 8.440039131836122935e-19 6.494218477724449999e-21 7.077357895469485993e-22
3.682000000000000000e+03 9.590134023653373010e-20 1.077406844910205210e-19 8.020883557713222614e-22 8.418385958091360269e-19 6.444076316635809505e-21 7.028278520733449403e-22
3.692000000000000000e+03 9.564868126006434273e-20 1.077142670119234752e-19 7.964439797104592869e-22 8.398257949570672374e-19 6.392556958568157884e-21 6.978647143896340436e-22
3.702000000000000000e+03 9.540618006224768302e-20 1.077381675759801750e-19 7.908650547858921600e-22 8.379374801965430854e-19 6.339863754759984804e-21 6.929397147699456510e-22
3.712000000000000000e+03 9.517754322062421171e-20 1.078096899466393311e-19 7.853734700611170525e-22 8.361164670662701182e-19 6.286403683790520802e-21 6.880743431853297495e-22
3.722000000000000000e+03 9.495961620294697597e-20 1.079089764494154425e-19 7.799289194014178782e-22 8.343761775583840410e-19 6.232443950209743977e-21 6.832396987646582710e-22
3.732000000000000000e+03 9.474674969283555321e-20 1.080275541784709537e-19 7.745423275635444564e-22 8.326037137147137149e-19 6.178346562188504550e-21 6.784476720963376025e-22
3.742000000000000000e+03 9.454805533170543449e-20 1.081633020698056749e-19 7.692607040565025964e-22 8.309959979276069121e-19 6.124312692632674921e-21 6.737371662823626462e-22
3.752000000000000000e+03 9.436114466826029177e-20 1.083019943183184113e-19 7.640599051191163429e-22 8.293800934209486432e-19 6.070681860467839039e-21 6.690928933968271128e-22
3.762000000000000000e+03 9.418379227396403916e-20 1.084274760867034319e-19 7.589617850772798371e-22 8.277592119634772630e-19 6.017577757666099789e-21 6.645323697440353300e-22
3.772000000000000000e+03 9.401771236104006765e-20 1.085406674872704913e-19 7.539846535988309533e-22 8.262770560179428596e-19 5.964848044817602634e-21 6.600679743240906875e-22
3.782000000000000000e+03 9.384789400514364156e-20 1.086156304051617237e-19 7.490826671613551891e-22 8.246227238083657897e-19 5.912136067027710741e-21 6.556582769626312574e-22
3.792000000000000000e+03 9.370069082572052244e-20 1.086665449087125855e-19 7.443465110710763420e-22 8.230537088844803751e-19 5.859297073390346946e-21 6.513728721337500633e-22
3.802000000000000000e+03 9.355969037604541421e-20 1.086763898987411024e-19 7.397528129906124758e-22 8.215781581246120466e-19 5.806267716364893674e-21 6.471914908916349042e-22
3.812000000000000000e+03 9.342255162094726446e-20 1.086435173929635410e-19 7.352540175049504589e-22 8.199759585875555312e-19 5.753029493167486917e-21 6.430770353032473955e-22
3.822000000000000000e+03 9.328048256481389305e-20 1.085614313067519236e-19 7.308664757064812664e-22 8.183980664235877753e-19 5.699625276387768715e-21 6.390418506942906231e-22
3.832000000000000000e+03 9.316071473227818398e-20 1.084517771774388296e-19 7.266732849696069102e-22 8.169369271873491099e-19 5.646191915640360361e-21 6.351530448858185110e-22
3.842000000000000000e+03 9.303505039683492989e-20 1.082948412277207238e-19 7.225530367653332132e-22 8.153899819450436571e-19 5.593147532903134290e-21 6.313208031715236563e-22
3.852000000000000000e+03 9.291349458539446071e-20 1.081089864470499574e-19 7.185466504176645811e-22 8.137386991080938426e-19 5.541045403084397504e-21 6.275844836915580101e-22
3.862000000000000000e+03 9.280031728749762749e-20 1.078982490588900903e-19 7.146460917608276367e-22 8.121749614111125407e-19 5.490896553881458191e-21 6.239514824993218733e-22
3.872000000000000000e+03 9.268193624172171992e-20 1.076721606035405447e-19 7.108488950854748165e-22 8.106499623778584239e-19 5.443437187612091143e-21 6.204294478815137002e-22
3.882000000000000000e+03 9.256791994707328017e-20 1.074346622281440802e-19 7.070823560388737790e-22 8.090882613830349767e-19 5.399621025948378216e-21 6.169764459707351743e-22
3.892000000000000000e+03 9.245343615097901881e-20 1.071823327865359604e-19 7.032222269853581152e-22 8.074618272427608772e-19 5.359960339087153406e-21 6.135049375819558791e-22
3.902000000000000000e+03 9.235118057372503991e-20 1.069515036230973778e-19 6.995230945512032679e-22 8.060382955736461958e-19 5.324641850941146552e-21 6.102136360591232742e-22
3.912000000000000000e+03 9.224811020419387575e-20 1.067460552538552868e-19 6.958895170445495299e-22 8.046106300873374495e-19 5.293254744281961449e-21 6.070242675000403277e-22
3.922000000000000000e+03 9.214383856432392888e-20 1.065728966208156170e-19 6.922855341919951969e-22 8.033783418225357882e-19 5.265161467959537062e-21 6.039015790536154897e-22
3.932000000000000000e+03 9.204680354912448774e-20 1.064462797611680827e-19 6.886930405034676921e-22 8.020356241448941225e-19 5.239637087898416315e-21 6.008229242405462390e-22
3.942000000000000000e+03 9.196214750991994471e-20 1.063625842892784268e-19 6.851211165581646027e-22 8.010009089875552496e-19 5.215660451581281452e-21 5.977820521096123196e-22
3.952000000000000000e+03 9.187046189247610017e-20 1.063374857335506326e-19 6.815148078493520291e-22 8.000674582349817216e-19 5.192325733166224140e-21 5.947246923558312500e-22
3.962000000000000000e+03 9.179942320065856242e-20 1.063730184269011287e-19 6.779450275561409139e-22 7.992247642525926461e-19 5.168472808759425544e-21 5.916907650435735832e-22
3.972000000000000000e+03 9.171825904598072405e-20 1.064561702865140500e-19 6.742807860243835056e-22 7.984083542999267884e-19 5.143391322896716082e-21 5.885694213572077181e-22
3.982000000000000000e+03 9.165950048626166286e-20 1.066111695254168649e-19 6.707008980454054604e-22 7.979351300711524623e-19 5.116564744241295578e-21 5.854923422120726115e-22
3.992000000000000000e+03 9.161508927412833058e-20 1.068187125504404811e-19 6.670905251072807364e-22 7.974220872816561784e-19 5.087811082308473591e-21 5.823684350494780216e-22
4.002000000000000000e+03 9.157507469083706615e-20 1.070782224481869866e-19 6.635101582419574642e-22 7.969800535437815193e-19 5.057175957462932699e-21 5.792439105540907490e-22
4.012000000000000000e+03 9.154725629585675512e-20 1.073845189480151165e-19 6.599446611215114268e-22 7.966224752211956042e-19 5.024860650211487696e-21 5.761098724771580413e-22
4.022000000000000000e+03 9.153370532730104122e-20 1.077232795997244942e-19 6.564185699154420797e-22 7.962630006556964366e-19 4.991156788762813269e-21 5.729882752112183040e-22
4.032000000000000000e+03 9.153198804957694387e-20 1.080853207845328446e-19 6.529440810989306252e-22 7.958574275711725802e-19 4.956459525638225250e-21 5.698930399445006664e-22
4.042000000000000000e+03 9.154224623633052348e-20 1.084660979875156165e-19 6.495567303636161470e-22 7.955630697385230069e-19 4.921117857285046484e-21 5.668556220443996514e-22
4.052000000000000000e+03 9.156821520459146697e-20 1.088510046028710422e-19 6.462932729507008138e-22 7.951747527290200195e-19 4.885753398174060129e-21 5.639117330392313396e-22
4.062000000000000000e+03 9.161658383865191549e-20 1.092229238917015928e-19 6.431406754268853255e-22 7.949615953265014716e-19 4.850723778532068091e-21 5.610560413914467003e-22
4.072000000000000000e+03 9.166169359136626502e-20 1.095617926428015879e-19 6.400691154159305579e-22 7.945578918708506337e-19 4.816711674818219993e-21 5.582733200428412281e-22
4.082000000000000000e+03 9.172443184255943204e-20 1.098184914724003318e-19 6.369863335100650404e-22 7.942782652046055336e-19 4.784250187424265081e-21 5.555003995705875266e-22
4.092000000000000000e+03 9.178466532554887342e-20 1.100614933077761147e-19 6.341045668216645072e-22 7.938804825628195591e-19 4.753630102198837062e-21 5.529037544047072541e-22
4.102000000000000000e+03 9.187067029282258581e-20 1.102769897708718062e-19 6.314776075609016025e-22 7.936973373939028613e-19 4.724709682800776683e-21 5.505233102852984528e-22
4.112000000000000000e+03 9.196710302036784371e-20 1.104366430197352907e-19 6.290059759121509665e-22 7.934942361099075009e-19 4.697021201744938048e-21 5.482758011554870584e-22
4.122000000000000000e+03 9.203393831717400518e-20 1.105301697172883478e-19 6.266543796633743826e-22 7.930947550046499119e-19 4.670005256807710966e-21 5.461251173005007894e-22
4.132000000000000000e+03 9.214637403998489242e-20 1.105802366090224342e-19 6.245822720114641324e-22 7.929583053730276510e-19 4.642864012617106624e-21 5.441848132308843129e-22
4.142000000000000000e+03 9.223121578897893642e-20 1.105661875124222285e-19 6.226117562080623534e-22 7.925972874447985910e-19 4.615125024837089075e-21 5.423097728048935663e-22
4.152000000000000000e+03 9.234533303513769157e-20 1.105078796796997066e-19 6.208945264696016508e-22 7.923853807978749057e-19 4.586459705214357133e-21 5.406128194029627641e-22
4.162000000000000000e+03 9.242855926122155193e-20 1.103986778943886247e-19 6.192811387653879532e-22 7.920417865076008467e-19 4.557215694906475442e-21 5.389825841555153143e-22
4.172000000000000000e+03 9.252712251046387032e-20 1.102611512790032565e-19 6.178473810708641135e-22 7.915476599924604970e-19 4.528397603572994896e-21 5.374923157964027456e-22
4.182000000000000000e+03 9.262587838122856103e-20 1.100898995894565780e-19 6.164999161633914656e-22 7.912030815102320431e-19 4.501879353394157514e-21 5.360972527463540082e-22
4.192000000000000000e+03 9.272623936740124322e-20 1.099071552173015686e-19 6.153138839826554666e-22 7.908636061317214450e-19 4.479593905513082155e-21 5.348827014484922524e-22
4.202000000000000000e+03 9.280629565952236315e-20 1.097205768274363569e-19 6.141949020570126476e-22 7.902879018485340415e-19 4.462877784831091665e-21 5.337965571180878262e-22
4.212000000000000000e+03 9.288398216066788156e-20 1.095403584637866086e-19 6.131341196378812705e-22 7.897722164261162701e-19 4.452203020711499670e-21 5.328406201040130362e-22
4.222000000000000000e+03 9.297064052091932998e-20 1.093798265887123796e-19 6.122007508748576562e-22 7.894096624996098022e-19 4.447232102235778545e-21 5.320633657265849783e-22
4.232000000000000000e+03 9.304215443429123996e-20 1.092426039057534732e-19 6.111942217054223861e-22 7.890231414725160586e-19 4.447044527544060011e-21 5.312991759423490351e-22
4.242000000000000000e+03 9.312737874569070765e-20 1.091389162447522934e-19 6.101953496303444425e-22 7.888644735566414497e-19 4.450439884349224147e-21 5.305927614614070173e-22
4.252000000000000000e+03 9.320807731683974097e-20 1.090756884594899318e-19 6.092301122897175474e-22 7.888408640288632957e-19 4.456297325861594191e-21 5.299468267612065670e-22
4.262000000000000000e+03 9.327368162601520800e-20 1.090520891015240138e-19 6.081548400563631207e-22 7.888440848733366833e-19 4.463507547211691909e-21 5.292360921874417155e-22
4.272000000000000000e+03 9.336825286627292280e-20 1.090245778606064811e-19 6.069347236445014849e-22 7.892881773050608533e-19 4.471227573401069924e-21 5.284224275168768914e-22
4.282000000000000000e+03 9.344617172757342095e-20 1.090410108543925542e-19 6.056638876346861593e-22 7.899042165537732437e-19 4.478436463307071060e-21 5.275621760581523293e-22
4.292000000000000000e+03 9.354272457254629420e-20 1.091050026109084767e-19 6.043838592201079775e-22 7.907047618329429013e-19 4.484289479530019234e-21 5.266764642562738331e-22
4.302000000000000000e+03 9.362886713682801724e-20 1.092143087165707457e-19 6.030514121694804693e-22 7.915353300928802628e-19 4.488082907624640035e-21 5.257220452256238381e-22
4.312000000000000000e+03 9.372333307463342450e-20 1.093634903627256666e-19 6.016986269545743520e-22 7.926903209477601898e-19 4.489479687091023186e-21 5.247196509222915269e-22
4.322000000000000000e+03 9.383869885704197178e-20 1.095268461494555868e-19 6.002899479709715010e-22 7.940295506538502615e-19 4.488230065412922619e-21 5.236389506573975490e-22
4.332000000000000000e+03 9.394627609321600896e-20 1.097105277620318321e-19 5.988081755434230139e-22 7.952963191758130127e-19 4.484479099150234323e-21 5.224682539000151922e-22
4.342000000000000000e+03 9.406190689023471872e-20 1.098888189732631035e-19 5.973135599197776118e-22 7.966583775242500954e-19 4.478291618728329465e-21 5.212545052535717847e-22
4.352000000000000000e+03 9.419450147913666884e-20 1.100722151799217704e-19 5.958147284511737863e-22 7.980752239352684601e-19 4.469692498459550885e-21 5.200052754862293058e-22
4.362000000000000000e+03 9.432569114336645595e-20 1.102375506602653856e-19 5.943227057491940460e-22 7.994089075683252334e-19 4.458648421447617858e-21 5.187274624806388696e-22
4.372000000000000000e+03 9.446078385483278313e-20 1.103774861265365022e-19 5.928277564485930866e-22 8.005564326778182646e-19 4.445493713364583042e-21 5.174181454062914803e-22
4.382000000000000000e+03 9.462170746587828214e-20 1.104868798857738459e-19 5.914076558815541976e-22 8.019430272412522012e-19 4.430699943489061323e-21 5.161436184935250187e-22
4.392000000000000000e+03 9.475917216883704113e-20 1.105539046859706422e-19 5.899652867667053288e-22 8.028669053935886493e-19 4.414720758839580114e-21 5.148339516193617029e-22
4.402000000000000000e+03 9.489777555606388930e-20 1.105766137489037076e-19 5.885925387200061369e-22 8.038107856164131869e-19 4.397878273047434979e-21 5.135643131645770400e-22
4.412000000000000000e+03 9.505960724283223767e-20 1.105543344332640693e-19 5.873421007532575232e-22 8.048602454354563800e-19 4.380229093371733912e-21 5.123761096763404450e-22
4.422000000000000000e+03 9.519343622997244570e-20 1.104829255466248091e-19 5.860863127197712611e-22 8.055080161053867575e-19 4.361661810113127668e-21 5.111687062479091999e-22
4.432000000000000000e+03 9.533707350143997662e-20 1.103674940137647538e-19 5.849272229154801342e-22 8.062135395385722040e-19 4.341797296639312344e-21 5.100157233925974741e-22
4.442000000000000000e+03 9.545864062919842864e-20 1.102084900914637197e-19 5.838066433886497394e-22 8.065818979629597897e-19 4.320424775193164673e-21 5.088685963651445187e-22
4.452000000000000000e+03 9.557814991289180682e-20 1.100126383330164800e-19 5.827588748812077826e-22 8.069891785655179678e-19 4.297290511797828533e-21 5.077502918468702854e-22
4.462000000000000000e+03 9.569205391154472937e-20 1.097814009639158614e-19 5.816092931600659178e-22 8.071847542562704708e-19 4.273028152972604506e-21 5.065364869785366251e-22
4.472000000000000000e+03 9.578072203548260579e-20 1.095236817033300264e-19 5.804242439512408839e-22 8.072354930135777409e-19 4.248853431229989630e-21 5.052941967982861469e-22
4.482000000000000000e+03 9.586733657716171546e-20 1.092538283795546391e-19 5.793121484979703006e-22 8.071322642845672914e-19 4.226564223135373141e-21 5.041321368630563139e-22
4.492000000000000000e+03 9.592857698475946503e-20 1.089761122134517486e-19 5.782555290514673381e-22 8.069845742293602224e-19 4.207732599177317879e-21 5.030593823995343483e-22
4.502000000000000000e+03 9.598579835160632116e-20 1.086975721418211014e-19 5.771855571019501960e-22 8.065764792746827024e-19 4.193296336478318865e-21 5.020385752900278055e-22
4.512000000000000000e+03 9.602121515190055871e-20 1.084238605850308884e-19 5.761120220282475162e-22 8.062076242546509825e-19 4.183126498991179924e-21 5.010755637150577479e-22
4.522000000000000000e+03 9.604729438388792443e-20 1.081599256563415771e-19 5.749372705738286346e-22 8.056665330346478581e-19 4.176476766272106760e-21 5.000863236324335817e-22
4.532000000000000000e+03 9.605204880833083437e-20 1.079118190481701345e-19 5.737048242011866836e-22 8.051478410612474826e-19 4.172103892659332255e-21 4.990857463210420126e-22
4.542000000000000000e+03 9.606215562966108103e-20 1.076815395344361179e-19 5.724123066814757536e-22 8.046286746627348467e-19 4.168431352185471437e-21 4.980500681544781533e-22
4.552000000000000000e+03 9.603900256774112741e-20 1.074720681689648071e-19 5.709983737622948673e-22 8.039619371308740652e-19 4.163976056023682453e-21 4.969105649428007910e-22
4.562000000000000000e+03 9.602163387300576936e-20 1.072841256631754004e-19 5.694969468134585759e-22 8.033903506975377069e-19 4.157716773166171624e-21 4.956795635602993320e-22
4.572000000000000000e+03 9.599255707015249124e-20 1.071169062617056542e-19 5.679160489438604953e-22 8.027460053292108511e-19 4.149119403184238022e-21 4.943551020084079583e-22
4.582000000000000000e+03 9.595924774533181517e-20 1.069667115924910701e-19 5.662201750225553270e-22 8.020855507355979813e-19 4.137985964845644207e-21 4.929076895381282431e-22
4.592000000000000000e+03 9.591995242791762809e-20 1.068317393625722606e-19 5.644567862201122306e-22 8.014183627261478542e-19 4.124391954153886361e-21 4.913743048884483384e-22
4.602000000000000000e+03 9.587892134035231839e-20 1.067082377502079878e-19 5.626173151105439131e-22 8.005957605875665956e-19 4.108591328844307444e-21 4.897520021888428025e-22
4.612000000000000000e+03 9.583179028353198856e-20 1.065913088530298234e-19 5.607207054301635575e-22 7.997020474084760526e-19 4.091083846420804846e-21 4.880619751085658625e-22
4.622000000000000000e+03 9.578419049896461179e-20 1.064752602468858521e-19 5.588196615064397418e-22 7.986665286571111290e-19 4.072426783723648234e-21 4.863519956575023826e-22
4.632000000000000000e+03 9.573284437064044449e-20 1.063568266199841921e-19 5.569206655000569558e-22 7.976187208618633205e-19 4.053651987355313121e-21 4.846415172222155579e-22
4.642000000000000000e+03 9.568614414668753545e-20 1.062309557018651783e-19 5.550910742143917003e-22 7.965070670863255782e-19 4.035698498474422509e-21 4.829950656292553532e-22
4.652000000000000000e+03 9.562953319118560806e-20 1.060936356881811817e-19 5.532791880489768861e-22 7.954046330462189507e-19 4.020044853551500008e-21 4.813943265208657466e-22
4.662000000000000000e+03 9.556987124829699595e-20 1.059050213276318693e-19 5.512305843735147669e-22 7.942805661705290943e-19 4.008136977538026248e-21 4.796668511412047110e-22
4.672000000000000000e+03 9.549678424203235220e-20 1.057267670759263706e-19 5.494408982617764665e-22 7.931058789855359544e-19 4.001365749141131737e-21 4.782086523755345773e-22
4.682000000000000000e+03 9.542299520911257396e-20 1.055396320879897775e-19 5.478180512730875910e-22 7.920536943792903031e-19 4.000767039633038610e-21 4.769642987519275436e-22
4.692000000000000000e+03 9.534142899983814969e-20 1.053362659312459070e-19 5.463599710241107933e-22 7.910857496548569805e-19 4.007178604953208127e-21 4.759426701985641437e-22
4.702000000000000000e+03 9.524489540549586889e-20 1.051161616762636302e-19 5.450325158387869923e-22 7.901022089629890551e-19 4.021299133319563045e-21 4.751255231881663087e-22
4.712000000000000000e+03 9.514162670584017231e-20 1.048820887175581220e-19 5.438796777849750734e-22 7.891971704285171379e-19 4.043268570916976753e-21 4.745456347593870447e-22
4.722000000000000000e+03 9.502886132184676592e-20 1.046328898394624738e-19 5.429211358225700458e-22 7.884073998924276144e-19 4.072829039481689399e-21 4.742108850671041947e-22
4.732000000000000000e+03 9.490626580566205840e-20 1.043722621624535938e-19 5.421329028265507637e-22 7.876206602769344607e-19 4.108821011166451674e-21 4.740836453718716417e-22
4.742000000000000000e+03 9.476681858127815603e-20 1.040995780468853312e-19 5.414732637163620418e-22 7.867939234958119707e-19 4.149696234122543859e-21 4.741079833830698423e-22
4.752000000000000000e+03 9.461268464933376162e-20 1.038196437515388515e-19 5.409332460324571023e-22 7.858185337242201912e-19 4.192943213409426663e-21 4.742422548113305247e-22
4.762000000000000000e+03 9.444768222678059610e-20 1.035344687260372244e-19 5.405143552261756291e-22 7.848299654018641148e-19 4.235165986817070455e-21 4.744444008767622547e-22
4.772000000000000000e+03 9.427027500893896596e-20 1.032463364420223302e-19 5.401780274204959226e-22 7.837103751300933493e-19 4.271845421221182392e-21 4.746305792692658415e-22
4.782000000000000000e+03 9.408107779234413484e-20 1.029574648647927548e-19 5.398816417601172739e-22 7.824787536879975794e-19 4.298189251905399443e-21 4.747134811341549450e-22
4.792000000000000000e+03 9.387864009345714485e-20 1.026692735162136647e-19 5.395867207798306964e-22 7.810941363788455555e-19 4.311552468442544374e-21 4.746360307636317279e-22
4.802000000000000000e+03 9.366622679508912076e-20 1.023834335975984751e-19 5.392584312081082243e-22 7.795798350074923943e-19 4.314645961793441537e-21 4.744073073134289872e-22
4.812000000000000000e+03 9.344556853040588722e-20 1.021001742652681105e-19 5.388616099484310771e-22 7.779682478060564092e-19 4.315171835722176564e-21 4.740941573347166606e-22
4.822000000000000000e+03 9.321419964358639251e-20 1.018205180035658482e-19 5.383353704742569560e-22 7.762078176790861971e-19 4.320606104524368438e-21 4.737395247686555288e-22
4.832000000000000000e+03 9.297614522249403257e-20 1.015441605172085174e-19 5.376707645959822208e-22 7.743628126863376218e-19 4.334212660415171805e-21 4.733747066227859043e-22
4.842000000000000000e+03 9.273167657018853800e-20 1.012702953815224105e-19 5.368145797765056968e-22 7.724448722365358720e-19 4.355251418428645141e-21 4.729470867604441325e-22
4.852000000000000000e+03 9.248273371163028683e-20 1.009976862288041360e-19 5.353065736008449013e-22 7.704609052375337476e-19 4.381350219610123896e-21 4.720676370152298392e-22
4.862000000000000000e+03 9.222924574911904791e-20 1.007276828784516676e-19 5.338471518241584822e-22 7.684133377086263115e-19 4.409235024458856242e-21 4.712393785192945638e-22
4.872000000000000000e+03 9.197403186054357702e-20 1.004601191421802111e-19 5.322137758559827312e-22 7.663396938314914156e-19 4.435962695765303580e-21 4.702549250831268755e-22
4.882000000000000000e+03 9.171667933646069392e-20 1.001929552466498805e-19 5.304249043777012635e-22 7.642462602719809640e-19 4.459095023761805842e-21 4.691016521746949568e-22
4.892000000000000000e+03 9.145843680899143058e-20 9.992601143644130329e-20 5.284180565873041064e-22 7.621379115557563500e-19 4.477016758818032179e-21 4.677142766629219356e-22
4.902000000000000000e+03 9.120023009971973076e-20 9.965972301639473484e-20 5.262165869752518441e-22 7.600153220552892178e-19 4.488640354155742062e-21 4.661010330425040445e-22
4.912000000000000000e+03 9.094150606435669630e-20 9.939282825954683827e-20 5.237715740515101608e-22 7.578709055143133730e-19 4.493782079921083904e-21 4.642233314742355306e-22
4.922000000000000000e+03 9.068311195888699442e-20 9.912610664031916171e-20 5.211443497367411020e-22 7.557089877536340304e-19 4.492447094827436257e-21 4.621309523047213057e-22
4.932000000000000000e+03 9.042515271392468553e-20 9.885956858617200838e-20 5.183274480895593526e-22 7.535300988130291498e-19 4.484918442579944553e-21 4.598222987196058897e-22
4.942000000000000000e+03 9.016794293035792281e-20 9.859382221251610637e-20 5.153449553540460826e-22 7.513414429040906617e-19 4.471623315404358364e-21 4.573217605366064504e-22
4.952000000000000000e+03 8.991158047170532948e-20 9.832890301759295346e-20 5.122199494031768277e-22 7.491493327098735846e-19 4.453691862208240329e-21 4.546599510798030458e-22
4.962000000000000000e+03 8.965645386897648830e-20 9.806582979511215426e-20 5.089811902963212754e-22 7.469614928625974867e-19 4.432521723915848117e-21 4.518744588223562728e-22
4.972000000000000000e+03 8.940272238260265059e-20 9.780471067732472347e-20 5.056546670149140785e-22 7.447833231718595242e-19 4.409463043036319339e-21 4.489999527404527845e-22
4.982000000000000000e+03 8.915051782318182027e-20 9.754596560098973785e-20 5.022712857988625535e-22 7.426197893605177070e-19 4.385567992852966560e-21 4.460717694703607357e-22
4.992000000000000000e+03 8.890007569482599069e-20 9.729105190697699462e-20 4.988646368540453838e-22 7.404698732860909652e-19 4.361293780254669768e-21 4.431211736982866375e-22
5.002000000000000000e+03 8.865146086348389105e-20 9.704089457157735346e-20 4.954705908523385175e-22 7.383364133620388981e-19 4.336209385683013263e-21 4.401720579355401252e-22
