# els,n0s['EB'],n0s[q'EE'],n0s['TT'],n0s['TB'],n0s['TE'], mv
2.000000000000000000e+00 7.297808291454471048e-09 5.871120079117868779e-09 6.430629577400302384e-09 6.599469204730159948e-08 6.815182989966432095e-09 1.600659730929512542e-09
1.200000000000000000e+01 5.630412791778878112e-12 4.545104302591261356e-12 4.966743852935408832e-12 5.090964869680594155e-11 5.276303047485154639e-12 1.237421209074955968e-12
2.200000000000000000e+01 4.983151630630793474e-13 4.055488652628314342e-13 4.406817455776208215e-13 4.504307347270023577e-12 4.708836637144296822e-13 1.100419429417568100e-13
3.200000000000000000e+01 1.113161371371314719e-13 9.175648696073170312e-14 9.881453405375237785e-14 1.005553842932828444e-12 1.065808529916060811e-13 2.476545295740979691e-14
4.200000000000000000e+01 3.751471386640774935e-14 3.146167751092796088e-14 3.346570296638669886e-14 3.385601463285011536e-13 3.657021278998859325e-14 8.430239591450975106e-15
5.200000000000000000e+01 1.597078884924813542e-14 1.368832327014088754e-14 1.433216840641068902e-14 1.439815467067705200e-13 1.592881073813103158e-14 3.634155994278751379e-15
6.200000000000000000e+01 7.907128778661014897e-15 6.957078005366017458e-15 7.145178881083530509e-15 7.122772154466136626e-14 8.109422877948355225e-15 1.826437359927175749e-15
7.200000000000000000e+01 4.351080196671145480e-15 3.947680969883322845e-15 3.962785004530903034e-15 3.918461712334420722e-14 4.612517997904801826e-15 1.022692959783552461e-15
8.200000000000000000e+01 2.588752566429147394e-15 2.433019014200883529e-15 2.378408534378916196e-15 2.332485562709088937e-14 2.851929328702652274e-15 6.206322271947819085e-16
9.200000000000000000e+01 1.635566792200222656e-15 1.599665597176615172e-15 1.517126925023121931e-15 1.475509364500131330e-14 1.882975456833435127e-15 4.008774884637010551e-16
1.020000000000000000e+02 1.083738802319337791e-15 1.108172133278238528e-15 1.015731534812679416e-15 9.795579586866785480e-15 1.311385434557068633e-15 2.721629248951373951e-16
1.120000000000000000e+02 7.464001047370950843e-16 8.016858350262266445e-16 7.073576376675554879e-16 6.762463944243754471e-15 9.549499647474567054e-16 1.924595191254926765e-16
1.220000000000000000e+02 5.307895656398275993e-16 6.016346025629972839e-16 5.089496405059722120e-16 4.821394583233307348e-15 7.223872642381203953e-16 1.407922617157430378e-16
1.320000000000000000e+02 3.877731766710156154e-16 4.659908416979532366e-16 3.763877262273882918e-16 3.531316146891030801e-15 5.648699777714745002e-16 1.059869225387553528e-16
1.420000000000000000e+02 2.898870443163195981e-16 3.710153843458299991e-16 2.849368545845393299e-16 2.646172830663865152e-15 4.548207754509713888e-16 8.175914577594112859e-17
1.520000000000000000e+02 2.210676194326755393e-16 3.026669400048565771e-16 2.200844052356152144e-16 2.022260780922264489e-15 3.759341854742218229e-16 6.440928424252316262e-17
1.620000000000000000e+02 1.715477416929862804e-16 2.523049742389963068e-16 1.729784506241570877e-16 1.572258418873209938e-15 3.181845474067285328e-16 5.167247457548473569e-17
1.720000000000000000e+02 1.351859308992750316e-16 2.144254201628748556e-16 1.380349158067067870e-16 1.241228478931515251e-15 2.751953687026113609e-16 4.211443965632977338e-17
1.820000000000000000e+02 1.080055186109583815e-16 1.854125975015953381e-16 1.116261052941990804e-16 9.935282682464626988e-16 2.427889490578507879e-16 3.479960498715210897e-17
1.920000000000000000e+02 8.736412197191792339e-17 1.628239329473291309e-16 9.133361111622849307e-17 8.053928944868939333e-16 2.181543268683328334e-16 2.910160799274208370e-17
2.020000000000000000e+02 7.146518893492054234e-17 1.449653070850307882e-16 7.550750492867888722e-17 6.605881419341380336e-16 1.993521224942808201e-16 2.459129416831460996e-17
2.120000000000000000e+02 5.906195788091387304e-17 1.306312942726406169e-16 6.299885899828254035e-17 5.477839497341165791e-16 1.850092712195683651e-16 2.096854506936597707e-17
2.220000000000000000e+02 4.927316109949154069e-17 1.189417099284613637e-16 5.299255736794532641e-17 4.589224489100578299e-16 1.741236939019103360e-16 1.801959610485464392e-17
2.320000000000000000e+02 4.146548360639858811e-17 1.092367210022813930e-16 4.490055047007503304e-17 3.881778148694623815e-16 1.659336741168024193e-16 1.558968945046962786e-17
2.420000000000000000e+02 3.517694319024647702e-17 1.010087744616030112e-16 3.829208651841758586e-17 3.312772938682367653e-16 1.598259455773134481e-16 1.356514837821229825e-17
2.520000000000000000e+02 3.006593983940973521e-17 9.385840852826780382e-17 3.284705796432990116e-17 2.850482787208455563e-16 1.552674460905082727e-16 1.186135800897799169e-17
2.620000000000000000e+02 2.587675664993275383e-17 8.746692468035442978e-17 2.832458371888700322e-17 2.471101268107180055e-16 1.517535921226988679e-16 1.041460096763607803e-17
2.720000000000000000e+02 2.241580874972703153e-17 8.158087348005109744e-17 2.454110307197036230e-17 2.156608368083628831e-16 1.487719626805402019e-16 9.176356011380712793e-18
2.820000000000000000e+02 1.953503840913080123e-17 7.600498705724526373e-17 2.135518762953795344e-17 1.893270989887868566e-16 1.457864329607392405e-16 8.109290887227648413e-18
2.920000000000000000e+02 1.712014063953222371e-17 7.060014232751159647e-17 1.865670095527733189e-17 1.670574361717146912e-16 1.422509546457286513e-16 7.184380195241037772e-18
3.020000000000000000e+02 1.508210304754325790e-17 6.528359257673414385e-17 1.635897864716652498e-17 1.480450607504676727e-16 1.376647537366145682e-16 6.378821520723613067e-18
3.120000000000000000e+02 1.335105611935762982e-17 6.002572412533477228e-17 1.439320310869906840e-17 1.316711906144625295e-16 1.316550161668552079e-16 5.674483637347079698e-18
3.220000000000000000e+02 1.187175300917575897e-17 5.484334965662104625e-17 1.270419563811685691e-17 1.174624097894443712e-16 1.240729309401644540e-16 5.056772373900438191e-18
3.320000000000000000e+02 1.060021217230622095e-17 4.978731141101336512e-17 1.124736947178658483e-17 1.050575076218683409e-16 1.150502614627096557e-16 4.513790285865226284e-18
3.420000000000000000e+02 9.501200585963646269e-18 4.492649672022549607e-17 9.986354190263544032e-18 9.418098820310369192e-17 1.049780426895659891e-16 4.035695948765517656e-18
3.520000000000000000e+02 8.546329387647364542e-18 4.033166463991057567e-17 8.891315547299311751e-18 8.462122959161667649e-17 9.440560520872239429e-17 3.614244919203694336e-18
3.620000000000000000e+02 7.712599736129071797e-18 3.606242969479703201e-17 7.937582495479703864e-18 7.621223365444926181e-17 8.390282649796380850e-17 3.242432788568198880e-18
3.720000000000000000e+02 6.981284120712437195e-18 3.215950869438519269e-17 7.104601564036053578e-18 6.881858602200800416e-17 7.394391734851025462e-17 2.914231029386167799e-18
3.820000000000000000e+02 6.337056772978232316e-18 2.864230998402465942e-17 6.375191635630597332e-18 6.232359069806964835e-17 6.484806328064952871e-17 2.624401018095961844e-18
3.920000000000000000e+02 5.767314436842077972e-18 2.551077833410971336e-17 5.734875043015622275e-18 5.662102143883614009e-17 5.677663508731563339e-17 2.368344191643550303e-18
4.020000000000000000e+02 5.261642140194657648e-18 2.274965256642714577e-17 5.171426316540647670e-18 5.161065677905566216e-17 4.976475621517531066e-17 2.142006068125652221e-18
4.120000000000000000e+02 4.811387138303963519e-18 2.033300697305715453e-17 4.674455014376480458e-18 4.719735686044487820e-17 4.376350833239996129e-17 1.941793634528535486e-18
4.220000000000000000e+02 4.409321138581753492e-18 1.822905625007588137e-17 4.235108103008058631e-18 4.329279758087916470e-17 3.867787700333853654e-17 1.764526290265906555e-18
4.320000000000000000e+02 4.049368700751350173e-18 1.640384069368541424e-17 3.845836131787147633e-18 3.981827188409286904e-17 3.439436574815610108e-17 1.607397850044649781e-18
4.420000000000000000e+02 3.726390718493738959e-18 1.482360096748825925e-17 3.500151245672760109e-18 3.670691777341207447e-17 3.079815171963430323e-17 1.467932099648672352e-18
4.520000000000000000e+02 3.436009695818077797e-18 1.345641542213089875e-17 3.192474151039297650e-18 3.390437414989905340e-17 2.778252806316469982e-17 1.343951435178320585e-18
4.620000000000000000e+02 3.174471178359097031e-18 1.227309650006767331e-17 2.918007510934792350e-18 3.136789558968328440e-17 2.525304065241052367e-17 1.233546576206237438e-18
4.720000000000000000e+02 2.938532768534277338e-18 1.124754609618183845e-17 2.672604772970737785e-18 2.906441477243120986e-17 2.312849220169723727e-17 1.135042824140932379e-18
4.820000000000000000e+02 2.725375319179105376e-18 1.035677593744716013e-17 2.452679852191564555e-18 2.696821677486628415e-17 2.134020808358209228e-17 1.046972452435328613e-18
4.920000000000000000e+02 2.532532349675845080e-18 9.580845843609436196e-18 2.255137397022431612e-18 2.505877150329868537e-17 1.983070682672059312e-17 9.680527110696877771e-19
5.020000000000000000e+02 2.357833697596586338e-18 8.902418748863659153e-18 2.077281571553830912e-18 2.331898168126319798e-17 1.855186056458287355e-17 8.971570872988467337e-19
5.120000000000000000e+02 2.199360678059796546e-18 8.306545233045970445e-18 1.916781273432090122e-18 2.173392411560928994e-17 1.746329926830030893e-17 8.333010573350076495e-19
5.220000000000000000e+02 2.055409819582923400e-18 7.780345588863045746e-18 1.771604280486507015e-18 2.029003506683391881e-17 1.653089547637301526e-17 7.756217836160817292e-19
5.320000000000000000e+02 1.924463515080694129e-18 7.312720687652919042e-18 1.639984811400331112e-18 1.897465382024844291e-17 1.572547491901924640e-17 7.233649476951814415e-19
5.420000000000000000e+02 1.805166131972831681e-18 6.894101580750829251e-18 1.520384590723675513e-18 1.777582908121143398e-17 1.502177522030923363e-17 6.758712768881307610e-19
5.520000000000000000e+02 1.696304151349601759e-18 6.516239979571147013e-18 1.411464068516795312e-18 1.668229248838344155e-17 1.439762672989185848e-17 6.325656625686563175e-19
5.620000000000000000e+02 1.596789567607778103e-18 6.172040180645178818e-18 1.312053409565135189e-18 1.568352623081272077e-17 1.383339283463060719e-17 5.929468888235504122e-19
5.720000000000000000e+02 1.505646061873915470e-18 5.855428928489242945e-18 1.221132349870717596e-18 1.476987391676176758e-17 1.331162643911365793e-17 5.565796199276545374e-19
5.820000000000000000e+02 1.421997363927400185e-18 5.561259131486780059e-18 1.137808910897184561e-18 1.393265237972441378e-17 1.281695962797429713e-17 5.230866256576776451e-19
5.920000000000000000e+02 1.345057583199063508e-18 5.285244918441787789e-18 1.061301173649863532e-18 1.316423158691273064e-17 1.233617553490345534e-17 4.921419674301142161e-19
6.020000000000000000e+02 1.274122934388408547e-18 5.023884318762973907e-18 9.909256298701018137e-19 1.245806126698457976e-17 1.185840219956851606e-17 4.634654874221403488e-19
6.120000000000000000e+02 1.208564591531075989e-18 4.774428151072504013e-18 9.260789960247803241e-19 1.180862337932647494e-17 1.137539856631690194e-17 4.368163900465790791e-19
6.220000000000000000e+02 1.147822509066549756e-18 4.534841068319394944e-18 8.662383689344432100e-19 1.121130065402775449e-17 1.088181565536196859e-17 4.119908228152969707e-19
6.320000000000000000e+02 1.091399856696497495e-18 4.303731042864267167e-18 8.109410474619796522e-19 1.066216163326931054e-17 1.037530310715817883e-17 3.888147939412104788e-19
6.420000000000000000e+02 1.038857779325740770e-18 4.080275338179481266e-18 7.597750050496271790e-19 1.015768914346809159e-17 9.856430253325884239e-18 3.671394761567134505e-19
6.520000000000000000e+02 9.898105718895643234e-19 3.864131932735969058e-18 7.123773211364172789e-19 9.694495623602025548e-18 9.328346791457088605e-18 3.468384626787433207e-19
6.620000000000000000e+02 9.439209924949818757e-19 3.655334029944645813e-18 6.684273797923946762e-19 9.269076308279049075e-18 8.796212716463645310e-18 3.278040174679311652e-19
6.720000000000000000e+02 9.008955598785615821e-19 3.454181622897582840e-18 6.276354153009017419e-19 8.877655026018904256e-18 8.266470995814091591e-18 3.099424531874087837e-19
6.820000000000000000e+02 8.604799837732839101e-19 3.261114858052848964e-18 5.897471628522989052e-19 8.516157537127079967e-18 7.746033392576735321e-18 2.931734762583156075e-19
6.920000000000000000e+02 8.224547268508188576e-19 3.076682974507995849e-18 5.545273423754934615e-19 8.180315361575532886e-18 7.241546205954169082e-18 2.774254413975717082e-19
7.020000000000000000e+02 7.866308210531515614e-19 2.901369900467091748e-18 5.217709645172086523e-19 7.865870042658043143e-18 6.758818965625771792e-18 2.626364073777473420e-19
7.120000000000000000e+02 7.528457874633219349e-19 2.735577156416404911e-18 4.912869989072984431e-19 7.568827613914068292e-18 6.302441631274250246e-18 2.487496300783033591e-19
7.220000000000000000e+02 7.209596947482473538e-19 2.579579173918233584e-18 4.629035300854910986e-19 7.285705402426484194e-18 5.875619577033135095e-18 2.357141084345120724e-19
7.320000000000000000e+02 6.908516467172855840e-19 2.433501535828371573e-18 4.364609226128450762e-19 7.013725376424981341e-18 5.480182680844275197e-18 2.234822460522740629e-19
7.420000000000000000e+02 6.624163487432258703e-19 2.297317023341025889e-18 4.118159545342090396e-19 6.750917149502422958e-18 5.116733032204636287e-18 2.120104160985391307e-19
7.520000000000000000e+02 6.355611157136687842e-19 2.170854774569790379e-18 3.888353903978069392e-19 6.496126525212622975e-18 4.784856876926248030e-18 2.012568988254132050e-19
7.620000000000000000e+02 6.102031381826534816e-19 2.053817592652850899e-18 3.673948270859570999e-19 6.248932118810792088e-18 4.483362059942276533e-18 1.911812556605623987e-19
7.720000000000000000e+02 5.862670467836786549e-19 1.945804149882585581e-18 3.473816518358319075e-19 6.009489639219449827e-18 4.210511549811654103e-18 1.817449479339775127e-19
7.820000000000000000e+02 5.636828674334668268e-19 1.846331819694065869e-18 3.286886685423272016e-19 5.778337861842871016e-18 3.964213314650554056e-18 1.729095271002099708e-19
7.920000000000000000e+02 5.423842694138081208e-19 1.754862744567758864e-18 3.112188046527011736e-19 5.556200172505941616e-18 3.742190156365607652e-18 1.646379923080340138e-19
8.020000000000000000e+02 5.223072103555758740e-19 1.670816754443824798e-18 2.948801490130349553e-19 5.343803230978295962e-18 3.542090497096497124e-18 1.568934648115628870e-19
8.120000000000000000e+02 5.033888591351907889e-19 1.593593595942869551e-18 2.795888441249773515e-19 5.141738461705791825e-18 3.361578040062628713e-18 1.496402255796244043e-19
8.220000000000000000e+02 4.855669700686330383e-19 1.522591029356001288e-18 2.652679337631260740e-19 4.950369606891475149e-18 3.198398002193336917e-18 1.428437078880598526e-19
8.320000000000000000e+02 4.687795178720046831e-19 1.457211806185129499e-18 2.518433617454204430e-19 4.769784873542592673e-18 3.050402259965361671e-18 1.364695526915367216e-19
8.420000000000000000e+02 4.529646421822556923e-19 1.396873409226807830e-18 2.392484413481387900e-19 4.599793210699868560e-18 2.915577400891299088e-18 1.304852036006109761e-19
8.520000000000000000e+02 4.380607444531504502e-19 1.341015477351031471e-18 2.274226018743123853e-19 4.439950296812879937e-18 2.792052075266389827e-18 1.248598514368008332e-19
8.620000000000000000e+02 4.240067140327531606e-19 1.289105187719074734e-18 2.163061026961217941e-19 4.289608361943857666e-18 2.678103250781477639e-18 1.195631169718425586e-19
8.720000000000000000e+02 4.107422517255515123e-19 1.240641540425476888e-18 2.058483514501873198e-19 4.147979239978411516e-18 2.572161284148664344e-18 1.145678007952863998e-19
8.820000000000000000e+02 3.982081870982977433e-19 1.195163439955229650e-18 1.959994665816913159e-19 4.014203979653705848e-18 2.472809169857145586e-18 1.098475791450989501e-19
8.920000000000000000e+02 3.863469164127541964e-19 1.152246828341165227e-18 1.867161570453346257e-19 3.887421461671185442e-18 2.378790657566863068e-18 1.053789480731830471e-19
9.020000000000000000e+02 3.751027990628537093e-19 1.111510685603895873e-18 1.779569477545629446e-19 3.766834669890229290e-18 2.289012944085063835e-18 1.011399137733493164e-19
9.120000000000000000e+02 3.644225733600761198e-19 1.072619548980539901e-18 1.696858473953837821e-19 3.651765663720511188e-18 2.202553464054282998e-18 9.711126846777984686e-20
9.220000000000000000e+02 3.542557815038316267e-19 1.035285480946598204e-18 1.618672384413483642e-19 3.541695866626671059e-18 2.118660919332813233e-18 9.327500686833360786e-20
9.320000000000000000e+02 3.445551388102666033e-19 9.992694083423392569e-19 1.544712342107524905e-19 3.436288229078291293e-18 2.036758102385580800e-18 8.961609810146032482e-20
9.420000000000000000e+02 3.352768818171649519e-19 9.643810788110111085e-19 1.474701935675851608e-19 3.335384011571613897e-18 1.956437738905209769e-18 8.612134043001579191e-20
9.520000000000000000e+02 3.263811169678955616e-19 9.304780272308942478e-19 1.408380229187868950e-19 3.238974151299470855e-18 1.877454795015144202e-18 8.277905750235330834e-20
9.620000000000000000e+02 3.178321012089352714e-19 8.974626477638731303e-19 1.345513503364953590e-19 3.147146974583583573e-18 1.799713288992718376e-18 7.957939603285923639e-20
9.720000000000000000e+02 3.095984422970193164e-19 8.652782850681061285e-19 1.285888084394018584e-19 3.060016030142862622e-18 1.723247888526047063e-18 7.651396410270532639e-20
9.820000000000000000e+02 3.016531923103100317e-19 8.339057583488932444e-19 1.229314606222533142e-19 2.977639293552027537e-18 1.648198962531020536e-18 7.357585646229541411e-20
9.920000000000000000e+02 2.939738113875068011e-19 8.033515842322216619e-19 1.175603311695468090e-19 2.899947113196619576e-18 1.574784013620457754e-18 7.075858447960422914e-20
1.002000000000000000e+03 2.865420328657212446e-19 7.736443918770393433e-19 1.124599347521837020e-19 2.826696961603356841e-18 1.503270698215916663e-18 6.805723678688173475e-20
1.012000000000000000e+03 2.793436349140643272e-19 7.448303101911595617e-19 1.076159213784451020e-19 2.757466330739642934e-18 1.433948732589667083e-18 6.546756271815610599e-20
1.022000000000000000e+03 2.723680825994872315e-19 7.169631804168712617e-19 1.030136163985429282e-19 2.691689938802922707e-18 1.367098713488038560e-18 6.298530826175770379e-20
1.032000000000000000e+03 2.656079548915121038e-19 6.900983824855918549e-19 9.864011721653216482e-20 2.628726299835905212e-18 1.302971843712168134e-18 6.060691298215048502e-20
1.042000000000000000e+03 2.590584305696988799e-19 6.642877104561379027e-19 9.448356596544701373e-20 2.567941529782186410e-18 1.241772093965923043e-18 5.832919389124552546e-20
1.052000000000000000e+03 2.527166560635249315e-19 6.395746372714454327e-19 9.053235826497436581e-20 2.508781850004523403e-18 1.183649189115091946e-18 5.614899108033173019e-20
1.062000000000000000e+03 2.465812238580569133e-19 6.159906035161330150e-19 8.677584246202413143e-20 2.450828165912715498e-18 1.128690772558993774e-18 5.406336932619441202e-20
1.072000000000000000e+03 2.406515628540163093e-19 5.935582346144887267e-19 8.320373816802129662e-20 2.393819070113169447e-18 1.076923731569271041e-18 5.206938241185668321e-20
1.082000000000000000e+03 2.349274264206269640e-19 5.722828091038146961e-19 7.980610893968671668e-20 2.337647828719316525e-18 1.028320132737711812e-18 5.016395883161671784e-20
1.092000000000000000e+03 2.294084681745742287e-19 5.521562461024374243e-19 7.657443455243969253e-20 2.282339952188416176e-18 9.828046370983253451e-19 4.834432663546617122e-20
1.102000000000000000e+03 2.240938805887940241e-19 5.331573367350380848e-19 7.349955256173435810e-20 2.228018539345564153e-18 9.402611345719406029e-19 4.660717684601268957e-20
1.112000000000000000e+03 2.189821003303435011e-19 5.152528458812701118e-19 7.057281476183768571e-20 2.174865048152269587e-18 9.005414432379583632e-19 4.494910932991817601e-20
1.122000000000000000e+03 2.140706115090294732e-19 4.983989598726056634e-19 6.778604166919591543e-20 2.123081998730605531e-18 8.634745229492322430e-19 4.336662882727874888e-20
1.132000000000000000e+03 2.093558179546291360e-19 4.825429567648816228e-19 6.513229955630140354e-20 2.072861182964186862e-18 8.288738096821778224e-19 4.185648917128071266e-20
1.142000000000000000e+03 2.048329874582664721e-19 4.676247767673119721e-19 6.260349064365784930e-20 2.024360195486792839e-18 7.965424669365571512e-19 4.041473260795853376e-20
1.152000000000000000e+03 2.004962603219929737e-19 4.535788958205687543e-19 6.019308486413668428e-20 1.977688146992202220e-18 7.662808187712315209e-19 3.903785454273857686e-20
1.162000000000000000e+03 1.963387004526777316e-19 4.403359270265869457e-19 5.789422982687802032e-20 1.932899939923499980e-18 7.378900183666783005e-19 3.772206382024430455e-20
1.172000000000000000e+03 1.923523932770487409e-19 4.278243674101505808e-19 5.570052051530862418e-20 1.889998565222859326e-18 7.111752439601687795e-19 3.646364348160082458e-20
1.182000000000000000e+03 1.885285622040512463e-19 4.159717322526922679e-19 5.360599912376408263e-20 1.848943386608447262e-18 6.859506787206295217e-19 3.525899847917656025e-20
1.192000000000000000e+03 1.848577043496060145e-19 4.047063279680411089e-19 5.160433369371690624e-20 1.809662437323849662e-18 6.620395980002292526e-19 3.410433673716176942e-20
1.202000000000000000e+03 1.813297605297658396e-19 3.939590950846484308e-19 4.969128918851183718e-20 1.772067463687451470e-18 6.392786728693660341e-19 3.299679216870850066e-20
1.212000000000000000e+03 1.779343096012537955e-19 3.836644051742267364e-19 4.786185154903221626e-20 1.736068422401727910e-18 6.175175241562400027e-19 3.193320674663824783e-20
1.222000000000000000e+03 1.746607926965361660e-19 3.737612815141450624e-19 4.611085947008264635e-20 1.701585399376693750e-18 5.966214041419006419e-19 3.091042457485357214e-20
1.232000000000000000e+03 1.714987470788391327e-19 3.641945962896395065e-19 4.443427011247104233e-20 1.668556763832037575e-18 5.764728679550761701e-19 2.992588210657660436e-20
1.242000000000000000e+03 1.684380339098601016e-19 3.549157965744017705e-19 4.282812608903032623e-20 1.636940616237335892e-18 5.569713389840479031e-19 2.897716400158800750e-20
1.252000000000000000e+03 1.654690490434603982e-19 3.458836116625694744e-19 4.128830203476137016e-20 1.606710496904074131e-18 5.380345482688164049e-19 2.806189369797933440e-20
1.262000000000000000e+03 1.625829148292718417e-19 3.370641194474147006e-19 3.981185007117074370e-20 1.577845564683961026e-18 5.195976497187570513e-19 2.717834913136679338e-20
1.272000000000000000e+03 1.597716170017088707e-19 3.284324196269821150e-19 3.839501995194195665e-20 1.550316832070826241e-18 5.016138427365077973e-19 2.632455996453004214e-20
1.282000000000000000e+03 1.570281187096874477e-19 3.199704882483742309e-19 3.703569651703830534e-20 1.524073266250432577e-18 4.840525351242979395e-19 2.549941913403569955e-20
1.292000000000000000e+03 1.543464321181374784e-19 3.116676040666890457e-19 3.573064233704024845e-20 1.499030030738875432e-18 4.668981173205049994e-19 2.470138894796641996e-20
1.302000000000000000e+03 1.517216560590638357e-19 3.035198125860438753e-19 3.447756361161051010e-20 1.475062882125788428e-18 4.501483388841092590e-19 2.392946081365358422e-20
1.312000000000000000e+03 1.491499908676590134e-19 2.955289164338835691e-19 3.327400557749391132e-20 1.452009293631825955e-18 4.338114462178508887e-19 2.318261955353645553e-20
1.322000000000000000e+03 1.466287012911408001e-19 2.877014456584594644e-19 3.211795399220355128e-20 1.429677794441538422e-18 4.179036155851782002e-19 2.246011942052959828e-20
1.332000000000000000e+03 1.441560573579632969e-19 2.800474879281410813e-19 3.100744536964703632e-20 1.407863155658568643e-18 4.024461759489851796e-19 2.176128478184294498e-20
1.342000000000000000e+03 1.417312316555243983e-19 2.725794511901849119e-19 2.994065884831190726e-20 1.386365713399947964e-18 3.874625674469159105e-19 2.108553987621011327e-20
1.352000000000000000e+03 1.393541746472436644e-19 2.653109136757477731e-19 2.891589251385111926e-20 1.365011109872811580e-18 3.729767632637862599e-19 2.043238682591542865e-20
1.362000000000000000e+03 1.370254782099248693e-19 2.582556879420729228e-19 2.793128480640515791e-20 1.343666264723638064e-18 3.590093653044540780e-19 1.980124783714864377e-20
1.372000000000000000e+03 1.347462134222407122e-19 2.514262281951811424e-19 2.698521781617951419e-20 1.322250294871524468e-18 3.455781646873747564e-19 1.919165445537007802e-20
1.382000000000000000e+03 1.325177471313256571e-19 2.448333218848838159e-19 2.607598635509171653e-20 1.300737048861344955e-18 3.326957550237717202e-19 1.860306784654432798e-20
1.392000000000000000e+03 1.303415624261368034e-19 2.384858057903899034e-19 2.520236022762194338e-20 1.279151110996825761e-18 3.203691946482235788e-19 1.803515560669587921e-20
1.402000000000000000e+03 1.282190935296203525e-19 2.323897543727882688e-19 2.436329849771365995e-20 1.257558679268969462e-18 3.085995171380088400e-19 1.748763880694939375e-20
1.412000000000000000e+03 1.261515641833916467e-19 2.265481225970395113e-19 2.355696314061488730e-20 1.236053820127680047e-18 2.973811738399880183e-19 1.695977300748699697e-20
1.422000000000000000e+03 1.241398707812596657e-19 2.209608106466191005e-19 2.278198861007140278e-20 1.214745020346054683e-18 2.867034739730308889e-19 1.645099796725321194e-20
1.432000000000000000e+03 1.221844920318475333e-19 2.156248338490124483e-19 2.203750981425294217e-20 1.193741739466271275e-18 2.765514358131082037e-19 1.596095995523411255e-20
1.442000000000000000e+03 1.202854317600101097e-19 2.105340665901504710e-19 2.132160574622151651e-20 1.173142752255499958e-18 2.669049760383453011e-19 1.548869234520662313e-20
1.452000000000000000e+03 1.184422096184746798e-19 2.056799668091868990e-19 2.063355459177958668e-20 1.153029326543102682e-18 2.577414780739465834e-19 1.503380898379225356e-20
1.462000000000000000e+03 1.166538603088961314e-19 2.010516586523854321e-19 1.997172290283653384e-20 1.133459896926534575e-18 2.490344468547446729e-19 1.459539273852335059e-20
1.472000000000000000e+03 1.149189717466900770e-19 1.966363297248258630e-19 1.933520165555916787e-20 1.114469254062391294e-18 2.407563736196765408e-19 1.417287429591825141e-20
1.482000000000000000e+03 1.132357176330836456e-19 1.924195094696742019e-19 1.872276381387317493e-20 1.096069599093670059e-18 2.328784683419949621e-19 1.376548362951237827e-20
1.492000000000000000e+03 1.116018991407200462e-19 1.883856463264522050e-19 1.813345719685341838e-20 1.078253991140780028e-18 2.253714402622500012e-19 1.337257597940432247e-20
1.502000000000000000e+03 1.100149809381391785e-19 1.845183549188323606e-19 1.756586464847666560e-20 1.061000580368323304e-18 2.182057396322606006e-19 1.299323641796971820e-20
1.512000000000000000e+03 1.084721465978904502e-19 1.808011263950838397e-19 1.701916955036296815e-20 1.044279049857059754e-18 2.113526289943978487e-19 1.262686899774227077e-20
1.522000000000000000e+03 1.069703511027243280e-19 1.772176523795969041e-19 1.649259267152516016e-20 1.028055967965100940e-18 2.047844216541262486e-19 1.227289954075516168e-20
1.532000000000000000e+03 1.055063869086974340e-19 1.737519549149522363e-19 1.598493973204676529e-20 1.012300028712742752e-18 1.984745792499178716e-19 1.193052719130702166e-20
1.542000000000000000e+03 1.040769696274585238e-19 1.703892300510472146e-19 1.549558303128665818e-20 9.969865449969093525e-19 1.923987025504435456e-19 1.159927684431010911e-20
1.552000000000000000e+03 1.026788150475121164e-19 1.671157426438769949e-19 1.502349242375023732e-20 9.820994685871984229e-19 1.865344797358307564e-19 1.127846229113981603e-20
1.562000000000000000e+03 1.013087479823641509e-19 1.639194514474453126e-19 1.456800309620059359e-20 9.676336198722923260e-19 1.808624642687648036e-19 1.096762132956172799e-20
1.572000000000000000e+03 9.996377344132838814e-20 1.607899558628180498e-19 1.412831089837430374e-20 9.535909873400052801e-19 1.753655951255415989e-19 1.066623117324166186e-20
1.582000000000000000e+03 9.864116538621538103e-20 1.577187076804785133e-19 1.370368894992283474e-20 9.399782383129995276e-19 1.700293322545457330e-19 1.037383123929122272e-20
1.592000000000000000e+03 9.733853825519212020e-20 1.546994036174522179e-19 1.329383911294263906e-20 9.268012874241147761e-19 1.648421169764036499e-19 1.009022904869478547e-20
1.602000000000000000e+03 9.605388125865593430e-20 1.517274987939242536e-19 1.289790100998629416e-20 9.140586822845790692e-19 1.597947132272548692e-19 9.814926526544680830e-21
1.612000000000000000e+03 9.478561163323136668e-20 1.488005614236879065e-19 1.251556367059395211e-20 9.017379388857305270e-19 1.548806327093769681e-19 9.547760724874157542e-21
1.622000000000000000e+03 9.353256547282305826e-20 1.459177407113396955e-19 1.214616692582440892e-20 8.898117311353793751e-19 1.500952503859451979e-19 9.288379253389081450e-21
1.632000000000000000e+03 9.229399967157678671e-20 1.430797898891598486e-19 1.178919538949540663e-20 8.782387679471847799e-19 1.454362948207458599e-19 9.036526948318793543e-21
1.642000000000000000e+03 9.106955966270552185e-20 1.402887138896608942e-19 1.144431204708907882e-20 8.669663871118952543e-19 1.409030375137343578e-19 8.792062673722945815e-21
1.652000000000000000e+03 8.985923360340503603e-20 1.375477831435562337e-19 1.111098440464931825e-20 8.559353437032621469e-19 1.364957755709226657e-19 8.554737743829611831e-21
1.662000000000000000e+03 8.866330880511791326e-20 1.348607693251109728e-19 1.078890447414307402e-20 8.450864234904195711e-19 1.322156132553635981e-19 8.324439480463353707e-21
1.672000000000000000e+03 8.748230551929877899e-20 1.322318145319913442e-19 1.047760303386012500e-20 8.343654822265595100e-19 1.280641087199562813e-19 8.100961257722177995e-21
1.682000000000000000e+03 8.631692668770674375e-20 1.296652420378313183e-19 1.017686210973565404e-20 8.237291767222560598e-19 1.240431917710957463e-19 7.884246954611874105e-21
1.692000000000000000e+03 8.516798205328529439e-20 1.271650580429750996e-19 9.886005581161080872e-21 8.131477517515568476e-19 1.201543807680515361e-19 7.673960974039841994e-21
1.702000000000000000e+03 8.403633373291426935e-20 1.247350181700230112e-19 9.604859864098544686e-21 8.026061414623659140e-19 1.163989687576559188e-19 7.470064502586283402e-21
1.712000000000000000e+03 8.292283737304125371e-20 1.223782953389779407e-19 9.333235153001830647e-21 7.921037920987335635e-19 1.127775679643606850e-19 7.272502788409868787e-21
1.722000000000000000e+03 8.182828527429254455e-20 1.200971348594125604e-19 9.070537889640352357e-21 7.816519860630780448e-19 1.092897016844333996e-19 7.080965145756420863e-21
1.732000000000000000e+03 8.075336645693890977e-20 1.178931407949240691e-19 8.816638582603712338e-21 7.712716999319722998e-19 1.059343488341220741e-19 6.895414099330428279e-21
1.742000000000000000e+03 7.969861836664742936e-20 1.157668258622004097e-19 8.571076406040455145e-21 7.609891070467440906e-19 1.027095188045226480e-19 6.715598416232796998e-21
1.752000000000000000e+03 7.866441890289416073e-20 1.137179496840656175e-19 8.333628553499501543e-21 7.508326104064432665e-19 9.961232970223266873e-20 6.541401624939545479e-21
1.762000000000000000e+03 7.765095659544583969e-20 1.117451308968285046e-19 8.103904047348574750e-21 7.408291855152120394e-19 9.663925589520894954e-20 6.372593047119269081e-21
1.772000000000000000e+03 7.665822976693122286e-20 1.098461968632190962e-19 7.881488991790408528e-21 7.310019826420021771e-19 9.378604947819332763e-20 6.208917070244779518e-21
1.782000000000000000e+03 7.568607575491921067e-20 1.080184748612127692e-19 7.666406382089129820e-21 7.213697924689801133e-19 9.104813988787120437e-20 6.050382421127489720e-21
1.792000000000000000e+03 7.473416136355499682e-20 1.062583488605913264e-19 7.458281288890478591e-21 7.119446638938485408e-19 8.841999595603068960e-20 5.896741084211217147e-21
1.802000000000000000e+03 7.380199739114420984e-20 1.045616306593499668e-19 7.256766330624385413e-21 7.027327120140908226e-19 8.589581950879058927e-20 5.747755454740680894e-21
1.812000000000000000e+03 7.288897362651657938e-20 1.029238146528091986e-19 7.061676397663580736e-21 6.937358569075700172e-19 8.346956133502973386e-20 5.603284929506139177e-21
1.822000000000000000e+03 7.199435842061047572e-20 1.013400144363882421e-19 6.872717623609346903e-21 6.849521072157778943e-19 8.113509090866911759e-20 5.463117278014404544e-21
1.832000000000000000e+03 7.111730683012357186e-20 9.980509746541240640e-20 6.689540495775071667e-21 6.763764081662863602e-19 7.888606155131799954e-20 5.327001185127133299e-21
1.842000000000000000e+03 7.025692156483943079e-20 9.831430346209347681e-20 6.512107126540310905e-21 6.680045082697342635e-19 7.671640551770024043e-20 5.194884053153200440e-21
1.852000000000000000e+03 6.941222620972616656e-20 9.686249160490483715e-20 6.340022604638836713e-21 6.598311904982309563e-19 7.461999653420129801e-20 5.066484577155173320e-21
1.862000000000000000e+03 6.858223925379358551e-20 9.544529754614364932e-20 6.173232011450606867e-21 6.518526758781106231e-19 7.259132511368426053e-20 4.941742305650403507e-21
1.872000000000000000e+03 6.776595845073829909e-20 9.405838452461187067e-20 6.011463799493680273e-21 6.440651372967569394e-19 7.062516821927055519e-20 4.820459632651787265e-21
1.882000000000000000e+03 6.696242017342235522e-20 9.269788706897731345e-20 5.854512585735031967e-21 6.364654094414975405e-19 6.871681138943910672e-20 4.702484368705529992e-21
1.892000000000000000e+03 6.617071259374925019e-20 9.136064840556633695e-20 5.702240489463794305e-21 6.290496342520944853e-19 6.686212143185590038e-20 4.587712112316107925e-21
1.902000000000000000e+03 6.539000097271336683e-20 9.004402216857472802e-20 5.554458912976796004e-21 6.218120065702586335e-19 6.505740067002830584e-20 4.476008867183396625e-21
1.912000000000000000e+03 6.461955602180406739e-20 8.874598073208477607e-20 5.411024642720467130e-21 6.147451751671907769e-19 6.329967777667862176e-20 4.367274744301037484e-21
1.922000000000000000e+03 6.385876522258498592e-20 8.746519822677586744e-20 5.271829461808052257e-21 6.078378887023952403e-19 6.158647163058988151e-20 4.261436481861418262e-21
1.932000000000000000e+03 6.310713757772723860e-20 8.620090123568002069e-20 5.136725357643647681e-21 6.010746840969961452e-19 5.991600615674094024e-20 4.158399278214435591e-21
1.942000000000000000e+03 6.236430242730604927e-20 8.495285941542721134e-20 5.005582515329441907e-21 5.944369078530966417e-19 5.828688722726952274e-20 4.058082876814083604e-21
1.952000000000000000e+03 6.163005184412858989e-20 8.372139212651754481e-20 4.878254403637065052e-21 5.879047183292458649e-19 5.669844515819945729e-20 3.960400559460963458e-21
1.962000000000000000e+03 6.090425489632913999e-20 8.250693557307959997e-20 4.754449665138596476e-21 5.814560992388833507e-19 5.515023764967532682e-20 3.865170469783553834e-21
1.972000000000000000e+03 6.018693734610258305e-20 8.131087568525722710e-20 4.634292874004235040e-21 5.750712178705280075e-19 5.364241476708551055e-20 3.772490043300487126e-21
1.982000000000000000e+03 5.947821658458622195e-20 8.013452087198104385e-20 4.517714382583918774e-21 5.687342234788457706e-19 5.217513776808135477e-20 3.682328879516966247e-21
1.992000000000000000e+03 5.877825107760641300e-20 7.897928169460710476e-20 4.404529137329142821e-21 5.624312140103354329e-19 5.074864684965885748e-20 3.594579940700570445e-21
2.002000000000000000e+03 5.808727603098719195e-20 7.784663848298076343e-20 4.294590833319610070e-21 5.561550989318031953e-19 4.936316426847963041e-20 3.509161290047225196e-21
2.012000000000000000e+03 5.740553213445101917e-20 7.673822391133805002e-20 4.187926815524842875e-21 5.499026604613234084e-19 4.801880931392654454e-20 3.426106028675367310e-21
2.022000000000000000e+03 5.673326182519766315e-20 7.565528315350115943e-20 4.084282092461162884e-21 5.436762398065884865e-19 4.671555982500059185e-20 3.345256538293494597e-21
2.032000000000000000e+03 5.607071282610737934e-20 7.459922473474309605e-20 3.983732550227785481e-21 5.374828655466008052e-19 4.545322504270036397e-20 3.266675529163039878e-21
2.042000000000000000e+03 5.541805950354546170e-20 7.357074051024493356e-20 3.885936630296723218e-21 5.313299917117758024e-19 4.423125327795999303e-20 3.190141155285666076e-21
2.052000000000000000e+03 5.477547883266240207e-20 7.257084736402076605e-20 3.791043730731882156e-21 5.252294061973770919e-19 4.304913963002248609e-20 3.115761956471423839e-21
2.062000000000000000e+03 5.414305927240425099e-20 7.159983662328215088e-20 3.698878746769129971e-21 5.191917027502238842e-19 4.190606871907521440e-20 3.043424232148530330e-21
2.072000000000000000e+03 5.352085453441736739e-20 7.065786332778359030e-20 3.609379383919149875e-21 5.132278262459945773e-19 4.080110254327696354e-20 2.973088672134512943e-21
2.082000000000000000e+03 5.290883671358125906e-20 6.974448326066161738e-20 3.522373067133519460e-21 5.073464437238947644e-19 3.973305690048498035e-20 2.904637838746249213e-21
2.092000000000000000e+03 5.230696826682040378e-20 6.885923470072528956e-20 3.437858828936680676e-21 5.015560881853382942e-19 3.870074925648640707e-20 2.838070157031022496e-21
2.102000000000000000e+03 5.171515298372651229e-20 6.800132261433804251e-20 3.355780627570782557e-21 4.958616308797000797e-19 3.770283048702974834e-20 2.773344700721244758e-21
2.112000000000000000e+03 5.113322150472045302e-20 6.716931657778152141e-20 3.275982171152433932e-21 4.902650734696058654e-19 3.673778962342455764e-20 2.710349440253682517e-21
2.122000000000000000e+03 5.056102241931824115e-20 6.636205106975664980e-20 3.198477421680622821e-21 4.847695803160069117e-19 3.580431021372264477e-20 2.649089932305811287e-21
2.132000000000000000e+03 4.999829166868854222e-20 6.557784733045903891e-20 3.123104338551890665e-21 4.793725877290426093e-19 3.490092587774489455e-20 2.589448860503647824e-21
2.142000000000000000e+03 4.944479943291237715e-20 6.481467714418657810e-20 3.049840429800548127e-21 4.740742369301336469e-19 3.402628921189211750e-20 2.531404605869155911e-21
2.152000000000000000e+03 4.890025476831387819e-20 6.407071937213216712e-20 2.978558153923327071e-21 4.688719169040305370e-19 3.317910194007928959e-20 2.474863504074693636e-21
2.162000000000000000e+03 4.836431536845659137e-20 6.334437284811778606e-20 2.909233355832101671e-21 4.637624375781627421e-19 3.235791580324829848e-20 2.419802262883503138e-21
2.172000000000000000e+03 4.783671233298883777e-20 6.263412656113089454e-20 2.841887180013338226e-21 4.587465723917536763e-19 3.156140408467172628e-20 2.366230161246637668e-21
2.182000000000000000e+03 4.731704122684823779e-20 6.193775547420397552e-20 2.776357352867361212e-21 4.538203369767040861e-19 3.078812836481570293e-20 2.314027273370605818e-21
2.192000000000000000e+03 4.680498583389071616e-20 6.125345464806503656e-20 2.712609209429202155e-21 4.489844204271241471e-19 3.003684869161289722e-20 2.263163880373633530e-21
2.202000000000000000e+03 4.630029429241349381e-20 6.058090251479529516e-20 2.650728847495994359e-21 4.442390749721769219e-19 2.930631964433405462e-20 2.213696578836798737e-21
2.212000000000000000e+03 4.580253454879161766e-20 5.991724792735052879e-20 2.590429488912667895e-21 4.395816092084689335e-19 2.859538369933203629e-20 2.165418580405665534e-21
2.222000000000000000e+03 4.531151348733269031e-20 5.926258703808329493e-20 2.531857079175294672e-21 4.350114634978881538e-19 2.790305253610646318e-20 2.118430145749438232e-21
2.232000000000000000e+03 4.482688834175143581e-20 5.861520196647140702e-20 2.474833023190307753e-21 4.305266942437619153e-19 2.722844783096473913e-20 2.072602623674858956e-21
2.242000000000000000e+03 4.434851639307668474e-20 5.797506403141662090e-20 2.419410353134327727e-21 4.261252811515282350e-19 2.657083462951499614e-20 2.027972676925295315e-21
2.252000000000000000e+03 4.387618650255754565e-20 5.734149726212975572e-20 2.365465459198161948e-21 4.218026379778384477e-19 2.592970926614283625e-20 1.984453236389583531e-21
2.262000000000000000e+03 4.340983212151994867e-20 5.671478845923355557e-20 2.313063448057260699e-21 4.175554823130461393e-19 2.530482424775697700e-20 1.942092686237763616e-21
2.272000000000000000e+03 4.294923019966110440e-20 5.609416215918122439e-20 2.261992690206828689e-21 4.133756584406161715e-19 2.469604564025471174e-20 1.900743303343219468e-21
2.282000000000000000e+03 4.249434935883778063e-20 5.548026520548660217e-20 2.212314756825790471e-21 4.092578368063764800e-19 2.410343058218066100e-20 1.860452891598865246e-21
2.292000000000000000e+03 4.204521885515721804e-20 5.487377995187308037e-20 2.164020914823232891e-21 4.051968005811087056e-19 2.352707884742576338e-20 1.821220108642819721e-21
2.302000000000000000e+03 4.160180229757293145e-20 5.427496517477300825e-20 2.117025521991025373e-21 4.011873372939035601e-19 2.296712089467669860e-20 1.782988583005661087e-21
2.312000000000000000e+03 4.116411420286522732e-20 5.368444533109023086e-20 2.071267562253091663e-21 3.972244565139124285e-19 2.242361244718625315e-20 1.745719120973609461e-21
2.322000000000000000e+03 4.073214576910693808e-20 5.310292797586125241e-20 2.026711658058208329e-21 3.933036290374946630e-19 2.189658831160702139e-20 1.709390412032635404e-21
2.332000000000000000e+03 4.030598375003561792e-20 5.253130574061334324e-20 1.983354053778747657e-21 3.894247980786644015e-19 2.138589042080023838e-20 1.674002747453441704e-21
2.342000000000000000e+03 3.988563133716113379e-20 5.196968854458914895e-20 1.941033941413642623e-21 3.855853939027083702e-19 2.089123494584582992e-20 1.639442529024982683e-21
2.352000000000000000e+03 3.947106919758974476e-20 5.141927488124998975e-20 1.899817252180405125e-21 3.817864429936211694e-19 2.041230490311562982e-20 1.605758347114566516e-21
2.362000000000000000e+03 3.906243498364632829e-20 5.088112580897814503e-20 1.859711342961317594e-21 3.780295197365282978e-19 1.994861107280758297e-20 1.572956094864233050e-21
2.372000000000000000e+03 3.865969695745457288e-20 5.035546010167346805e-20 1.820615607030051238e-21 3.743163960836211302e-19 1.949944929766450543e-20 1.540961807133305312e-21
2.382000000000000000e+03 3.826285787122313769e-20 4.984273108261378231e-20 1.782496607112340513e-21 3.706488713645789093e-19 1.906407217196510456e-20 1.509749224047102333e-21
2.392000000000000000e+03 3.787190731626965080e-20 4.934356365643420688e-20 1.745354939045648226e-21 3.670298813229873362e-19 1.864166574716299792e-20 1.479316035879237265e-21
2.402000000000000000e+03 3.748678470395497475e-20 4.885782673257052210e-20 1.709135134004034578e-21 3.634590331508382080e-19 1.823138664106898173e-20 1.449618512050906414e-21
2.412000000000000000e+03 3.710750202219222193e-20 4.838543240442790260e-20 1.673817668879426282e-21 3.599414483048188072e-19 1.783244954108999435e-20 1.420639150218913935e-21
2.422000000000000000e+03 3.673398274059465763e-20 4.792646132350346697e-20 1.639364684806901496e-21 3.564750565603283234e-19 1.744407507036458752e-20 1.392347033750221844e-21
2.432000000000000000e+03 3.636613548446038185e-20 4.747967521244838760e-20 1.605717832048312251e-21 3.530604084123414037e-19 1.706548210435869748e-20 1.364695169701430039e-21
2.442000000000000000e+03 3.600397233683107210e-20 4.704557845933773214e-20 1.572932933029307342e-21 3.496990971239952766e-19 1.669614060046233545e-20 1.337722144814844691e-21
2.452000000000000000e+03 3.564739353843949321e-20 4.662296288786732060e-20 1.540950741125719410e-21 3.463894933139840381e-19 1.633554238098657672e-20 1.311381944946682564e-21
2.462000000000000000e+03 3.529626132220239631e-20 4.621053616901140324e-20 1.509719754708469333e-21 3.431305690925326696e-19 1.598326307963062357e-20 1.285634450331578454e-21
2.472000000000000000e+03 3.495044511297643627e-20 4.580721595502475488e-20 1.479221794284800317e-21 3.399215622374951577e-19 1.563897807767999490e-20 1.260464446053234794e-21
2.482000000000000000e+03 3.460998225782440549e-20 4.541336022329920062e-20 1.449507341526103601e-21 3.367640295156631514e-19 1.530241793293284443e-20 1.235908312014637638e-21
2.492000000000000000e+03 3.427463822452431302e-20 4.502622884874373285e-20 1.420483068091883697e-21 3.336550582010953093e-19 1.497326517706404347e-20 1.211894931742328134e-21
2.502000000000000000e+03 3.394435088720762926e-20 4.464536037946392183e-20 1.392178071718025570e-21 3.305953677634660895e-19 1.465125453491279632e-20 1.188444474162513646e-21
2.512000000000000000e+03 3.361898494207920522e-20 4.426986021418487204e-20 1.364566972327637234e-21 3.275833448365438925e-19 1.433620805322043698e-20 1.165537634116901638e-21
2.522000000000000000e+03 3.329838064280042529e-20 4.389867475647195452e-20 1.337623597778107853e-21 3.246171695202128925e-19 1.402787269827305440e-20 1.143153858503293215e-21
2.532000000000000000e+03 3.298247271115037089e-20 4.353070372161863149e-20 1.311334358168630693e-21 3.216979493177082035e-19 1.372615741356534488e-20 1.121282954881390540e-21
2.542000000000000000e+03 3.267099072919544761e-20 4.316461342197301658e-20 1.285599127813525390e-21 3.188207947721854004e-19 1.343094731882809635e-20 1.099850794569895553e-21
2.552000000000000000e+03 3.236401289431105953e-20 4.280153314125840786e-20 1.260550671503098510e-21 3.159885952290592375e-19 1.314227659843417644e-20 1.078956712037434180e-21
2.562000000000000000e+03 3.206144269300657388e-20 4.244035018685615893e-20 1.236144784819684630e-21 3.131999775782985478e-19 1.286015180121710777e-20 1.058568757778908974e-21
2.572000000000000000e+03 3.176295525695284822e-20 4.208027143925368124e-20 1.212326384937610178e-21 3.104491767153321154e-19 1.258467107085624534e-20 1.038647459178137550e-21
2.582000000000000000e+03 3.146862677716349432e-20 4.172147381813156061e-20 1.189103909834113121e-21 3.077373880760380520e-19 1.231603134154555743e-20 1.019201695452139241e-21
2.592000000000000000e+03 3.117852183615196527e-20 4.136453267284527342e-20 1.166465442503364337e-21 3.050640753959330062e-19 1.205441145848397295e-20 1.000225486830633137e-21
2.602000000000000000e+03 3.089225522051369263e-20 4.100860042843850170e-20 1.144350091738283167e-21 3.024218698003667144e-19 1.180003028681424132e-20 9.816757091649979911e-22
2.612000000000000000e+03 3.060995783389533428e-20 4.065489291830052469e-20 1.122797186730490630e-21 2.998112274135470226e-19 1.155304677509929680e-20 9.635843396737068850e-22
2.622000000000000000e+03 3.033142485534108179e-20 4.030283328236228009e-20 1.101709588825665424e-21 2.972322123176943460e-19 1.131360931420327817e-20 9.458814207110823068e-22
2.632000000000000000e+03 3.005694242569314890e-20 3.995477064307965792e-20 1.081180611760042848e-21 2.946861241545374521e-19 1.108177134662799497e-20 9.286387087789542360e-22
2.642000000000000000e+03 2.978620123411902249e-20 3.961037326077763604e-20 1.061120483762969640e-21 2.921673027474628945e-19 1.085741242455680799e-20 9.117896153608565912e-22
2.652000000000000000e+03 2.951925413870182359e-20 3.927078670269986916e-20 1.041533372119084750e-21 2.896800109205409335e-19 1.064033063474249171e-20 8.953373851002199399e-22
2.662000000000000000e+03 2.925600614316962261e-20 3.893676195267993698e-20 1.022387204154731977e-21 2.872209856257937942e-19 1.043015471298569514e-20 8.792567768604633921e-22
2.672000000000000000e+03 2.899640317787805762e-20 3.860921341396893431e-20 1.003672710466104882e-21 2.847894180479212984e-19 1.022639380224442021e-20 8.635385693939004196e-22
2.682000000000000000e+03 2.874054429529076732e-20 3.828909322655658555e-20 9.853812243328020158e-22 2.823899229212214020e-19 1.002850322973413348e-20 8.481736972562607681e-22
2.692000000000000000e+03 2.848849979475026955e-20 3.797767672279239855e-20 9.675057774610602887e-22 2.800228248857045717e-19 9.835883239562614780e-21 8.331539349307347397e-22
2.702000000000000000e+03 2.824011577702375195e-20 3.767538202024246911e-20 9.500406279496011376e-22 2.776885749373910273e-19 9.647986699766891456e-21 8.184716355632979628e-22
2.712000000000000000e+03 2.799529597771309039e-20 3.738251800384899074e-20 9.329575269451341027e-22 2.753854238168932649e-19 9.464245532735295314e-21 8.041021984296328682e-22
2.722000000000000000e+03 2.775415251039616959e-20 3.709870206281908461e-20 9.162300194747658881e-22 2.731151057259833670e-19 9.284221161401638583e-21 7.900230596850875350e-22
2.732000000000000000e+03 2.751653696537167604e-20 3.682237095055351175e-20 8.998362724709822838e-22 2.708766785749022593e-19 9.107598962265826346e-21 7.762151492882435556e-22
2.742000000000000000e+03 2.728231289500078845e-20 3.655614351176106753e-20 8.838056609249547202e-22 2.686685847676240698e-19 8.934157846317642216e-21 7.627000298648354832e-22
2.752000000000000000e+03 2.705184765176862483e-20 3.630113438205963110e-20 8.681701650110321797e-22 2.664953636170306322e-19 8.763762329883873564e-21 7.495015950194752340e-22
2.762000000000000000e+03 2.682485942792664252e-20 3.605493181005153877e-20 8.528676943592185321e-22 2.643517728145312870e-19 8.596289601696685484e-21 7.365716284109783118e-22
2.772000000000000000e+03 2.660124116964343319e-20 3.581528977651491200e-20 8.378834300973146793e-22 2.622367346950513185e-19 8.431710861823968964e-21 7.238980727101059983e-22
2.782000000000000000e+03 2.638127591984832804e-20 3.558510289638806464e-20 8.232921626238027649e-22 2.601553392588889198e-19 8.270079912724730874e-21 7.115388546272282723e-22
2.792000000000000000e+03 2.616442502416369849e-20 3.535932448268050280e-20 8.089933917557692920e-22 2.580992370031740387e-19 8.111426407734584811e-21 6.994169512963358541e-22
2.802000000000000000e+03 2.595108371114298603e-20 3.514041354038421048e-20 7.950639655377573495e-22 2.560775454328294597e-19 7.955808035384101274e-21 6.875918573679513777e-22
2.812000000000000000e+03 2.574084093720702397e-20 3.492385284295121211e-20 7.814254068018119944e-22 2.540762635153514743e-19 7.803192362855165757e-21 6.760028624013116525e-22
2.822000000000000000e+03 2.553375526932597157e-20 3.471025298479088042e-20 7.681300185929488010e-22 2.521043910491774903e-19 7.653533451330495120e-21 6.646894704981151928e-22
2.832000000000000000e+03 2.533000704841925287e-20 3.449827716601925064e-20 7.551575384976578916e-22 2.501628006601696159e-19 7.506783417108840340e-21 6.536361829798635936e-22
2.842000000000000000e+03 2.512950642322988956e-20 3.428725581898128219e-20 7.425221309797466073e-22 2.482493562433237587e-19 7.362877976512529144e-21 6.428532055387880918e-22
2.852000000000000000e+03 2.493158514369276663e-20 3.407425969896415002e-20 7.301779887287038230e-22 2.463590103149136325e-19 7.221741388566119204e-21 6.323045403364283302e-22
2.862000000000000000e+03 2.473645232930278596e-20 3.385997381434252526e-20 7.181346937847973778e-22 2.444902643740635682e-19 7.083331026785277001e-21 6.219978275327680202e-22
2.872000000000000000e+03 2.454453781339360271e-20 3.364486849717246339e-20 7.064292743784545024e-22 2.426522338029875951e-19 6.947657278404198463e-21 6.119618145951336273e-22
2.882000000000000000e+03 2.435517174270411534e-20 3.342597603755136442e-20 6.949926794109654148e-22 2.408380592060381579e-19 6.814774492928439511e-21 6.021440651213200565e-22
2.892000000000000000e+03 2.416878670039320959e-20 3.320518641918935669e-20 6.838612608018993886e-22 2.390508889167755054e-19 6.684871246833746870e-21 5.925746531735813116e-22
2.902000000000000000e+03 2.398465697355071282e-20 3.298172512148580834e-20 6.730103542527601635e-22 2.372806807617244168e-19 6.558266358253809300e-21 5.832372522578326174e-22
2.912000000000000000e+03 2.380329963313722135e-20 3.275540344500754809e-20 6.624108161485139809e-22 2.355370611142352220e-19 6.435357380424250577e-21 5.741139077105271214e-22
2.922000000000000000e+03 2.362459003573930918e-20 3.252710473018428355e-20 6.520534752698773300e-22 2.338188960734270279e-19 6.316585243924409657e-21 5.652019461627327117e-22
2.932000000000000000e+03 2.344811660385950349e-20 3.229690124437707586e-20 6.419217890990607662e-22 2.321174389852961544e-19 6.202284934805219857e-21 5.564919098331160764e-22
2.942000000000000000e+03 2.327434736526240506e-20 3.206698682861283631e-20 6.320616252040561693e-22 2.304428618530463827e-19 6.092738086867652202e-21 5.480220849287782581e-22
2.952000000000000000e+03 2.310249862308664822e-20 3.183689952628196957e-20 6.224165238490568474e-22 2.287852241853899970e-19 5.988042203987328469e-21 5.397507514893511122e-22
2.962000000000000000e+03 2.293354055767335234e-20 3.160945379175323642e-20 6.130077074247043640e-22 2.271550843031169357e-19 5.888172410046651186e-21 5.316955737184700994e-22
2.972000000000000000e+03 2.276672077108988025e-20 3.138465734582147458e-20 6.038054395709876140e-22 2.255488197211804159e-19 5.792861364787938555e-21 5.238320050753772828e-22
2.982000000000000000e+03 2.260215678094458158e-20 3.116403993763613321e-20 5.947808063052678967e-22 2.239633262777573792e-19 5.701754849458661240e-21 5.161361999127073223e-22
2.992000000000000000e+03 2.244026000598554030e-20 3.094928939978393661e-20 5.859494557156384195e-22 2.224020212165946530e-19 5.614344942859022871e-21 5.086167152765967301e-22
3.002000000000000000e+03 2.228022152320202109e-20 3.074115847609969181e-20 5.772911082983412833e-22 2.208654471373638296e-19 5.530057293177892520e-21 5.012535246841206140e-22
3.012000000000000000e+03 2.212272775107550141e-20 3.054107637152111018e-20 5.688017149780572485e-22 2.193547827872435181e-19 5.448224886159745535e-21 4.940389465837047684e-22
3.022000000000000000e+03 2.196757006677164783e-20 3.034958312107322903e-20 5.604689383565024027e-22 2.178691789689950242e-19 5.368242196037515363e-21 4.869587920948639173e-22
3.032000000000000000e+03 2.181505304531846141e-20 3.016845301739776732e-20 5.523140493654939616e-22 2.164107561035362173e-19 5.289598498123163722e-21 4.800255738217324656e-22
3.042000000000000000e+03 2.166447185473909024e-20 2.999554683131819171e-20 5.442712825400312203e-22 2.149743053654401249e-19 5.211815186437183437e-21 4.731847814049977026e-22
3.052000000000000000e+03 2.151618292566557816e-20 2.983246074125422256e-20 5.363746769057274311e-22 2.135606233008972979e-19 5.134557472274500463e-21 4.664599344394409692e-22
3.062000000000000000e+03 2.137038306548650980e-20 2.968023896674756186e-20 5.286537277606563258e-22 2.121771038696348306e-19 5.057570140133734483e-21 4.598716031866030471e-22
3.072000000000000000e+03 2.122683587336724095e-20 2.953530326062709179e-20 5.210472567606013765e-22 2.108113609327635991e-19 4.980654924377093707e-21 4.533707983543933440e-22
3.082000000000000000e+03 2.108586112389868896e-20 2.939946770802539646e-20 5.135941159523609990e-22 2.094694466973530469e-19 4.903754554335001960e-21 4.469870030893981858e-22
3.092000000000000000e+03 2.094706421608779072e-20 2.926956685202880367e-20 5.062740760050498836e-22 2.081477747685050492e-19 4.826907863656208505e-21 4.407042329688832857e-22
3.102000000000000000e+03 2.081069423295134238e-20 2.914597945967430372e-20 4.991044157610461491e-22 2.068515453091375575e-19 4.750192354789533019e-21 4.345363951757983483e-22
3.112000000000000000e+03 2.067670242216312941e-20 2.902491532131371583e-20 4.920610763637045959e-22 2.055699660269689029e-19 4.673785325552095155e-21 4.284657805479994294e-22
3.122000000000000000e+03 2.054408016836595244e-20 2.890496713238087984e-20 4.851342658186909946e-22 2.042956185804635978e-19 4.597866072123763041e-21 4.224856943097548400e-22
3.132000000000000000e+03 2.041424269701175597e-20 2.878803025765029430e-20 4.783796191055897402e-22 2.030475257395556299e-19 4.522650461357549775e-21 4.166412578475153549e-22
3.142000000000000000e+03 2.028661782924418445e-20 2.867155997036148300e-20 4.717783247771636644e-22 2.018163884644496080e-19 4.448255727809383425e-21 4.109184106934608720e-22
3.152000000000000000e+03 2.016090250326102379e-20 2.855350684030405728e-20 4.653219763281191424e-22 2.005997244026371595e-19 4.374795976895341568e-21 4.053112559754740941e-22
3.162000000000000000e+03 2.003744000336638959e-20 2.843332998325510890e-20 4.590225147264696243e-22 1.993979012441046506e-19 4.302314451980355030e-21 3.998293408092507422e-22
3.172000000000000000e+03 1.991608513310828715e-20 2.830886355613684442e-20 4.528756500760068733e-22 1.982140502117979345e-19 4.230878446905323681e-21 3.944696094906042941e-22
3.182000000000000000e+03 1.979586685843325613e-20 2.817857808156635069e-20 4.468610845096665616e-22 1.970422888885135253e-19 4.160539815579214655e-21 3.892165305406672951e-22
3.192000000000000000e+03 1.967806002126018595e-20 2.804478628104905818e-20 4.410116300855713782e-22 1.958824071164407318e-19 4.091375216595546989e-21 3.840967262318427606e-22
3.202000000000000000e+03 1.956146960665669700e-20 2.790346190089953518e-20 4.352817589143309935e-22 1.947323940260443860e-19 4.023497780310579998e-21 3.790755609692584756e-22
3.212000000000000000e+03 1.944713474011783754e-20 2.775751240976216719e-20 4.297110234113933908e-22 1.936038588008489801e-19 3.957149771063925217e-21 3.741863235043417271e-22
3.222000000000000000e+03 1.933438151033412523e-20 2.760703715684912454e-20 4.242791968769139931e-22 1.924851604442289513e-19 3.892655168100073134e-21 3.694164806527153685e-22
3.232000000000000000e+03 1.922301829720106054e-20 2.745118464740312774e-20 4.189649334183331909e-22 1.913818280596405204e-19 3.830376068494655821e-21 3.647531719664987350e-22
3.242000000000000000e+03 1.911311342110880978e-20 2.729205934224660790e-20 4.137773687764294250e-22 1.902855817475664666e-19 3.770641260695784415e-21 3.602069969842430027e-22
3.252000000000000000e+03 1.900483593289126792e-20 2.713128032665534359e-20 4.087030785815425734e-22 1.892050890886957480e-19 3.713676163617068291e-21 3.557705620880793488e-22
3.262000000000000000e+03 1.889811118037582452e-20 2.696946419387091187e-20 4.037294496949599937e-22 1.881398132530377667e-19 3.659569541979656980e-21 3.514355503919508430e-22
3.272000000000000000e+03 1.879281031309480123e-20 2.680826101997652735e-20 3.988650641071825060e-22 1.870982581740050873e-19 3.608233402382594514e-21 3.472082343293599592e-22
3.282000000000000000e+03 1.868927636478535522e-20 2.665009943196984347e-20 3.940948886776216983e-22 1.860681928479063022e-19 3.559484353679611022e-21 3.430762607829959768e-22
3.292000000000000000e+03 1.858684779497809790e-20 2.649702601575247420e-20 3.894211155566459068e-22 1.850495042604910972e-19 3.512974817213734883e-21 3.390383629288516320e-22
3.302000000000000000e+03 1.848652315949229352e-20 2.634959813841330823e-20 3.848157258990092618e-22 1.840579564782535147e-19 3.468338990417296826e-21 3.350704925011394316e-22
3.312000000000000000e+03 1.838708952692033662e-20 2.620357828162773797e-20 3.802354624971376901e-22 1.830866619367756341e-19 3.425131302337891307e-21 3.311346491361481277e-22
3.322000000000000000e+03 1.828945383483007171e-20 2.606940444554437379e-20 3.757489899547061176e-22 1.821313412975332432e-19 3.383025072940637187e-21 3.272818299950696075e-22
3.332000000000000000e+03 1.819366006364623657e-20 2.594614423615403883e-20 3.713486207741282831e-22 1.812046580516421125e-19 3.341607293317382241e-21 3.235022379060866707e-22
3.342000000000000000e+03 1.809907367012664655e-20 2.583458303647375235e-20 3.670217703297331334e-22 1.802890109604966043e-19 3.300535969783205573e-21 3.197829557536151611e-22
3.352000000000000000e+03 1.800621892734006776e-20 2.573310818043211837e-20 3.627434476673541134e-22 1.793975340791852010e-19 3.259540532637486617e-21 3.161023788559917822e-22
3.362000000000000000e+03 1.791594026834865911e-20 2.564500927212854644e-20 3.585548149260820165e-22 1.785353536642972187e-19 3.218404544108763815e-21 3.124904210179260356e-22
3.372000000000000000e+03 1.782668764202256958e-20 2.556856478963941145e-20 3.544102371583592808e-22 1.776733485261331835e-19 3.176991734478702248e-21 3.089102123149228595e-22
3.382000000000000000e+03 1.774017760359528465e-20 2.550440875126019050e-20 3.503611435525742724e-22 1.768458635555636448e-19 3.135221832588891282e-21 3.054006514116607540e-22
3.392000000000000000e+03 1.765385597675106762e-20 2.544759493071690445e-20 3.463429595007648884e-22 1.760167067601618344e-19 3.093138623879631648e-21 3.019113778129935056e-22
3.402000000000000000e+03 1.757041978758498132e-20 2.540071673140476872e-20 3.424190435517103351e-22 1.752085832378189371e-19 3.050847000081944004e-21 2.984926328903255284e-22
3.412000000000000000e+03 1.748897882853881882e-20 2.536040358979491752e-20 3.385770351292117015e-22 1.744163187128404040e-19 3.008508401270631531e-21 2.951356878493146046e-22
3.422000000000000000e+03 1.740966232992704287e-20 2.532637286679851483e-20 3.348225089039454519e-22 1.736368592224795394e-19 2.966309665446964544e-21 2.918464553432627239e-22
3.432000000000000000e+03 1.733144464251092003e-20 2.529506245074630705e-20 3.311383063357489790e-22 1.728568808419895990e-19 2.924411255345966203e-21 2.886125744879631968e-22
3.442000000000000000e+03 1.725517645736430198e-20 2.526435948443351227e-20 3.275492920960388357e-22 1.720876887040778957e-19 2.882953085630889727e-21 2.854542589941601186e-22
3.452000000000000000e+03 1.718097860092974132e-20 2.523303239103247472e-20 3.240678148175222120e-22 1.713313237679339461e-19 2.842010463948973160e-21 2.823814893408153895e-22
3.462000000000000000e+03 1.710803713402045380e-20 2.519783702559036891e-20 3.206708671918477735e-22 1.705760032952318759e-19 2.801585454516864962e-21 2.793761579613335308e-22
3.472000000000000000e+03 1.703741938095922445e-20 2.515714516564987743e-20 3.173860815432150067e-22 1.698377130740417450e-19 2.761651227819611274e-21 2.764591115441458127e-22
3.482000000000000000e+03 1.696778671040161390e-20 2.511075310895417855e-20 3.142027029615260801e-22 1.691109578883596812e-19 2.722161572167496497e-21 2.736213186406905941e-22
3.492000000000000000e+03 1.689941198416025182e-20 2.505335454637272242e-20 3.111102607525002647e-22 1.683889602337058213e-19 2.683049953617965670e-21 2.708535738709205456e-22
3.502000000000000000e+03 1.683330802625358288e-20 2.498700647988584532e-20 3.080725998970860254e-22 1.676646171686110633e-19 2.644316309355176616e-21 2.681289472394363078e-22
3.512000000000000000e+03 1.676708868760717453e-20 2.491075042740572176e-20 3.051472644980471398e-22 1.669469650112766435e-19 2.605937067212004237e-21 2.654900692530017719e-22
3.522000000000000000e+03 1.670335303824684573e-20 2.482734226588839560e-20 3.023411584914545647e-22 1.662457914767862706e-19 2.568048771937038353e-21 2.629444822980282925e-22
3.532000000000000000e+03 1.664011535360072019e-20 2.473499180814254842e-20 2.996194993259689239e-22 1.655488687317481071e-19 2.530929603573373190e-21 2.604680118656061224e-22
3.542000000000000000e+03 1.657688661120124135e-20 2.463229459919758384e-20 2.969684490739731979e-22 1.648431288043014499e-19 2.495035241567969862e-21 2.580548283106545196e-22
3.552000000000000000e+03 1.651723183021832952e-20 2.452734742420463969e-20 2.944650478263211421e-22 1.641655515093802014e-19 2.460871803733771165e-21 2.557705741312511753e-22
3.562000000000000000e+03 1.645626273013791451e-20 2.441319446411460222e-20 2.919759675699440419e-22 1.634868825448723888e-19 2.428965991644884848e-21 2.535186789909762921e-22
3.572000000000000000e+03 1.639762708965148618e-20 2.429847714995249976e-20 2.895978713535463937e-22 1.628161171597129274e-19 2.399679416111099914e-21 2.513783350452619057e-22
3.582000000000000000e+03 1.633876056637071617e-20 2.418139643380088614e-20 2.872529893315999142e-22 1.621464395856995758e-19 2.373174924485693918e-21 2.492923953837936240e-22
3.592000000000000000e+03 1.628108328849292653e-20 2.406608953154356061e-20 2.849857956137784797e-22 1.614928662039715572e-19 2.349351176628218675e-21 2.472944936618788086e-22
3.602000000000000000e+03 1.622431622459115952e-20 2.395360677949670916e-20 2.827442336122201993e-22 1.608575279207530481e-19 2.327969831840623796e-21 2.453431370699578253e-22
3.612000000000000000e+03 1.617019146411492789e-20 2.384828545303729794e-20 2.805702603201389271e-22 1.602526287858421579e-19 2.308666291096594894e-21 2.434669174236203564e-22
3.622000000000000000e+03 1.611483952932833518e-20 2.374825388315928944e-20 2.783835849000889369e-22 1.596605646000916920e-19 2.290975336135911051e-21 2.415991510938038823e-22
3.632000000000000000e+03 1.606049503061414722e-20 2.365848512628545978e-20 2.762307543846314313e-22 1.590708616776377568e-19 2.274392446379690316e-21 2.397702738622071424e-22
3.642000000000000000e+03 1.600880564369855778e-20 2.358066871850387324e-20 2.741141401327414568e-22 1.585296421533139674e-19 2.258394065517582370e-21 2.379768689224966186e-22
3.652000000000000000e+03 1.595815370150891823e-20 2.351419633960343579e-20 2.720129868675782095e-22 1.580112094003467251e-19 2.242481493249983560e-21 2.361972426654576931e-22
3.662000000000000000e+03 1.590842104068289038e-20 2.345994830970688531e-20 2.699120282367895357e-22 1.575254656759717866e-19 2.226212578864528361e-21 2.344150307619605706e-22
3.672000000000000000e+03 1.585997891662049053e-20 2.341820936592862217e-20 2.678263638658661025e-22 1.570570142293630526e-19 2.209262779322104992e-21 2.326380605334306333e-22
3.682000000000000000e+03 1.581369269839579446e-20 2.338900128346820565e-20 2.657590287399917292e-22 1.566110525825404775e-19 2.191365291147727143e-21 2.308658133449186391e-22
3.692000000000000000e+03 1.576835657916372626e-20 2.336194970583910915e-20 2.636597229472474629e-22 1.561942567456167914e-19 2.172446409572323467e-21 2.290581825745670209e-22
3.702000000000000000e+03 1.572451404219512796e-20 2.334741879681573844e-20 2.615881240584690039e-22 1.558012640685320345e-19 2.152526431329033464e-21 2.272614378210824849e-22
3.712000000000000000e+03 1.568303515293773870e-20 2.334482614329880662e-20 2.595553870884106073e-22 1.554213333693246631e-19 2.131720826660168624e-21 2.254852371234344720e-22
3.722000000000000000e+03 1.564324957357097576e-20 2.334898418152212909e-20 2.575409405420265884e-22 1.550569301128604731e-19 2.110161259197620897e-21 2.237147363040394943e-22
3.732000000000000000e+03 1.560423972015124806e-20 2.335776413969155094e-20 2.555504552555724395e-22 1.546868127500353416e-19 2.088034737285487199e-21 2.219557298461222971e-22
3.742000000000000000e+03 1.556748336666928777e-20 2.337084042100574356e-20 2.536099970342762193e-22 1.543480218608413372e-19 2.065508060999230563e-21 2.202299583889169517e-22
3.752000000000000000e+03 1.553259846015972972e-20 2.338448030165467455e-20 2.517055427154640045e-22 1.540080378200124852e-19 2.042777319567583405e-21 2.185284531904586737e-22
3.762000000000000000e+03 1.549925339545834196e-20 2.339447692505337861e-20 2.498482429083571350e-22 1.536674984132439893e-19 2.019979172148832364e-21 2.168606499557832222e-22
3.772000000000000000e+03 1.546761042247554759e-20 2.340111445362542926e-20 2.480478889189754556e-22 1.533533389469305739e-19 1.997187973855970780e-21 2.152348058332985866e-22
3.782000000000000000e+03 1.543538584954535256e-20 2.339744277583085344e-20 2.462813627101579641e-22 1.530072378770643138e-19 1.974373616874335248e-21 2.136319454052382734e-22
3.792000000000000000e+03 1.540678916208955608e-20 2.338723882376764193e-20 2.445947487247099485e-22 1.526775398742318661e-19 1.951534313400244960e-21 2.120878581405234669e-22
3.802000000000000000e+03 1.537920564397853009e-20 2.336584705281874519e-20 2.429763097402430388e-22 1.523657605078190247e-19 1.928650962754771235e-21 2.105924535990131365e-22
3.812000000000000000e+03 1.535219201260661141e-20 2.333262674043312405e-20 2.414022081724632576e-22 1.520306895694497697e-19 1.905707478791761342e-21 2.091272753526965437e-22
3.822000000000000000e+03 1.532437348421079862e-20 2.328572501936455591e-20 2.398807601807627884e-22 1.517006279948473408e-19 1.882723370843540684e-21 2.076983162629616363e-22
3.832000000000000000e+03 1.530008302197216812e-20 2.323072643959411198e-20 2.384540971335783006e-22 1.513928818174838847e-19 1.859798091418993141e-21 2.063394528574690507e-22
3.842000000000000000e+03 1.527486731041825386e-20 2.316219810435615077e-20 2.370608904224961567e-22 1.510695108747660036e-19 1.837176835120098972e-21 2.050062862238631365e-22
3.852000000000000000e+03 1.525038001107486354e-20 2.308486123801287076e-20 2.357220906854803637e-22 1.507271316998873123e-19 1.815218541268121692e-21 2.037196477428509141e-22
3.862000000000000000e+03 1.522720608139410745e-20 2.299964627201266294e-20 2.344316279336592622e-22 1.504015869959619614e-19 1.794430477974828190e-21 2.024817934409757345e-22
3.872000000000000000e+03 1.520318127429154973e-20 2.290898113599131733e-20 2.331901607351664049e-22 1.500837379298336038e-19 1.775212155384727886e-21 2.012984470355108718e-22
3.882000000000000000e+03 1.517993736399873689e-20 2.281376245542412288e-20 2.319607410053805010e-22 1.497595306822062706e-19 1.757911514577933900e-21 2.001473813426947024e-22
3.892000000000000000e+03 1.515648465363963886e-20 2.271303915116076008e-20 2.306805883490373915e-22 1.494236493979412326e-19 1.742639106199259221e-21 1.989836283873009717e-22
3.902000000000000000e+03 1.513499858062792559e-20 2.261634392413626578e-20 2.294775435169287840e-22 1.491260703914567104e-19 1.729347711992087205e-21 1.979033659142750944e-22
3.912000000000000000e+03 1.511347659975947792e-20 2.252454707837801856e-20 2.283033101707385105e-22 1.488281577865150039e-19 1.717753133976279818e-21 1.968668603469519785e-22
3.922000000000000000e+03 1.509167593705285752e-20 2.243938750816393734e-20 2.271393767902240675e-22 1.485670549203821369e-19 1.707478129819054340e-21 1.958557174463503305e-22
3.932000000000000000e+03 1.507100158649940233e-20 2.236443779764877265e-20 2.259763110146640845e-22 1.482857303485833493e-19 1.698109740444024210e-21 1.948579757927019327e-22
3.942000000000000000e+03 1.505230086601468405e-20 2.229885598312017043e-20 2.248199044654879549e-22 1.480620970838710855e-19 1.689164780424242797e-21 1.938718056565150049e-22
3.952000000000000000e+03 1.503241097123220762e-20 2.224655682265479853e-20 2.236401096693974822e-22 1.478575974680971181e-19 1.680229672561075995e-21 1.928691077107743758e-22
3.962000000000000000e+03 1.501567181186985522e-20 2.220817022531343743e-20 2.224727289299021356e-22 1.476702472018874738e-19 1.670846188727950358e-21 1.918712040649281137e-22
3.972000000000000000e+03 1.499728206251585851e-20 2.218054121308845977e-20 2.212512480389187361e-22 1.474880263055933268e-19 1.660738951037946193e-21 1.908239031339282502e-22
3.982000000000000000e+03 1.498237293952797742e-20 2.216979188924182600e-20 2.200654933840814974e-22 1.473698099865585881e-19 1.649714094595278383e-21 1.897927704512058130e-22
3.992000000000000000e+03 1.496955904239615981e-20 2.217127746718874695e-20 2.188572624220672811e-22 1.472443753869619399e-19 1.637698404925706163e-21 1.887327239712329706e-22
4.002000000000000000e+03 1.495737754450937587e-20 2.218503836522096666e-20 2.176567865152760031e-22 1.471323106713546173e-19 1.624732776299574141e-21 1.876664221644850016e-22
4.012000000000000000e+03 1.494692870794123051e-20 2.220993957070171840e-20 2.164562139247154375e-22 1.470360961364826944e-19 1.610935017481330608e-21 1.865894849990488851e-22
4.022000000000000000e+03 1.493854652398876215e-20 2.224268304327681650e-20 2.152678382607236950e-22 1.469396661715347424e-19 1.596477383328431599e-21 1.855129293395654593e-22
4.032000000000000000e+03 1.493188839950030678e-20 2.228118524946631148e-20 2.140976069707956797e-22 1.468348717155019373e-19 1.581582270073677031e-21 1.844437525902829707e-22
4.042000000000000000e+03 1.492701554341254795e-20 2.232445307709589311e-20 2.129635933990169197e-22 1.467508748407263548e-19 1.566470044796980293e-21 1.833981706545930932e-22
4.052000000000000000e+03 1.492442976082784217e-20 2.236906489917614615e-20 2.118826734942544047e-22 1.466496293268728351e-19 1.551428433201940422e-21 1.823922809859731286e-22
4.062000000000000000e+03 1.492506938957757667e-20 2.241100611277164199e-20 2.108499530160935823e-22 1.465810012207474561e-19 1.536655687565942034e-21 1.814250675164810541e-22
4.072000000000000000e+03 1.492519259609312052e-20 2.244550651746022371e-20 2.098503916977747084e-22 1.464772815986519338e-19 1.522399492086613383e-21 1.804878998101169629e-22
4.082000000000000000e+03 1.492782688515423250e-20 2.246102903409194733e-20 2.088377131020649756e-22 1.463966812837992034e-19 1.508827381525449431e-21 1.795488541764578248e-22
4.092000000000000000e+03 1.492999479179730796e-20 2.247348437117811787e-20 2.079186957591327310e-22 1.462944262520326460e-19 1.496019671948767460e-21 1.786887127536420252e-22
4.102000000000000000e+03 1.493598614712623728e-20 2.247948264997939744e-20 2.071205760783605193e-22 1.462320660268018281e-19 1.483889259644129197e-21 1.779268846441987189e-22
4.112000000000000000e+03 1.494340204428819492e-20 2.247222639451580675e-20 2.063935758001169224e-22 1.461662085637713693e-19 1.472210744991722182e-21 1.772225532580536663e-22
4.122000000000000000e+03 1.494636846339295325e-20 2.244915593707980035e-20 2.057201462601417453e-22 1.460642996450973821e-19 1.460696922031707435e-21 1.765575802773492803e-22
4.132000000000000000e+03 1.495611152785481821e-20 2.241533524501122742e-20 2.051820893374630936e-22 1.460111910794757723e-19 1.448972583928188835e-21 1.759885659624864618e-22
4.142000000000000000e+03 1.496163575556487630e-20 2.236580424895081843e-20 2.046886151263609508e-22 1.459168392116199364e-19 1.436788942399520071e-21 1.754426606562926557e-22
4.152000000000000000e+03 1.497145235274990835e-20 2.230500924666333423e-20 2.043168678904349267e-22 1.458502267789036281e-19 1.424027406688931333e-21 1.749758224494233208e-22
4.162000000000000000e+03 1.497661416495304691e-20 2.223132595441151793e-20 2.039914511163460361e-22 1.457595692685274872e-19 1.410936795286732818e-21 1.745344426379508557e-22
4.172000000000000000e+03 1.498397998803810348e-20 2.214981552121954986e-20 2.037510861091181311e-22 1.456414198558056895e-19 1.398092041862186415e-21 1.741565290590189964e-22
4.182000000000000000e+03 1.499138736802424184e-20 2.205924425834240501e-20 2.035484081210360744e-22 1.455511049810745427e-19 1.386398380614553566e-21 1.738212195268923021e-22
4.192000000000000000e+03 1.499901859050775426e-20 2.196468005772042589e-20 2.034217502997458465e-22 1.454619812337233403e-19 1.376731994224592904e-21 1.735711454511156655e-22
4.202000000000000000e+03 1.500355336881021439e-20 2.186787341768474794e-20 2.033229656332175040e-22 1.453295970479604686e-19 1.369657551246748905e-21 1.733807181396551940e-22
4.212000000000000000e+03 1.500763096237130053e-20 2.177116620311669713e-20 2.032473398409460076e-22 1.452085004184473012e-19 1.365339581098971129e-21 1.732506580424705205e-22
4.222000000000000000e+03 1.501308143726399479e-20 2.167762893396477176e-20 2.032302777434378021e-22 1.451158650095234551e-19 1.363597101278130800e-21 1.732048243482962241e-22
4.232000000000000000e+03 1.501622703963732952e-20 2.158814532251831039e-20 2.031683122554855831e-22 1.450190541351219394e-19 1.364011579404263458e-21 1.731610428215088386e-22
4.242000000000000000e+03 1.502135122558886144e-20 2.150511099567643174e-20 2.031023870478539454e-22 1.449643653838042078e-19 1.366044893760591974e-21 1.731411010105106548e-22
4.252000000000000000e+03 1.502573132156660678e-20 2.143018171797100783e-20 2.030446601365290456e-22 1.449346655657839530e-19 1.369156493767833513e-21 1.731446760039531173e-22
4.262000000000000000e+03 1.502786947891256737e-20 2.136334231788600985e-20 2.029210572777910487e-22 1.449100672730428161e-19 1.372800974387892707e-21 1.731087496158953536e-22
4.272000000000000000e+03 1.503416616671009576e-20 2.129562498863622408e-20 2.027124622265982026e-22 1.449665868111733239e-19 1.376510252943091041e-21 1.730121192072958514e-22
4.282000000000000000e+03 1.503793588477861199e-20 2.123742446795745107e-20 2.024672051648055697e-22 1.450547607724003194e-19 1.379801581814271138e-21 1.728819904034149962e-22
4.292000000000000000e+03 1.504436174260717528e-20 2.118965008994828709e-20 2.022065180836531974e-22 1.451768780133391248e-19 1.382284795525840902e-21 1.727285760208811132e-22
4.302000000000000000e+03 1.504915669465414324e-20 2.115196086289822249e-20 2.019074421758998538e-22 1.453045236321219890e-19 1.383648049653106677e-21 1.725298185802249593e-22
4.312000000000000000e+03 1.505512899477083785e-20 2.112335818881154160e-20 2.015864542165910548e-22 1.454917271471975235e-19 1.383727987431012494e-21 1.722957731817958365e-22
4.322000000000000000e+03 1.506398430360213683e-20 2.109866832046034084e-20 2.012256097619573626e-22 1.457126935975997119e-19 1.382414695640220670e-21 1.720116123600373286e-22
4.332000000000000000e+03 1.507161835969296112e-20 2.107925651837792731e-20 2.008146720049833335e-22 1.459203600210904264e-19 1.379763457125785642e-21 1.716702635098727017e-22
4.342000000000000000e+03 1.508035769197608261e-20 2.105998140758019945e-20 2.003851837379973806e-22 1.461454780160540920e-19 1.375828627033621890e-21 1.712956175417217981e-22
4.352000000000000000e+03 1.509135340940194776e-20 2.104301246028526920e-20 1.999417140291846481e-22 1.463805932721320851e-19 1.370705157773776247e-21 1.708926890579689619e-22
4.362000000000000000e+03 1.510209655324617257e-20 2.102368243611147984e-20 1.994900739871177391e-22 1.466004750075813925e-19 1.364462707955227472e-21 1.704659960845638046e-22
4.372000000000000000e+03 1.511331014806098706e-20 2.100049524518805966e-20 1.990251554184660841e-22 1.467862752645613747e-19 1.357298916479036605e-21 1.700146731448085798e-22
4.382000000000000000e+03 1.512811623702682657e-20 2.097236663803170090e-20 1.985880138677568841e-22 1.470158343264255385e-19 1.349446102676993599e-21 1.695725383262463595e-22
4.392000000000000000e+03 1.513946754455857787e-20 2.093683331657139466e-20 1.981275760138886497e-22 1.471607511905274840e-19 1.341113189330948052e-21 1.691042271221960556e-22
4.402000000000000000e+03 1.515088897862272811e-20 2.089338425466034144e-20 1.976923363527987093e-22 1.473093818772116125e-19 1.332446405367962790e-21 1.686477875050994964e-22
4.412000000000000000e+03 1.516553948651073011e-20 2.084173234164702457e-20 1.973102518649744895e-22 1.474773598386484355e-19 1.323483722065540847e-21 1.682243586645680417e-22
4.422000000000000000e+03 1.517615332369021942e-20 2.078089079891677196e-20 1.969140516038267228e-22 1.475720088643326203e-19 1.314188947283086665e-21 1.677831608232299927e-22
4.432000000000000000e+03 1.518808009660132298e-20 2.071167923310610849e-20 1.965576968153702820e-22 1.476772987920337144e-19 1.304422199124399694e-21 1.673617137098360264e-22
4.442000000000000000e+03 1.519685196362675891e-20 2.063400366191475151e-20 1.962098094843544832e-22 1.477211367813111091e-19 1.294091615051443037e-21 1.669347564750276653e-22
4.452000000000000000e+03 1.520528272830877914e-20 2.054900351479866098e-20 1.958893393323328098e-22 1.477722196227747605e-19 1.283098823535602797e-21 1.665144675486586399e-22
4.462000000000000000e+03 1.521287994970511365e-20 2.045679237132822722e-20 1.955039788447433157e-22 1.477848027234640740e-19 1.271669641272517973e-21 1.660374661585445983e-22
4.472000000000000000e+03 1.521688757928583606e-20 2.035900799593025685e-20 1.950887125044893242e-22 1.477711325135880098e-19 1.260275865279190662e-21 1.655368160138798230e-22
4.482000000000000000e+03 1.522059802476944598e-20 2.025835166464140429e-20 1.947006908869417139e-22 1.477295784975088649e-19 1.249639751176299461e-21 1.650668618862578434e-22
4.492000000000000000e+03 1.522075517060480484e-20 2.015558548819226232e-20 1.943305593669567974e-22 1.476801113195251839e-19 1.240396811533582584e-21 1.646320919793527890e-22
4.502000000000000000e+03 1.522030367342098453e-20 2.005202787072605181e-20 1.939418451518517510e-22 1.475833916701460484e-19 1.232897098894881083e-21 1.642135801880296018e-22
4.512000000000000000e+03 1.521683274714881584e-20 1.994878804574664681e-20 1.935401734975262103e-22 1.474940473146403850e-19 1.227049793711338731e-21 1.638142838411817471e-22
4.522000000000000000e+03 1.521205829783843364e-20 1.984685408787906637e-20 1.930733703820578318e-22 1.473735563746087821e-19 1.222509352088299009e-21 1.633913123219765549e-22
4.532000000000000000e+03 1.520430102167437633e-20 1.974745411677170538e-20 1.925641793122919117e-22 1.472573779545320415e-19 1.218753622861614073e-21 1.629517644771453023e-22
4.542000000000000000e+03 1.519729517206873287e-20 1.965108746600632161e-20 1.920114174975327761e-22 1.471413409124896756e-19 1.215184488008316366e-21 1.624846084465678200e-22
4.552000000000000000e+03 1.518568036431807355e-20 1.955846027875640257e-20 1.913827732973880487e-22 1.469986741633455586e-19 1.211242833166393343e-21 1.619561184111916665e-22
4.562000000000000000e+03 1.517486913140989056e-20 1.946987896727042899e-20 1.906962469437688915e-22 1.468735500193640590e-19 1.206551207642689286e-21 1.613731259806116704e-22
4.572000000000000000e+03 1.516246138546535155e-20 1.938537958426023059e-20 1.899562232598768742e-22 1.467354199476985284e-19 1.200918729040988433e-21 1.607350284485307531e-22
4.582000000000000000e+03 1.514944828475727189e-20 1.930448582265091299e-20 1.891444801174039947e-22 1.465945792728607253e-19 1.194286862725246044e-21 1.600277696235401623e-22
4.592000000000000000e+03 1.513561940565281284e-20 1.922707489586644143e-20 1.882861967522514736e-22 1.464527264772347519e-19 1.186705072893238381e-21 1.592701455742527101e-22
4.602000000000000000e+03 1.512155534826209493e-20 1.915267192373005039e-20 1.873774152817288777e-22 1.462828633302119661e-19 1.178294979697049879e-21 1.584613967027709358e-22
4.612000000000000000e+03 1.510665359452225185e-20 1.908058594694494771e-20 1.864284116857898214e-22 1.461003083683860788e-19 1.169269429092576113e-21 1.576125096018234268e-22
4.622000000000000000e+03 1.509168932169919390e-20 1.900997336659734296e-20 1.854669696238297519e-22 1.458922262299528140e-19 1.159864515327281142e-21 1.567475438941886685e-22
4.632000000000000000e+03 1.507622248777143282e-20 1.894040484924501729e-20 1.844962581373306059e-22 1.456821695737088720e-19 1.150473902533131852e-21 1.558758442277204207e-22
4.642000000000000000e+03 1.506139869760062727e-20 1.887109873407885836e-20 1.835515535941042630e-22 1.454607580641480231e-19 1.141454160610907094e-21 1.550292215284897688e-22
4.652000000000000000e+03 1.504522493731712906e-20 1.880143371002532357e-20 1.826065141921495321e-22 1.452412616963731074e-19 1.133327487381626931e-21 1.541983859277623319e-22
4.662000000000000000e+03 1.502865011513362685e-20 1.872461522267029916e-20 1.815325469967193043e-22 1.450180740175946624e-19 1.126587882829901230e-21 1.533006162187356075e-22
4.672000000000000000e+03 1.501026723739022288e-20 1.865122060773871144e-20 1.805817623721251463e-22 1.447859449704945205e-19 1.121715379177019811e-21 1.525252121949328442e-22
4.682000000000000000e+03 1.499181551427760746e-20 1.857788379336028965e-20 1.797067815643267295e-22 1.445762731170886936e-19 1.119059545290711320e-21 1.518447226266701180e-22
4.692000000000000000e+03 1.497234014118589834e-20 1.850325374833909546e-20 1.789060902589319252e-22 1.443820963891488734e-19 1.118901443005520281e-21 1.512626151694020360e-22
4.702000000000000000e+03 1.495086143563559805e-20 1.842712699421096343e-20 1.781622344129504777e-22 1.441853179967412763e-19 1.121474903763406704e-21 1.507696680860894612e-22
4.712000000000000000e+03 1.492851810231844025e-20 1.834983411626534990e-20 1.774971783651181187e-22 1.440029814356706128e-19 1.126828067461410195e-21 1.503812359652983946e-22
4.722000000000000000e+03 1.490492213496299559e-20 1.827100890165652816e-20 1.769198993058880629e-22 1.438417422507346915e-19 1.134878214761017033e-21 1.501005048132208171e-22
4.732000000000000000e+03 1.488005479901390491e-20 1.819111406780870412e-20 1.764181277919886347e-22 1.436812531326705678e-19 1.145226807950368628e-21 1.499098215663524782e-22
4.742000000000000000e+03 1.485295322168831184e-20 1.810985910584386400e-20 1.759708345453276942e-22 1.435137280863120227e-19 1.157358847953637306e-21 1.497833533738011822e-22
4.752000000000000000e+03 1.482393408468809660e-20 1.802788978854492389e-20 1.755733880730550280e-22 1.433194966410157771e-19 1.170386693791470783e-21 1.497017652794715971e-22
4.762000000000000000e+03 1.479350273143738361e-20 1.794537885061243485e-20 1.752262838375730331e-22 1.431230976549253500e-19 1.183078119976160828e-21 1.496453105718321637e-22
4.772000000000000000e+03 1.476146428062048481e-20 1.786257368031677845e-20 1.749103904937349758e-22 1.429032130433922675e-19 1.193754746905966046e-21 1.495745147332937148e-22
4.782000000000000000e+03 1.472789991922497959e-20 1.777972637148629010e-20 1.746046981712804523e-22 1.426632756396031476e-19 1.200590489119912208e-21 1.494478369628928543e-22
4.792000000000000000e+03 1.469262641062487426e-20 1.769699790864690706e-20 1.742904263042365310e-22 1.423959124386345866e-19 1.202541201408886271e-21 1.492378515562260382e-22
4.802000000000000000e+03 1.465607886357559530e-20 1.761460307124809424e-20 1.739506606526834184e-22 1.421053385749733868e-19 1.200630564224838654e-21 1.489493542817792284e-22
4.812000000000000000e+03 1.461848736529660078e-20 1.753255681510936118e-20 1.735685167007475343e-22 1.417974164982818956e-19 1.197821315426803839e-21 1.486158327201113776e-22
4.822000000000000000e+03 1.457952892649631588e-20 1.745104147839695819e-20 1.731148596013809402e-22 1.414628583640059289e-19 1.196921013201806999e-21 1.482590649226751073e-22
4.832000000000000000e+03 1.453974024705420916e-20 1.737004107096596250e-20 1.725858935888336581e-22 1.411132722681788542e-19 1.199057113229743208e-21 1.478931396977547734e-22
4.842000000000000000e+03 1.449916046288490246e-20 1.728949700192639666e-20 1.719570101738554835e-22 1.407507713311712288e-19 1.203862512399338576e-21 1.474930716535002969e-22
4.852000000000000000e+03 1.445804475838188405e-20 1.720928971066116264e-20 1.710098246307118567e-22 1.403765919384653652e-19 1.210396725655822045e-21 1.468819142115534121e-22
4.862000000000000000e+03 1.441637840551511989e-20 1.712973679265365585e-20 1.700814422717113995e-22 1.399911901029047623e-19 1.217431031643457494e-21 1.462881248935530413e-22
4.872000000000000000e+03 1.437455493394111344e-20 1.705094783342888922e-20 1.690666239772890585e-22 1.396013485208495791e-19 1.223890744816458276e-21 1.456182143992459761e-22
4.882000000000000000e+03 1.433251337741816275e-20 1.697271211499690755e-20 1.679755477474153485e-22 1.392081846620840860e-19 1.228896647103668634e-21 1.448675202279468590e-22
4.892000000000000000e+03 1.429041937169325042e-20 1.689512854433976425e-20 1.667806468042690622e-22 1.388125817886636319e-19 1.231873950114884417e-21 1.440083776043653405e-22
4.902000000000000000e+03 1.424840046786383273e-20 1.681838842495250333e-20 1.654950173679547796e-22 1.384146705323447601e-19 1.232453654034467815e-21 1.430464906137445181e-22
4.912000000000000000e+03 1.420637463360200374e-20 1.674239601120819278e-20 1.640982512786899354e-22 1.380130592926605936e-19 1.230602339157664928e-21 1.419670988042857506e-22
4.922000000000000000e+03 1.416446173603222459e-20 1.666738298690628355e-20 1.626210472126007219e-22 1.376085296117000552e-19 1.226359408262490954e-21 1.407944874080507983e-22
4.932000000000000000e+03 1.412266971532675579e-20 1.659342208549725859e-20 1.610622690844667554e-22 1.372011808239057434e-19 1.219898735313262695e-21 1.395307202225317574e-22
4.942000000000000000e+03 1.408104528491192969e-20 1.652067874986720620e-20 1.594351082292216001e-22 1.367923085527116676e-19 1.211425276753120575e-21 1.381888048631221472e-22
4.952000000000000000e+03 1.403959289952428416e-20 1.644918053349971846e-20 1.577520000309632368e-22 1.363830500466062868e-19 1.201387360293476208e-21 1.367841685637519224e-22
4.962000000000000000e+03 1.399836975174636266e-20 1.637911709034159412e-20 1.560275756786831211e-22 1.359747812470466332e-19 1.190312790806022406e-21 1.353347842077814863e-22
4.972000000000000000e+03 1.395739469547894028e-20 1.631049615562134220e-20 1.542747965561773187e-22 1.355684797420630464e-19 1.178696637757787218e-21 1.338568376389126483e-22
4.982000000000000000e+03 1.391668623833878256e-20 1.624335318362994172e-20 1.525083427879043051e-22 1.351650410185440714e-19 1.166919612871930803e-21 1.323662901491525662e-22
4.992000000000000000e+03 1.387627572290474286e-20 1.617786960323413995e-20 1.507435193944508276e-22 1.347642777829787878e-19 1.155155143679646652e-21 1.308769033171599899e-22
5.002000000000000000e+03 1.383617055152868798e-20 1.611412901268469926e-20 1.489960254741189534e-22 1.343666909584072516e-19 1.143228086586615736e-21 1.293982713666628108e-22
